"X1","X2","X3","X4","X5","X6","X7","X8","X9","X10","X11","X12","X13","X14","X15","X16","X17","X18","X19","X20","X21","X22","X23","X24","X25","X26","X27","X28","X29","X30","X31","X32","X33","X34","X35","X36","X37","X38","X39","X40","X41","X42","X43","X44","X45","X46","X47","X48","X49","X50","X51","X52","X53","X54","X55","X56","X57","X58","X59","X60","X61","X62","X63","X64","X65","X66","X67","X68","X69","X70","X71","X72","X73","X74","X75","X76","X77","X78","X79","X80","X81","X82","X83","X84","X85","X86","X87","X88","X89","X90","X91","X92","X93","X94","X95","X96","X97","X98","X99","X100"
1.18365164101121,0,0,-0.181022993344351,0.0411563961260896,0,0,0,0,0,0,0,-0.0876887200482768,0,0,0,0,0,0.0495764888860064,0,0,0,0,0.0699668177447179,-0.0675535768032833,0,0,0,0.0616081760378134,-0.0827684254905645,0.0651563485019293,0,0,0,0,0,0.0707833735486011,0,0,0.0921945213674906,0,0,0,0,0,0.0178758849434323,-0.0335702193972829,0,0,0,0,0,0,-0.0733663706921061,0,0.144675939180608,0,0,0,0,0,0,-0.199332679491633,-0.0855196403690122,0,0,0,0,0,0,0,-0.0173848573806578,0,0,0,0,0,0,0,0,0,0,-0.0963282469763674,0,0,0,0,-0.0640874424687782,0,-0.024380914286026,-0.0696159679448352,0,0,0,0,0.0731476896404332,0,0.00214947473386319,-0.0923075021697865,0
0,1.27411277631395,0,-0.0324821151020664,0,-0.0589747358755937,0,0,0,0,0.0192681483312658,-0.0121814101500584,0,0,0.0379366465015871,0,0,0,0,0,0,0,0,0.124618604706554,0,0,0,0,0,0,0,0,-0.0422482069612874,0.039470185220633,-0.170528947155143,0,0.0314933373359153,0,0,0.203459837083928,0.020670011711225,0,-0.0375410734569295,0,0,-0.0452696522366494,0.0538544881338053,0,-0.259101132311435,0,0,0,0,0,0,0.0780040797987709,0,0,0,0,0,0,0,0,0,0.0330707544157086,0,0,0,0.000870912253229179,-0.0345393421947554,0,0,0,0,-0.210906460893544,0,0.0237052887530477,0.133889450138027,0,-0.0923395593048791,0,0,0,0.0202181686916031,-0.0107832207305323,0.115103809188009,0,0.0512589864743475,0,0,0,0,0,0,0,0,0,0,0
0,0,1.30874441192963,0,0,0,0,0.00182361587837013,0,0.0425990562838708,0,0,0.0184985945721329,-0.0326208652313704,0,0.0096273823011301,0,-0.0444946876775554,0,-0.0382672257487838,0,0,0.201428616077892,0.00398278070936495,0,0,-0.0176144576221418,0,0,0,0,0,0,0,0.071314978852173,0.0317115959968386,0,-0.0514752599279364,0,0,0,-0.0113452260603959,-0.0399176216029531,0,0,0.129616935444167,0,0.0653669578467891,0,-0.0090199299443596,0,-0.234333797575353,0,0.0147987254534892,0,0,0,-0.00059714116862986,0.0770436979885648,0.0046734710187194,-0.0432082784900324,0,-0.0276276847579336,0,0,-0.0227619496432076,-0.00402396016168888,0,0,0,0,0.144408623191536,0,0,0,-0.0463919834372222,0,-0.0249806823940931,0.00140274019629206,0,0.00438110903037869,-0.104514542843464,0,0,0.152061902083288,0,0,0,0,0.0387512838928598,0,0,0,0.0515269453540317,0.00622204182131081,-0.309326779754962,0,0,0,0.0886227775381258
-0.181022993344351,-0.0324821151020664,0,1.21140567414685,0,0,-0.0358109023009939,0,0,-0.0415182607294568,0,-0.152988479079826,-0.0337701252959943,0,0,0,0,0,-0.10347617915155,-0.0284786888400557,0,0,0,-0.043303042958933,0,0,0,0,0,0,0,0,0,0,0,0,0,-0.153384070650003,0,0,0,0.00793087399157823,0,-0.0501311223324089,-0.0171614611563494,0,0,-0.0317934498919733,-0.029518168021956,0,0,0,-0.0561747189044736,-0.00189225913964638,0.0282358328983916,0,0,0.00322874816985558,0,0,0,0,0,0,0,0.0661505790115187,0,0,0,0,0.0540832866907795,0,-0.0317036226049628,0,-0.131237558890263,-0.020594828223997,0,0,0,-0.128954158622108,-0.0487648809929154,0,0,0,0.20011998221004,0,0,0,0.0906670278673006,0,0,0,0,0,0,0,0.0809031478503777,0,-0.0184213210566778,0
0.0411563961260896,0,0,0,1.07946189216671,0,0,0,0,0,0.00483404227230721,0,0,-0.0252831462385628,0.0861350538545191,0,-0.0477240751041738,0,0,-0.0353108115857301,0,0.0685552898200283,0,0,0,0,0,0,0,0,-0.0187538159415064,0,-0.0549371668702478,-0.0408328912925767,0,0,0.13201406495768,-0.00431852035694193,-0.128599506123261,0,0,0,-0.0166177675468182,0,0,0,0,0.0416504413778087,0,0,-0.00561357192772691,0,0,0,0.0200543552586232,0,0,0,0,0,0,0,0.040314966932677,0,0,0,0,0,0,0,0,0.00706756108008515,0,-0.12336917298473,0,0,-0.0189334386728494,0,0,0,0,0.00291973433669128,0,0,0,0,0,0.0324194192467594,0,0,0,-0.00345953851548845,0,0,0,0,0,0,0,0
0,-0.0589747358755937,0,0,0,1.15542543227162,0.0861176308017034,-0.0738283844897524,0,0,0.0192672971915797,0,-0.0239803589182641,0.00964146737529014,0,0,0,0,0,0,-0.0266511007382699,0,0,0,0,0,0.0365280932894247,0,0,-0.0522301424839401,-0.0863913141655666,0,0,0.0794631147527546,0,-0.0240452327820189,0,0,0,-0.0387493841528196,0,0,0,-0.106107766123292,-0.0255338801509322,0,0,0,0,0,0,0,0.0649866542136125,0,0,0,0,0,0,-0.0455223447841287,-0.135528583982796,0,0,0,0,0,0,0,0,-0.0880884746494603,0,0,0,-0.000117215106038281,-0.163413808031068,0,0.0574615076615387,0,0.0600850045868692,0,0,0,0,0,0.0577069681906594,-7.21556151063778e-05,0,0.0807612789424851,0.0315820466159524,0,0,0,-0.0509104133161449,0,0,-0.032143500443065,-0.0277210473887358,0,0,0
0,0,0,-0.0358109023009939,0,0.0861176308017034,1.14441597587046,0,0,0,0,0,-0.0441240533894191,0,0,0,-0.00436742262207708,0,-0.0638222063046515,-0.0117832705284176,0,0,0,0,-0.0433647828724517,0,0,0,0,-0.206079887507014,0,0,-0.0232231318938727,-0.0942457292965707,-0.0753725829348978,0,0.119042536378602,0,0,-0.044817813173476,0.0960905917736101,0,0,0,-0.00819544767809187,0,0,0,0,0,-0.0514410473631095,-0.0418831128008163,0,0,0,0,0,0,-0.00763821886494064,0,0,0,0,0,0,-0.0523314728204024,-0.0497706936714857,0.047007211310329,0,0.119311048031681,-0.0253890635118754,0,0,0,0,0,0,0,0,0,-0.0590912373174516,-0.0203169126132523,0,0,0,0,0,0.0670272020048748,0,-0.00794048199639702,0,0.00550809119387631,0,0,0,0,0,-0.0495431516270018,-0.0195779189010361,0
0,0,0.00182361587837013,0,0,-0.0738283844897524,0,1.33270763893243,-0.0388125259788719,0,0.0525500546927248,0,0,0,0,-0.0523700602044741,-0.0228847749868919,-0.14498042189126,0.105594629888106,0,0,0,0,0,0,0,0,0,0.0507332399253894,0,0,0.00568286274854324,-0.0851256008879259,0,-0.0913367216545587,0,0.0733925420329939,-0.0746503903313589,0.0751489492403819,0.0362997961203866,-0.0687123630369479,-0.00987334692297576,0,-0.0646556519509641,-0.0110831894332882,0,0,0.069822786087659,0.03707471476787,0,0,-0.0606941087738458,-0.121909787051519,-0.210399592141259,0,-0.0473014596943952,-0.00770255924855082,0,-0.183311426515893,-0.0473723545755607,0,0,0,0,0.0735259914027387,0,0,0.157304389841539,0.104076918199477,-0.0105534058983847,0,-0.0116845941886277,-0.0327815976888967,0,0,0,0.100892473585321,0.0139551132956805,0.00406840772930476,0,0,0,-0.0860162060421484,0,0.00119799087812092,0,0.0241844692707919,0,0,-0.238135742452841,-0.0679581071381175,0,0,0,0,0,0,0,0,0
0,0,0,0,0,0,0,-0.0388125259788719,1.23638513648382,0,0.10194234495159,0,0,0,0.0422146725883421,0.106185979896091,0,0,0,0,0.0588525705119578,-0.245726276659479,0,0,0,0,-0.0665673718026402,0,0.0792410279657946,-0.104665868072257,0,0,0,0,0,0,0,-0.0707465911557806,0,0,0,0,0,0,-0.00111950241820045,0,0,0,0,0,-0.0511066979058315,0,0,0.0510738089072885,-0.144240367213779,0,0,0,0,0,0,0,0,-0.0453126775065807,0.119014979255758,-0.056800198911871,-0.0603387500830209,0,-0.0171124438146816,0,-0.0419563875656851,0,0,0,0,-0.0480946672107699,-0.154637567505902,0.0871437672275408,0,0,0,0,-0.0579640257726689,0,0,0,0,0.00833723823148491,-0.0140688963457925,0.0205942597721311,0,-0.00140318756680359,0.00259149590574547,0,0,0,0,0.0338180556868402,0,0.111662716194866
0,0,0.0425990562838708,-0.0415182607294568,0,0,0,0,0,1.23356329134678,0,0,0,-0.00682559499770254,0,0,-0.202968653843491,0.0276967388116179,-0.0198009990842058,0,0.0453198793712242,0,0,0,0,0,0.0084092670885953,0,-0.044633779278217,-0.0684536714862594,0.112029853399278,0,0.0360874169358693,0.0893936486680924,0,-0.0313149430669594,0,0,-0.00664183919095429,0,0,0,0,0,0,0,0,0,0,0.0613528642701887,0,0,0,0,0,-0.201148484018473,0,0,0,0,0.0426437975664121,0,0,-0.0867530263707744,0,0,0,-0.0797395527482913,0,0,0,0,0,0,0.0359192583886398,-0.0854456638133552,0,0,0,0,0,0,0.105755310402216,-0.117608408341729,0,0,-0.104515307216338,0,-0.00661181848738162,0,0,0,-0.0923899832801845,-0.0881601072682432,-0.0543138566183558,0,0.000914659630410867,0,0,-0.101219639037642
0,0.0192681483312658,0,0,0.00483404227230721,0.0192672971915797,0,0.0525500546927248,0.10194234495159,0,1.45391750147534,0,0,0.0781862824983893,0,0.0579065938060714,0.203139134252891,-0.0500484368238558,0,0,0,0.042864303757083,0,0,0.000787980465839932,0,0.0728091450617645,0,0,0,-0.0204879141185941,0.00251360475775882,0,0.0152427815898237,0,0.045347497681132,-0.108523778192115,0,0,-0.0266725159261393,0.0321939641037347,0.0803992467885607,0.0107059189753271,0,0.0595431824620101,0.24989755187861,0,0,0,0,0,0,0,0,0,-0.0557340933482573,0,0,0,0,0,0,0,-0.00281731891959748,0,0,0,-0.0915239245265816,0,-0.357607854556419,-0.179832566373162,0,0,0,-0.165256818513373,0,0,0,0,0.121685187880308,0,-0.11474757766278,0,0,0,0,0,0,0.100288960510249,0,0.0307765622622546,0,0.050934485547967,0,0,0.220303028390932,0,0,0,0
0,-0.0121814101500584,0,-0.152988479079826,0,0,0,0,0,0,0,1.23351515555764,0,-0.0461134589961984,0.0437310697093141,0,-0.0749274588259161,0,0,0,0,0,0,0,-0.0159242093708057,-0.0220462222379268,0,0,-0.114527859446178,0.0567758744658933,0,0,-0.0554187105189871,0,0,0,-0.00966796731827938,0,0,-0.0428372752964439,0,0,0,0.0432785490105249,-0.00647997379029823,-0.0580539215171647,0,0,0,0,0,0,0,0,0,0,-0.222567298232516,0.0296235129686144,0,0.0351153868007651,0,0,0,0,0,0,0,0,0,0,0,0,0,0,0.029728753270158,0,0,0,0.15809362531216,0,0,0,0.10388617531032,-0.124735806285588,0,-0.117139814479072,0,0,0.14017166931063,0,0,0,0.0194352577125047,0,0,0,0,-0.0349182357466016,0.125162029421785,0
-0.0876887200482768,0,0.0184985945721329,-0.0337701252959943,0,-0.0239803589182641,-0.0441240533894191,0,0,0,0,0,1.20727966411902,0,0,-0.0236151049397249,-0.0196631214079094,0,-0.00265546314462348,0.0384842859031027,0.0240120902501856,-0.106049135415319,0,-0.0183914324604889,0,-0.0690971709101326,0,0,-0.10398591669227,0,0,0,0,0.0564930120401196,0,0,0,0,0,-0.0994767202255808,0,0,0.038144014622547,0.0909586886365446,0,0,0,0,0,-0.15577909026311,0,0,0,0,0,0,0.0322346348448894,-0.0494599755696727,0.00234603527022271,0,0,-0.111628929779063,0.0307580646287151,0.0518148836593083,-0.000340673562245354,0,0,-0.000163238327622958,0,-0.0481691059891704,-0.048309661053101,-0.223474630606234,0,-0.0789643474480678,0,0,0,0,0,-0.0908250091157289,0,0,0,-0.121356239039124,0,0,0,-0.0307925732958334,0,0,0,0.0329713013166232,0,-0.017172896619498,0,0,0,-0.0358160392125661,0,0
0,0,-0.0326208652313704,0,-0.0252831462385628,0.00964146737529014,0,0,0,-0.00682559499770254,0.0781862824983893,-0.0461134589961984,0,1.16128928391711,0.0160439171222663,0,-0.224709208083089,0,0,0,0,-0.0201266170145618,0,0,0,-0.017998350260655,-0.0749143306255754,0,0,0,0,-0.0796792002315103,0,0,0,0,0,0,0,0,0,0.0528844941691213,0,0,0,-0.0260068772190867,0.0591799464421804,0,0,0,0,-0.0174827917613013,0,-0.121993627331711,0,0,0,0,0,0,0.093901436123435,0,0,0,0,0,-0.00067015999106367,-0.0660386659987846,0,-0.0143647594984187,0,0,-0.0434184149657874,0,0,-0.0644817779120706,0,0,0,-0.000360036754540315,0,0.0277783479774845,0,0,0,0,0,-0.0901309422534789,-0.0686544605170287,0,0,-0.0182874724025238,0,0,-0.089813093013401,0,0,0,0,0
0,0.0379366465015871,0,0,0.0861350538545191,0,0,0,0.0422146725883421,0,0,0.0437310697093141,0,0.0160439171222663,1.3248679987957,0,0,-0.162107464158042,0,0,0,0,0,0,0,-0.00836466932674743,0.0609690097685095,0,0,0,0,-0.0738115610802285,0,0,0,-0.00832794801098386,0,0,0,0,0,-0.014845157737397,-0.178399290473233,0.0899812465550893,0,0.07659520854071,0,0,0,0.111922962055891,0.0573461198230712,0,0,-0.0627973781791535,0.0810444710274375,0,0.00473661947210622,0,0,-0.00790663747061485,0,0,-0.00110870581977895,-0.267855036587318,-0.0172453251439312,0.0145302691231456,-0.0315253926956698,0,0.18826160490173,-0.058101140185633,0,0,0,0,0.209390616333919,0,0.0187582451191015,0,0,0,0,0,-0.0929394463211585,-0.0527301285715372,-0.0263769405311613,0,0,0,-0.0994317699836015,0.0887204932746457,-0.0161465634719435,0,-0.0616689030860544,0,0,0,0.149398969833923,-0.0616969557806888,0,0
0,0,0.0096273823011301,0,0,0,0,-0.0523700602044741,0.106185979896091,0,0.0579065938060714,0,-0.0236151049397249,0,0,1.20180688851504,0,0,-0.0253267240116769,0.0902915958186619,0,0,0,0,0,0,0,0,-0.0147093617403049,0.00966437883492091,0,-0.0125838702014117,0,0,0,0,0,0,0,0,0,-0.0633603062942891,0,-0.113239317724889,0,-0.109765333396994,0,0,0,0,0,-0.0574430068667242,0,-0.0560312918582309,0,0,0,0,-0.0232873442030985,0.0819811144938424,-0.358330173727486,-0.0371249178279263,0,0.0535831678129752,0,0.0759177315712966,0,0,0,0,0.0301465844952297,0,0,0,0,0.0571826796053232,0,0,0,0,0,0,0,0,0,0,0,0,0,0,0.0555505122818071,0,0,0.0136567964317479,0.0493615552262161,0,0,0,0,0
0,0,0,0,-0.0477240751041738,0,-0.00436742262207708,-0.0228847749868919,0,-0.202968653843491,0.203139134252891,-0.0749274588259161,-0.0196631214079094,-0.224709208083089,0,0,1.61812485197951,0,-0.0287763758796492,0,0,-0.00769261420724752,0,0,0,0,0,0,-0.0132737473689708,-0.00828554297417658,0,0,-0.0451181298251608,0,0.398700664331668,0,-0.0276625541796404,-0.0532260591291576,0.00270397409966168,0,0,0,0,-0.023361091412693,-0.0683862544838238,0,0.108443029282499,0,-0.0286392528568306,-0.0908674488689909,-0.0051507449732509,0,-0.00455864747713613,0,-0.0944488867056932,0,0,0,-0.0921869472647229,-0.0918848463490524,0,-0.098431337200188,0,0,0.0147334351969561,0,0,0.0308881229719096,-0.20618428411703,0,0,0,0,-0.159502646483972,0,0,0,0,0,0,0,0,0,-0.161611045618527,-0.0627599307706475,-0.243579698449933,0,0,0,-0.245576041717935,0,0,0,0,-0.11238002824018,0,0.0152377505442851,0,0,0
0,0,-0.0444946876775554,0,0,0,0,-0.14498042189126,0,0.0276967388116179,-0.0500484368238558,0,0,0,-0.162107464158042,0,0,1.18444564106638,0,0,0,0,0,-0.0037432112875844,0,0,0,0,0.0243914362630156,0,-0.124478583663067,0,0,0,-0.0891640207756596,0,0,0,0,0,0,-0.0635602611846905,0.0347399326764415,0,0,0.0384549835312266,0,0,-0.074515578379745,0,0,0,0.0454224551920709,0,0,0,0.162401228718841,0,0.0502226943764312,-0.066537776338367,0,-0.139314429600203,0,0.00972834865390385,0,-0.0529710527697912,0,0,0,0,0,0,0,0,0,0,0,0,0,0,0.142912604930265,0,0,0,0,0,0,-0.105964286848442,0,0,0,0,0.0131258845154211,-0.0711621617049539,0,0,0,0,0,0
0.0495764888860064,0,0,-0.10347617915155,0,0,-0.0638222063046515,0.105594629888106,0,-0.0198009990842058,0,0,-0.00265546314462348,0,0,-0.0253267240116769,-0.0287763758796492,0,1.15822901587222,-0.0180680795789509,0,-0.0556235867030609,0,-0.0450915082727614,0,-0.0501928987682916,0,0,0,0.0488541884170734,0,0,0.00447235933668726,0,0,0,0,0,0.124003841176858,-0.0472214907339493,0,0,0,-0.0100633153636667,0,-0.121521681260748,0,0,0,0.0727999407971822,0,0,0,0,0,-0.00150944663465179,0,0,0,0,0,0,0.00555708310452248,0.041315062958919,0,0.0429876704121865,0,0,0,0,0,0,0,-0.0968313675943892,0,0,-0.0846343520058421,-0.089356415364022,-0.0221444984844447,0,0,0,0,0,0.118996982792344,0,0,0,0,0,0,0,0,0,-0.0454651891283509,-0.0701747700670153,0,0,0,-0.0989926143264024
0,0,-0.0382672257487838,-0.0284786888400557,-0.0353108115857301,0,-0.0117832705284176,0,0,0,0,0,0.0384842859031027,0,0,0.0902915958186619,0,0,-0.0180680795789509,1.1583214111443,0,0,0,0,0,-0.075371011517415,-0.110509828414338,-0.102557460060991,0,0,0,0,0,0,0,0,-0.0457352766523614,-0.0621929532702664,0.0596572541703552,0,0.0653292279835336,0,-0.0131568172100204,0,0.101496922421474,0,0,0,-0.127818329529739,0,0,0,0,0,0.0336032825822457,0,0,0.13432989339786,0,0,-0.0486352229479585,0,0,0,0,-0.00419858490297855,0,0,-0.0147739737033144,0,0,0,0,0,0.0277916840132812,0,0,0,0,-0.154071270957038,0.0129096520997912,0.0346925645447994,0,0,-0.115494435528185,-0.0389821647701694,0,0.0197461473610461,0,-0.039165838690338,0,0,0,0,0,0,0,-0.0399874931118801,0,0
0,0,0,0,0,-0.0266511007382699,0,0,0.0588525705119578,0.0453198793712242,0,0,0.0240120902501856,0,0,0,0,0,0,0,1.10778995091237,0,0.0323848191971798,-0.0523051267522804,0,-0.0848787641775613,-0.0539727725007879,0,0,-0.027169253233127,0,-0.00755195950777897,-0.0450198542411949,0,0,0,0,0,0.0670629327244468,-0.0304283411689793,0,0,0,-0.0191259942644958,0,0,0,0,0,0,0,0.0891732330161122,0,0,0,0,0,0,0,-0.0836928413055857,0,0,0,0,0,0,0,0,0,0,0,0,0,0,-0.0343951695500621,0.0540474306973689,0,0,8.94453815076363e-05,0,-0.0477067468875609,-0.115463262270863,0.0373787900460269,0,0,-0.0125918083193246,0.0262992468533499,0.143825339836315,0,0,0,-0.112795071113913,0,0,-0.037454409705032,0,0.0242951506308556,0,0,0
0,0,0,0,0.0685552898200283,0,0,0,-0.245726276659479,0,0.042864303757083,0,-0.106049135415319,-0.0201266170145618,0,0,-0.00769261420724752,0,-0.0556235867030609,0,0,1.17602535371738,0.12252895734072,0,0,-0.0052611463064342,0,0,0,0,0.0610628955648247,0,0,0,0,0,0,0,0.00927370815183983,-0.0339753174111243,0,0,0,0,0,-0.113038184509374,0,0,0,0,-0.0390991761578239,-0.0484151144158049,0,-0.00668647748483227,0,0,0.0851295785343195,0,0,0,0.17522104438981,-0.0217835723538164,0,0,0,0,0,0.00335751671529483,-0.0277139267974475,0,0,0,0,0,0,0,0.0593584357187552,0,0,0,0,-0.0200682198886361,0,0,0.0924979852040844,0,0,-0.0742650692447073,0,0,0,0,0,0,0,-0.089286503534307,0,0,0,-0.0571721385222422
0,0,0.201428616077892,0,0,0,0,0,0,0,0,0,0,0,0,0,0,0,0,0,0.0323848191971798,0.12252895734072,1.40605721680644,0.0815317219738066,0,0,0,0.120405453115316,0,-0.190139990963253,0,-0.00569707025104843,0.0868098823431155,0.120912721781247,0,0,0,0,-0.0283275631089232,0,0.0371430096044141,0,0,0,0,-0.337493108631717,0,0,0.172792405057941,0,0,0,0,0,0,0,0,0,0,0,0,-0.0208692385184351,0,0,0,0,0,0,0,0,0,0,0,0,0.00863220629377823,-0.0234349547104249,0,-0.0232310912923451,0,0.106407847317798,0,0.0244466616647504,0,-0.0450734094971581,0.130991018852565,0.0224243418136683,-0.148212742466817,-0.00605656774722023,0.172778409895411,0,0.0209360742910166,0,0,-0.0373440328942397,0,0.165392542018576,0,0,-0.0431886943259934,0
0.0699668177447179,0.124618604706554,0.00398278070936495,-0.043303042958933,0,0,0,0,0,0,0,0,-0.0183914324604889,0,0,0,0,-0.0037432112875844,-0.0450915082727614,0,-0.0523051267522804,0,0.0815317219738066,1.17710225780891,0,0,0,0,-0.00357198602947924,0,0,0,0,0,0,0,0,0.00479204753010258,0,-0.0705662683376161,0,0,0.00262113231247625,0,0,0.0474854741935159,0,0,-0.00229816250473087,-0.0899224684235403,0,0,0,0,0.0359894336590648,0,0,0,-0.00597093627349974,0,-0.198877688799941,0,0,0,0,-0.0851008133911472,0.136203641731655,-0.0183190358290168,0,0,0,0,0,-0.101093308692668,0,0,0.00265106645955965,0.0955471441995045,-0.0344176106454078,0,0,0.00527011286070622,0,0,-0.0845654280750007,0,0,0,0.106509834999979,0,0,0,0,0,0,0,0,-0.0129857215106031,0,-0.0599579651903149
-0.0675535768032833,0,0,0,0,0,-0.0433647828724517,0,0,0,0.000787980465839932,-0.0159242093708057,0,0,0,0,0,0,0,0,0,0,0,0,1.14327596196548,0,-0.121953766296216,0,0,0,0,0,0,-0.169907578512048,0.0346744196553277,0,0,0,-0.0136123241266358,0,0,0.0621536191239127,0,0,0,-0.100514026979459,0,0,0,-0.0892385837731664,0,0,-0.0486872591768177,0,0.0761648787354734,0,0,-0.0244000411246865,0,0,0,0,0,0,0,-0.0965105090414742,-0.0410455651292028,0,0,0,0,0,0,-0.109215399356291,0,0.0376406495581122,0,0,0.117956294972588,0,0,0,-0.00439683020394851,0,0,-0.00315922471954879,0,0,0,-0.0525288299083879,0,0,0.0715604601459683,0.0999936044020721,0,0,0,0,0,0
0,0,0,0,0,0,0,0,0,0,0,-0.0220462222379268,-0.0690971709101326,-0.017998350260655,-0.00836466932674743,0,0,0,-0.0501928987682916,-0.075371011517415,-0.0848787641775613,-0.0052611463064342,0,0,0,1.17947719929775,-0.1022354002283,0,-0.00718088798661275,0,0,0,0,0.0422458152773024,-0.134601598898692,0,0,-0.0447436581163142,0.0849373809196241,-0.0549938517029161,0,0,0,0.0066441628087533,0,0,0.0207665099714061,0,-0.0862856058858249,0,0,0,0,-0.0202098615343292,0,-0.285103785749411,0,-0.0913061719935274,0,0,0,0,0,0,0,0,0,-0.0112765599245656,0,0,0,-0.0576114057181819,0,0,-0.0461847047035532,0,0,0,0,0,0,0,0,-0.066714777630653,-0.0249737951989495,0,0,0.0352617531970838,0,0,0.0132058981588998,0,-0.0543386492387572,0,-0.0223713680239956,-0.0317901969869644,0,0,0.016928825164132,0
0,0,-0.0176144576221418,0,0,0.0365280932894247,0,0,-0.0665673718026402,0.0084092670885953,0.0728091450617645,0,0,-0.0749143306255754,0.0609690097685095,0,0,0,0,-0.110509828414338,-0.0539727725007879,0,0,0,-0.121953766296216,-0.1022354002283,1.19904418925459,-0.0594387874134683,0.00461220236665019,0,0,-0.0119764846655037,0,0,0,0,0,0,0,0,0.0832432542297438,0,0,0,0,0,0,0,0,0,0,-0.0537842383624529,0,0,0,0,-0.0292596407243479,-0.0111700158355278,0,0,0,0,0.0182558919954693,0.0593184297624603,0,-0.0586214181403177,0,0,0,0.00700737480841833,0,-0.012509124648068,0,0,0,-0.078935814359955,-0.0914397722842596,0.0644024493389755,0,-0.208576870754662,0,0.0494354066968691,0,0,0.0220266436159962,0,0,0,0.0434901644677678,0,0.0381179134084715,0,0,0.0615187482368395,0,0,-0.0369744103117499,-0.0207294315557176,0.0121577346391384,0
0,0,0,0,0,0,0,0,0,0,0,0,0,0,0,0,0,0,0,-0.102557460060991,0,0,0.120405453115316,0,0,0,-0.0594387874134683,1.29586779038121,0,0,0,0,-0.168223118892336,0,0,-0.076196676120821,0,0,0,0,-0.0960790268292483,0,0,0,0,0.0124699860575696,0,0,-0.0493983676576641,0,0,0,0,0.0508191947065124,0,0.0423532959560238,0.027872540931776,-0.0139985788249447,0.0449110785655027,0,0.403641526209647,0,0.0346074730320156,0,-0.000372695322328585,0,-0.187739410320479,-0.14256645406337,0.0285331786001181,0,0,0,0,0,0,0,0,0.0607066105901905,-0.0121091669542188,0,0,0.0697101179429501,0,0,0,0.105651513810964,0,0.0351537482862441,0,0,0,0,0,0,0,-0.0657285932367703,0,-0.0175145000537514,0,0
0.0616081760378134,0,0,0,0,0,0,0.0507332399253894,0.0792410279657946,-0.044633779278217,0,-0.114527859446178,-0.10398591669227,0,0,-0.0147093617403049,-0.0132737473689708,0.0243914362630156,0,0,0,0,0,-0.00357198602947924,0,-0.00718088798661275,0.00461220236665019,0,1.37290206316275,0,0.0135965330759554,0,0,0,0.0503280198647754,-0.0264136529024658,0,0,0,-0.0930412284828195,0,-0.0125399170332668,0.0164527326938262,-0.0507764229842613,0,0,0,0,0,0,0,0,0,-0.0240690809604931,0,0,0.00477356166785562,0.064624506058652,0,0,-0.140362275758621,0,0,0,-0.0730358563208181,0,0,-0.116315369387932,-0.106264680737981,-0.209675591936759,0,0.00497294074577512,0,0,0,0.0648213513359426,0,0,0,0,0.0128892908537618,-0.199159489089885,0.0054045589633616,-0.102335915143985,0,0,0,0.0934198131794561,0,0,0.0544710800694335,0,-0.0684238054384915,-0.145600853584701,-0.0889013380948857,-0.0584581592030948,0,-0.0398739713691266,0,0
-0.0827684254905645,0,0,0,0,-0.0522301424839401,-0.206079887507014,0,-0.104665868072257,-0.0684536714862594,0,0.0567758744658933,0,0,0,0.00966437883492091,-0.00828554297417658,0,0.0488541884170734,0,-0.027169253233127,0,-0.190139990963253,0,0,0,0,0,0,1.33993558259783,0,0,0,0,0,0,0,-0.0205855171560433,-0.200873640049828,-0.10338484131309,0,0,-0.11741999243121,-0.0178695964541968,0,0,0,0,0,0,0,0,0.149602293441205,-0.0032709291377062,0,0,0,0,0,0,0,0,-0.0279314730284792,0,0.0117829954019232,0,-0.000120903647302697,0.0285289190176102,0,0.0359659444562491,-0.190067390481472,-0.0700014241853551,0,0,0,-0.0466292723862727,-0.0134685469927491,0,0,0,0,0,-0.0491045744759204,0.132594458306869,-0.155877768197099,-0.15189006074781,0,0,0,-0.0152371352570926,0.178818956857846,0,0,-0.0373344395784657,0,0.0943622456327668,0,0,-0.00243918210190622,0
0.0651563485019293,0,0,0,-0.0187538159415064,-0.0863913141655666,0,0,0,0.112029853399278,-0.0204879141185941,0,0,0,0,0,0,-0.124478583663067,0,0,0,0.0610628955648247,0,0,0,0,0,0,0.0135965330759554,0,1.1586209203835,0,0,0,-0.0488852962601995,0,-0.0479991260858555,0,-0.0828427053840657,0,-0.0554472856746923,0,0,-0.110374539879569,0,0.144027182012183,-0.146181363146141,0,-0.0339206588637922,0,0,-0.0445093402751488,0.0180418618258785,0,0,0,0,0,0,-0.0616773705625645,0,0,0,0,0,-0.00259193410222391,0,-0.0201484635788812,0.0070099881329871,0,0,0,-0.0275105568812505,0,-0.0408458168655476,0,0,0,0,0,0,0,0,0,0,-0.0235252739110734,0,0,0,-0.0264656892619261,0,0,0,0.123324606254357,0,0,0,0,0,0
0,0,0,0,0,0,0,0.00568286274854324,0,0,0.00251360475775882,0,0,-0.0796792002315103,-0.0738115610802285,-0.0125838702014117,0,0,0,0,-0.00755195950777897,0,-0.00569707025104843,0,0,0,-0.0119764846655037,0,0,0,0,1.16842566203363,0.0206377122090258,0,0,-0.0985992748801304,0,0.180552804221744,0,0,0,0,0,0,0,-0.0070111711082704,0,0.00173475015408244,0,0,0,0,0,0,0,0,0,0.0992449929915462,0,-0.0208217688076326,0,-0.0201617880713765,0,-0.0901533920552984,0,-0.0417608449702322,0,0.0726670896388587,0.00106057568805008,-0.00503413101698858,0,0,-0.0136615274790847,-0.19753380520808,0.00317725826467085,0,0,0,0.0134772321906896,0,0,0,0,0,0,0,0,-0.165588314616914,0.00981174489619364,0.0160418925111283,0,0,-0.023460181227141,0.122369882249022,-0.0232951997687854,0,0,0,0,-0.0455307383552069
0,-0.0422482069612874,0,0,-0.0549371668702478,0,-0.0232231318938727,-0.0851256008879259,0,0.0360874169358693,0,-0.0554187105189871,0,0,0,0,-0.0451181298251608,0,0.00447235933668726,0,-0.0450198542411949,0,0.0868098823431155,0,0,0,0,-0.168223118892336,0,0,0,0.0206377122090258,1.13220668989445,-0.0387167119825161,0,0,0,-0.0619998333474034,0,0,0,0,0,0,0,0.0700366073685573,0,0,0,0,0,-0.0148667308394133,0,0,0,0.0263780032122058,-0.0600270700531098,-0.0293008937006369,-0.00342061357942305,-0.0264447566628157,0,0,0,0,0,0,0,0,0,0,0,0,0.0229450441310063,0,0,0,0,0.168191314867351,0,0,0,0,0,0,0,0,0,0,0,0,0.0784676574752038,0.0370433583650542,0,0.0769880150974123,0,-0.000241799578482154,0,0,0,0
0,0.039470185220633,0,0,-0.0408328912925767,0.0794631147527546,-0.0942457292965707,0,0,0.0893936486680924,0.0152427815898237,0,0.0564930120401196,0,0,0,0,0,0,0,0,0,0.120912721781247,0,-0.169907578512048,0.0422458152773024,0,0,0,0,0,0,-0.0387167119825161,1.28910339536529,0,0.0954842674494235,0,0,-0.167211203800662,0,-0.0410430126605611,0,0,0,0.232661740514432,0,0,0.0251020628522364,0.0199676516452052,0,0,0,-0.0535529680144405,0,0,-0.0155847096241206,-0.0259149592080104,0.0825324651749108,0.0249418577860438,0,-0.012002829887878,0,-0.19270758656807,0.0370049929157361,0,0,-0.0475229607902544,0.0990951173369136,0,0.188155396090954,0.023245630025502,0,0,0,0,0.0189353225581873,0.0140055982918226,0,0,0,0,0,0,0,-0.0127052909097392,-0.0623005824734883,0,0.0301424963499656,0,0,0,0,0,0,0,-0.049629422808843,0,0,0,0
0,-0.170528947155143,0.071314978852173,0,0,0,-0.0753725829348978,-0.0913367216545587,0,0,0,0,0,0,0,0,0.398700664331668,-0.0891640207756596,0,0,0,0,0,0,0.0346744196553277,-0.134601598898692,0,0,0.0503280198647754,0,-0.0488852962601995,0,0,0,1.54628040351617,0,0,0,-0.219471833044718,-0.0952189256431957,0,-0.0243747701542658,0,0,0,0,0,-0.109600427554852,0,0,-0.114859701899262,-0.010414863757271,0.0787470147238197,0,-0.0221468333993791,-0.144777553320673,0,0,0,0,0.0951965718149777,-0.180352822101399,0.0793469271549682,-0.0808340901573637,-0.0636553994620923,0,0,0,0.139991893055241,0,0,-0.0182391290367549,-0.0581845010043563,0,-0.165141913868399,-0.00634624206426856,0.0307752185216537,0.0855360336594693,0,0,0,0,0,0,0.123814234137596,0,0.256602315390624,0,0,0,0,0.0933439367102346,0,0,0,0,0,0,0,0
0,0,0.0317115959968386,0,0,-0.0240452327820189,0,0,0,-0.0313149430669594,0.045347497681132,0,0,0,-0.00832794801098386,0,0,0,0,0,0,0,0,0,0,0,0,-0.076196676120821,-0.0264136529024658,0,0,-0.0985992748801304,0,0.0954842674494235,0,1.14182752793589,0,0,0,0,0,0,0,-0.191170029458719,-0.00239041718365823,0.0480147293400274,0,-0.139803052426915,0,0,0,-0.0118747242019397,0.0762380402395844,0,-0.0369369036401726,0,0,0,0,0,0,0,0.0517365225744201,0,0,0,0,0,0.0590700488712545,-0.0543733472534472,0.0195371539489478,0,0,0,0,0.0194173128104798,0,0,0,-0.0647891125202325,0,0,0,0,0,0,0,0,0,0,-0.019372001209778,0,0,0,-0.0615353284791584,-0.0857224019076346,0,-0.0783381750068261,0,-0.0378270715659599
0.0707833735486011,0.0314933373359153,0,0,0.13201406495768,0,0.119042536378602,0.0733925420329939,0,0,-0.108523778192115,-0.00966796731827938,0,0,0,0,-0.0276625541796404,0,0,-0.0457352766523614,0,0,0,0,0,0,0,0,0,0,-0.0479991260858555,0,0,0,0,0,1.19136929477881,0,0,0,0,0,0.0787703924962279,0,0,0,0,-0.0722626798155244,-0.0447198069645503,-0.0569300758901749,-0.0466046034166244,0,0,0.0407375349120221,0,0,-0.0857087985560725,0,0,0,-0.0292690518551351,-0.064851877681464,0,-0.0617607100718899,-0.0638291408681576,0,0.0882414119421889,0,-0.000184027135903903,0,0,-0.130550533712985,-0.00248260832536081,0,-0.0662221615825597,0.0230335356024274,0,-0.119558078290321,0.0168164267947015,0,0,0,0,0,0,0,0,0,0,0,0,0.0279837144572821,0,0.0644627144841619,0,0.0499297558477108,0.12746626087398,0,0.0727305590908982,0
0,0,-0.0514752599279364,-0.153384070650003,-0.00431852035694193,0,0,-0.0746503903313589,-0.0707465911557806,0,0,0,0,0,0,0,-0.0532260591291576,0,0,-0.0621929532702664,0,0,0,0.00479204753010258,0,-0.0447436581163142,0,0,0,-0.0205855171560433,0,0.180552804221744,-0.0619998333474034,0,0,0,0,1.20115562381039,0,-0.0107181296335772,0,-0.131687126444369,0,0,0.0846389396815129,0,0,-0.0404236873288402,0,-0.00658403171587717,0,0,-0.0986658836019501,0,0,-0.0116263980638508,0,0.0791389202147648,0,0,0,0,0,0.109733147510192,0.00713192220985672,0,0,0,0,0,0,0,0,0,-0.13129906085582,0,0,-0.00937258528731844,0,0,0,0,-0.00902866462261214,-0.110355955764352,0,0,0,0,-0.049034003938377,0,0.0317564337140117,0,0.131742513485155,0,-0.0864889208366738,0,0.0158555244226466,0,-0.0440703767366462,0
0,0,0,0,-0.128599506123261,0,0,0.0751489492403819,0,-0.00664183919095429,0,0,0,0,0,0,0.00270397409966168,0,0.124003841176858,0.0596572541703552,0.0670629327244468,0.00927370815183983,-0.0283275631089232,0,-0.0136123241266358,0.0849373809196241,0,0,0,-0.200873640049828,-0.0828427053840657,0,0,-0.167211203800662,-0.219471833044718,0,0,0,1.28865742939733,0,-0.0224088202143964,0,0,0,0.0464883945697868,-0.0996982289162049,0,0,-0.115221027113258,0,0,0,0,0,0,0,0.155395446412144,0,0.0569617790814104,0,0,0,0,-0.00905709281817143,0,0.0432355646841503,0,0,0,0,0,0.0128945703516279,-0.183394008522951,0.0116599734651196,0,-0.00349410335496234,0,0,0,0,0.0464255373221193,0.042629143813501,0,0,0,0,0,0,0,0.0596757411869781,0.0700573699478848,0,0,-0.100209468023231,0,0,0,-0.0998384556676762,0,0
0.0921945213674906,0.203459837083928,0,0,0,-0.0387493841528196,-0.044817813173476,0.0362997961203866,0,0,-0.0266725159261393,-0.0428372752964439,-0.0994767202255808,0,0,0,0,0,-0.0472214907339493,0,-0.0304283411689793,-0.0339753174111243,0,-0.0705662683376161,0,-0.0549938517029161,0,0,-0.0930412284828195,-0.10338484131309,0,0,0,0,-0.0952189256431957,0,0,-0.0107181296335772,0,1.17137564875388,0,0,0,0,0.0646592522559079,0,0,0,0,0,0,0,0,0,0,-0.0180880356399385,0,0.0432113417219659,0,0,0.013691346659838,0,0,0,0,0,0,-0.0353617350019327,0,0,0,0,0,-0.0321067203860941,-0.0518200587111132,0,0,0,0,0,0,-0.112013045294089,0,0,0,-0.0841046496833333,0,0,0,0,0,0,0,-0.0154619626188507,-0.0567149843792007,0,-0.0412136709388436,0,0,0
0,0.020670011711225,0,0,0,0,0.0960905917736101,-0.0687123630369479,0,0,0.0321939641037347,0,0,0,0,0,0,0,0,0.0653292279835336,0,0,0.0371430096044141,0,0,0,0.0832432542297438,-0.0960790268292483,0,0,-0.0554472856746923,0,0,-0.0410430126605611,0,0,0,0,-0.0224088202143964,0,1.13045640554516,-0.0254991312081074,-0.00719279455475356,0,0,0,0,0.00767736777495404,0,-0.0706629636580967,-0.0840522713750684,-0.125631259358278,0,0,-0.0510625950470273,0,0,0,0,0.0448500653360235,0.0114793189079759,0,0,0,0,0,0,0,0.0216041886634286,0,0,-0.136955515993789,0,-0.0142527391262167,-0.127783087668205,0,-0.10477027378115,0,0,0,0,0,0,0,0,0.0457470362448811,0,0,0,0,-0.00498123889231476,-0.0203493741626467,0,0,0,0,-0.0293831895842207,-0.00930043005747988,0,-0.0526792635391316
0,0,-0.0113452260603959,0.00793087399157823,0,0,0,-0.00987334692297576,0,0,0.0803992467885607,0,0,0.0528844941691213,-0.014845157737397,-0.0633603062942891,0,-0.0635602611846905,0,0,0,0,0,0,0.0621536191239127,0,0,0,-0.0125399170332668,0,0,0,0,0,-0.0243747701542658,0,0,-0.131687126444369,0,0,-0.0254991312081074,1.18545410450242,-0.055795390579817,0.0430971487934489,0,0.253651942410344,0.0227207187117143,0,-0.0562440215632132,-0.0819837506570298,0,0,0,0,0,0,0,0,0.0202642267017287,0,0,0.0405980220304943,0,0,0,-0.027409515769489,0,0.163958186043036,0,0,0,0,0,0,0.11782146367498,0,0,0,0.0824617347302656,0,0,0,0,0,-0.0506143487769164,0,0,0,0,-0.146403033505213,-0.0218304832029521,0,0,0,0,0,0,0,0,0
0,-0.0375410734569295,-0.0399176216029531,0,-0.0166177675468182,0,0,0,0,0,0.0107059189753271,0,0.038144014622547,0,-0.178399290473233,0,0,0.0347399326764415,0,-0.0131568172100204,0,0,0,0.00262113231247625,0,0,0,0,0.0164527326938262,-0.11741999243121,0,0,0,0,0,0,0.0787703924962279,0,0,0,-0.00719279455475356,-0.055795390579817,1.13192782902187,0,0,0,-0.0124463686628324,0,0,0.0469377345495721,0,0,0,0,-0.207227522796586,0,0,0,-0.0245040310110506,0,0,0,0,0,0,0.0587735481781541,0,0,-0.0290362603830339,0,0,0,0,0,0,-0.112200148859178,0,0,0,-0.0337930222098089,-0.0621440092254237,0,-0.0429348968916698,0,0,0,0,0,0,0.0517037210509301,0,0,0,0,0,0,0,0,0,0
0,0,0,-0.0501311223324089,0,-0.106107766123292,0,-0.0646556519509641,0,0,0,0.0432785490105249,0.0909586886365446,0,0.0899812465550893,-0.113239317724889,-0.023361091412693,0,-0.0100633153636667,0,-0.0191259942644958,0,0,0,0,0.0066441628087533,0,0,-0.0507764229842613,-0.0178695964541968,-0.110374539879569,0,0,0,0,-0.191170029458719,0,0,0,0,0,0.0430971487934489,0,1.267524759424,0,0,0,-0.0138280776258175,0,0,-0.0178527154494323,0,0,-0.0893771400903712,0,0,0,0,-0.0547259338633251,0,0,0,0,0,0,0,-0.043020342850856,0,-0.0449234609356585,0,0,0,-0.284272741225645,-0.101716966401541,0,0,0,-0.0582179056406465,0,0,0,-0.153000172811315,0,0,0,0,-0.0417330089410988,0.0497355887241444,0,0,0,0,0,0,0,0,0,0,0.00959804358242799,0
0,0,0,-0.0171614611563494,0,-0.0255338801509322,-0.00819544767809187,-0.0110831894332882,-0.00111950241820045,0,0.0595431824620101,-0.00647997379029823,0,0,0,0,-0.0683862544838238,0,0,0.101496922421474,0,0,0,0,0,0,0,0,0,0,0,0,0,0.232661740514432,0,-0.00239041718365823,0,0.0846389396815129,0.0464883945697868,0.0646592522559079,0,0,0,0,1.20786971967902,0,0,0,0,0,-0.0166099314148539,0,0.0916786369564841,0,0,0.126462687765069,0,0,0,0,0,-0.00793444625089529,0.0481445969223055,0,-0.0373018134501228,0,0,0,0,0,0,0.00746998380335773,0,0,0,0,0.0153175773038167,-0.0630257424324964,0,0,0,-0.00747917943953825,-0.0630858853774561,0.0236669359169217,0,0,0,0.212357448250195,-0.0300534968300581,0,-0.0150663080064109,0,0,0,0,0,0,0,0,0.196353178682305
0.0178758849434323,-0.0452696522366494,0.129616935444167,0,0,0,0,0,0,0,0.24989755187861,-0.0580539215171647,0,-0.0260068772190867,0.07659520854071,-0.109765333396994,0,0.0384549835312266,-0.121521681260748,0,0,-0.113038184509374,-0.337493108631717,0.0474854741935159,-0.100514026979459,0,0,0.0124699860575696,0,0,0.144027182012183,-0.0070111711082704,0.0700366073685573,0,0,0.0480147293400274,0,0,-0.0996982289162049,0,0,0.253651942410344,0,0,0,1.59216900163307,0,0,0,0,0,0,0,0,0,0,0,0,-0.0779545584133514,0,0,-0.133850071038604,0,0,0,0.0757027378782415,-0.197720750035929,0,-0.0287015554944439,0,0,0,-0.137710633685981,-0.0909754652892377,0,0,-0.0605644875940526,0,0,0,0.13440982297794,0,0,0,0.104394924935874,0,0,0,0,0,0,-0.298375047730312,0,-0.0810728218389959,0,-0.0882025297499006,0,0,0.0099117551712836,0
-0.0335702193972829,0.0538544881338053,0,0,0,0,0,0,0,0,0,0,0,0.0591799464421804,0,0,0.108443029282499,0,0,0,0,0,0,0,0,0.0207665099714061,0,0,0,0,-0.146181363146141,0,0,0,0,0,0,0,0,0,0,0.0227207187117143,-0.0124463686628324,0,0,0,1.16577070353689,-0.0449612586740583,0.0185207415531875,0.0258563525647319,0,0,0,0.00103035597119619,0,0,0.050224281169557,0.0643430662231953,0,0.0484935700189009,0.0926855040396143,0,-0.0458203102739866,0,0,-0.0328089271301169,0.0582643109286539,0,-0.0349252355516494,-0.0636589960615569,0,0,0,0,0,0,0,0.200160518876731,0,0,0,-0.00897219616523958,0.0588942275092058,-0.196372191602108,0,0.0751090457950119,0,0.0770183509312236,0,0,-0.00209695504714316,0,0,0,0.0997995579957012,0.0134733685585048,0,0,0,0
0,0,0.0653669578467891,-0.0317934498919733,0.0416504413778087,0,0,0.069822786087659,0,0,0,0,0,0,0,0,0,0,0,0,0,0,0,0,0,0,0,0,0,0,0,0.00173475015408244,0,0.0251020628522364,-0.109600427554852,-0.139803052426915,-0.0722626798155244,-0.0404236873288402,0,0,0.00767736777495404,0,0,-0.0138280776258175,0,0,-0.0449612586740583,1.18816987848612,0,0,0.00885604872665043,0.0124880389560809,0,0,0,0,0,0,0,0,0,-0.0105814153275559,0,-0.154185519328567,0,0.156916426886575,-0.0577284326511406,-0.103250857342297,0,0,0,0,0,0,0,0.115081582084815,0,-0.0839859822524717,-0.00970131456813281,0,0.0564947443776511,-0.0681569971059188,-0.0194430898341833,-0.0396460575120348,0.0114344217433511,0,0,0,-0.00907084250912242,-0.17574756740162,0,0,0,0,-0.0759538906360626,0,0.00280614965925677,0,0,0
0,-0.259101132311435,0,-0.029518168021956,0,0,0,0.03707471476787,0,0,0,0,0,0,0,0,-0.0286392528568306,-0.074515578379745,0,-0.127818329529739,0,0,0.172792405057941,-0.00229816250473087,0,-0.0862856058858249,0,-0.0493983676576641,0,0,-0.0339206588637922,0,0,0.0199676516452052,0,0,-0.0447198069645503,0,-0.115221027113258,0,0,-0.0562440215632132,0,0,0,0,0.0185207415531875,0,1.57919883884241,0,0,-0.0966862948280063,0,0,0,0.347382898510338,0,0,0.00686709207286645,0,-0.213432325086144,0,0.0495715379398515,-0.249378181582888,-4.11992365039113e-06,0,0,0,-0.203897212408951,0.0403357034102032,-0.153154681052039,0,-0.0686682313045684,-0.0298070973666083,-0.255846094969821,-0.0480389892087399,0,0,0,0,0,0,0,-0.178968894114781,-0.118893647240182,-0.0241320121635384,0,0,0,0,-0.136333451247356,0,0,-0.00343740560401886,0,0,-0.0178461798879253,-0.0082835017990824,0,0
0,0,-0.0090199299443596,0,0,0,0,0,0,0.0613528642701887,0,0,-0.15577909026311,0,0.111922962055891,0,-0.0908674488689909,0,0.0727999407971822,0,0,0,0,-0.0899224684235403,-0.0892385837731664,0,0,0,0,0,0,0,0,0,0,0,-0.0569300758901749,-0.00658403171587717,0,0,-0.0706629636580967,-0.0819837506570298,0.0469377345495721,0,0,0,0.0258563525647319,0,0,1.20436367384229,0,0,0,0,0,0,0,-0.0875019210570472,0.0545767220297272,0,-0.121355447166397,0,-0.0397284597521795,0,0.0213642405046397,0,0,0,-0.0409606395453922,0,0,-0.00936478520550746,0,0,-0.0679474443562681,0,0,0,0,0.197760962793691,0,0,-0.176613355982466,0,0,0,0,-0.103056998531296,0,-0.00822734691062231,0,0,0,0,0,0,0,0,0,0
0,0,0,0,-0.00561357192772691,0,-0.0514410473631095,0,-0.0511066979058315,0,0,0,0,0,0.0573461198230712,0,-0.0051507449732509,0,0,0,0,-0.0390991761578239,0,0,0,0,0,0,0,0,0,0,0,0,-0.114859701899262,0,-0.0466046034166244,0,0,0,-0.0840522713750684,0,0,-0.0178527154494323,-0.0166099314148539,0,0,0.00885604872665043,0,0,1.13768557178346,0,0,0.00939280766010657,-0.040507433159006,0,0,0,-0.032962943103085,0,0,0,0,0,0.000104853226022444,0,0,0.0636415347107602,0,0.0125966464093239,0,0,-0.0781730313344104,-0.159007505509951,-0.035889896532727,0,0,0,0,0,0,0,0,0,0,0,0.143091680365399,0.0691147820373871,0,0,-0.012498069635469,0,0,0,0,0.106184436766682,0,0.00751651608213634,0,0
0,0,-0.234333797575353,0,0,0,-0.0418831128008163,-0.0606941087738458,0,0,0,0,0,-0.0174827917613013,0,-0.0574430068667242,0,0,0,0,0.0891732330161122,-0.0484151144158049,0,0,0,0,-0.0537842383624529,0,0,0,-0.0445093402751488,0,-0.0148667308394133,0,-0.010414863757271,-0.0118747242019397,0,0,0,0,-0.125631259358278,0,0,0,0,0,0,0.0124880389560809,-0.0966862948280063,0,0,1.16559763844639,0,0,0,-0.104376533498243,-0.0960193253651355,0,0,0,0,-0.0718494677555176,0,0,0,0,0,0,0,0,0,-0.0724635285024701,0,0,0,0,0,0,0,0,0.0817235812887062,0,0,0.0861793275496077,0.0281491339491615,0,0,0.0871042672903972,0,0,0.0528298121091577,0,0,0.0936980922842885,0,0,0,0,0,-0.00663160019114463
