"X1","X2","X3","X4","X5","X6","X7","X8","X9","X10","X11","X12","X13","X14","X15","X16","X17","X18","X19","X20","X21","X22","X23","X24","X25","X26","X27","X28","X29","X30","X31","X32","X33","X34","X35","X36","X37","X38","X39","X40","X41","X42","X43","X44","X45","X46","X47","X48","X49","X50","X51","X52","X53","X54","X55","X56","X57","X58","X59","X60","X61","X62","X63","X64","X65","X66","X67","X68","X69","X70","X71","X72","X73","X74","X75","X76","X77","X78","X79","X80","X81","X82","X83","X84","X85","X86","X87","X88","X89","X90","X91","X92","X93","X94","X95","X96","X97","X98","X99","X100"
1.27105145656989,0,0,0.177173149206017,-0.0584533536780511,0,-0.0183688923929196,0,0,0,0,0,0,0,0,-0.0530612551533262,0,0,0,0,0,0,-0.0405023088403112,0,0,0.0544369504612653,-0.164988302507444,0.100273325141014,0,0,0,0,0,0,0,-0.0340808162827811,-0.0919084449315097,0,0.162046277752777,0,0.00917672164742507,0,0,-0.105535234464347,0,0,0,0,-0.064278780316657,0.026611375979718,0,0,0,0,-0.0507492470530392,0.109240967774114,-0.0503344198470941,0,0,0,0,0,0,0.142622722204575,-0.132574376958129,0,0,0,0.044817795042669,-0.133738552436149,0.0119603619154414,0.0204303418411195,0,0.156401801467786,-0.00783505061835822,0,0,0,0,0,0.0622778279024,0,0,0,0,0,0.0413098113930698,-0.0211602940836623,0,-0.0411571827291576,0,0,0,0,0,0,-0.000961512939213637,0,0,0
0,1.13564566806717,0,0,0.0696174572547276,0,0,0,0,0,0,0,0,0,0,0,0,0,0,0.0252914528441697,0.0137729000016345,0.127077474083441,0,0,0,-0.00967061451566351,0,-0.114709170254804,0.0162320593231866,0,0.00589231585268691,0.0128895592642669,-0.0873071737133793,0.0184274773462593,0,-0.0642565754677197,0.0357855857587517,0,0.0742455360537969,0,0,0,0,0,0,-0.18060110741139,-0.0219549273432881,0,0,0.0250518650172839,0,0,0,0,0,0,0,0,0,0,0.00531691288477643,-0.00568910325636152,0,-0.0701040633204152,0,0,0,0,0,0,0,-0.0952544588686097,0,-0.012259274016198,0.0930271556994187,-0.0139342158398737,0.100316759597463,0.0425861747511134,0,0,0,-0.0181069516030268,0,0,0,0,0.0917682686621432,0,0,0,0,0,0,-0.038808503435374,0.0228962783757273,0,0,0,0,-0.00161322856327075
0,0,1.63906370616452,0,0,-0.0423198380277921,-0.0507465561665816,0,0.0254244529213913,0,0,0,-0.0264674551538804,0,0,0,0.244421065872303,-0.0615972948294108,0,-0.0446230242549466,0,0,-0.0272939301415341,-0.211545444266663,0,0.0384041611462801,0,0,-0.00358545798791607,0.372607779831835,0,0,0,-0.179685680473563,-0.0111697994115645,-0.0366657869366566,0,0,0.102810195402201,-0.0876607354874255,0,0.235086865441601,0.0721318755263431,0,0,0,0,0,0,0,0,0,0,0.0658338262710207,0,0.2881633505325,0,0.163423448984846,0.0743443463931716,0.00315088361975438,-0.252348706630898,0,0,0,0,0.106187590839929,0.00690613651923493,0.156174393527816,0,0,0,0.0667785907546507,0.232104494182444,-0.0618261002950059,-0.0636403587179644,0,0,-0.075505529870815,0,0,0,0,-0.0817370498412651,0,0,0,0,0.0818465472387155,0,0,-0.157051868825551,0,0,0,0,0.0182648052014894,0,0,0,0
0.177173149206017,0,0,1.229419097457,0.110296644801591,0,0.0480925100734168,-0.0620422086556303,0,0,-0.0921187307234828,0,0,0,0,0,0,0.0888288402122523,0,0,0,0,0,0,0,-0.0310760896787399,0.045917640967931,0,0.032277509541043,0,0,0,-0.0136757758722421,0,0.0203745564878577,0,0.00442932061618749,0.105068818594651,0,-0.0454283274352585,0.0197232820091718,0,0.00204758108860759,0,0,-0.0663694241406819,0,0,0.0630628831883495,0,0,0,0,0,0,0.218423175724813,0,-0.0190808796702843,0,0,-0.0799494648998048,0,0.0708840192733921,-0.0367088013611039,0.0940321964404547,-0.0175423111889377,0,0,0,0,0,0,0,0,0,-0.0303164819613105,0.138530280284838,0,0.0221525286873974,0,0,0,0.0806036834991344,0,0,0,-0.0279971562944296,0,0.00536827144774906,0,0,0,0,0,0.00500427115008655,0,0,0,0,0
-0.0584533536780511,0.0696174572547276,0,0.110296644801591,1.48025586153038,0,0,0,0,0,0.0240750473059871,0,0,0.00613058371664371,0,0,0,-0.0372097877967763,-0.223620448402474,0,-0.0219274297329358,-0.0163138688009694,-0.150488877335585,0,0,0,0,0,0,0,-0.0102331623121208,0,0,0,0,0,-0.100885712874401,0,0,0,0,0.00730458122312498,-0.241832111085649,-0.0137031179264714,0,0,-0.140147781016613,0,-0.0272437730449508,0,0.00673695176880261,0,0,0,-0.0145238416040186,0,0,0,0,0,0.0221139210712599,0,-0.0729940592756987,0,0,0.0320540361253932,0,0,0,0,0,0,0,0,0,0,0,0,0,0,0,0.0111656804575811,0.0306531071232533,0,0,0,0,0,0,-0.0333020173248373,0,0,-0.179788607514541,-0.336440661369568,0,0.391918033918348,0,0,0,0
0,0,-0.0423198380277921,0,0,1.20837965439874,0,-0.0522713595568935,0,0,0,0,0.0313137015514229,0.156327317220938,0,0,0.114312592533386,0.028475895437638,0,0,-0.0786106777740355,0,0,0,0,0,0,0,0,0.0941970418766468,0,0.219034139954954,0,0.0878809204909297,0.0150071263100564,0,0,0,0,0,0,0,0,0,0,0.0172226184758798,0,0,0,0.0367706954361777,0,0,0,0,0,0,0,-0.00291734025916437,0,0,0,0,0,0,0.0304111405810679,0,-0.0083648762956675,0.0539092185298391,0.0123985402119384,0,0,0,0,0,0,0,-0.0572605981965304,0,0,0,0,0,0,-0.0808059361063563,-0.143292884074036,0,0,0,0.0143993801405022,0.0406819108491981,0,0,0,0,0.0748985200858183,-0.186718988899983,0,-0.0186517731232301,0,-0.0577476555816313
-0.0183688923929196,0,-0.0507465561665816,0.0480925100734168,0,0,1.17989890675014,-0.0512737351355991,0,0,0,0,0,0,0.0209982287298103,0,0,0,-0.195020645553835,-0.0433295598704976,0,0,-0.091300870277297,0,0,0.0554092298568639,0,-0.048528930770091,0,0,0,0.0668098318986633,-0.090416055042028,0,0.151879149340398,0,0,0,0,0,0,0,0,-0.0176593769699495,0,0,-0.0217256887725278,0.00444216849887728,-0.0764517928619523,0,0,0,-0.0894814740565063,0,0,0.0709079124766199,0,-0.0755185388333594,-0.0497761001636422,0,0,0,0,-0.000953314836731326,-0.000984268381464217,0,0,0,0,0.00120290187731758,0,-0.0606112543932927,0,0,0,0,-0.0442485590340863,0,0,0,0,0,0.0760726865052494,-0.00258091765330475,0,0,0,0.0102812601372065,0,0,0,0,0,-0.108960196309351,0,0,0,0,0,-0.0855913978810662
0,0,0,-0.0620422086556303,0,-0.0522713595568935,-0.0512737351355991,1.28079715232215,0,0,-0.0096912298808246,0,0,-0.0601367405668299,0,0,0,0,-0.062125613113461,-0.0373672962708849,0,0,-0.109015483287206,0.0382931301571395,0.0530051492441576,0,0,0,0.00757589134740296,0,0,0.119995472337553,-0.0695808882983376,0,0.00381705615450577,0,0.157917493716721,0,0,-0.0160944780169524,0,0,-0.0235915516961851,0,0,0.116183309612149,0.0911828935205567,0,0,0.0515245619263058,0,0.0316985454453826,-0.0256542234294303,0,0,0,0,0.0139193361996591,0,-0.146594045159251,0,-0.110689165661003,0,-0.193737722113619,0,0.143594094521031,0,0,0,0,-0.0875775485830378,0,-0.00716854374969512,-0.0393029923744246,0,-0.132630665706076,0,-0.0767454980643331,0,0,0,0,0,0,-0.0239266913699343,0,0.00565005071333131,0.00749996547308795,-0.0153661841557844,0,0,0,0,0,0.0201974024301143,0,0,-0.0345534900502984,0,0
0,0,0.0254244529213913,0,0,0,0,0,1.11398704665208,0,0,0,0,-0.0378788865052441,0,0,-0.0162213752899276,0,0,0,0,0.0504609693029237,0,0,0,0.0113591422940876,0.11455529938517,0,0,0,0.0703128261799747,0,0,0,0,-0.0448861943712622,0,0,0,0.0322134060198733,0,0,0,0,-0.00310658813843948,0,-0.0570135701332209,0,-0.117230316677709,-0.00487589233770576,0,0,0.0546034221889698,0,-0.00504980115168398,0,0,0,0,0,0,0,-0.095771763466951,0,-0.0438866805217382,-0.013957709725781,0,0,0,0.0501763509527938,-0.0620999766027547,-0.0298934810346581,0,-0.0435913990396407,0,-0.0287768566773462,0,0,-0.0806754600993084,0,0,0,0.133528923120445,-0.0666703558050454,0,0,0,-0.0316960485867281,0.076126298999129,0.00556143005781966,0,0.0245095391430976,0,0,0,0,0,0.0328931656688026,-0.1003400303502,0
0,0,0,0,0,0,0,0,0,1.19580704596459,0.000211835916534973,-0.0481620810208629,0,0,-0.0908497769736209,-0.0274055151495304,0.0323164038274823,-0.0966782631739109,0,0,0,0,0,0,-0.0118095663551839,0,0.026216128939932,0,0,-0.0208018117279103,0,0,0.0932552379066423,-0.0309050450600937,0,0.0784983006519369,0,0,0,0,0,0,-0.132078317404261,-0.028155316292588,0,0,0,0,-0.0859838372896499,0,0,-0.0743919618960902,0,0,0.0795004204769374,0,0,0,-0.104091846781834,0,0,-0.0792336330744395,-0.139742221706353,0.0356320918148107,0,0,0,0,0,-0.0272471344903711,0.0845630438567878,0,0,0,0,0,0,0,0,0,0,0,0.0230057074731842,0,-0.200167402158161,0,0.00875252184663776,0.00120673955813305,0,0,0,0,0,0,0,0,0.0565624125944516,0,0,0
0,0,0,-0.0921187307234828,0.0240750473059871,0,0,-0.0096912298808246,0,0.000211835916534973,1.2498138840494,0.0286026696302943,0,-0.136074364070853,0,-0.0150221566933006,-0.00627505115228805,0.00466691216978754,0,0.0565870932871924,0,0,0,0,0.0669729378077459,0,0,0,0,-0.111185888921782,0,0.0688995409028801,0,0,0,0,-0.130926441437481,0,0,0,0,0,0,-0.0474627309973636,0,0,0.0840172331748493,0,0,-0.0523499784929671,0,0,-0.216369208758604,0,0,0,0,0,0.0859257229854951,-0.0193702072889019,0,0,0,0,0,0,0,0,0,0,-0.118539115014059,0,0,0,0.151730255362762,-0.0357229316541808,0,0,0,0.0826719752441425,0.0237626334812158,0.0417134001829825,0,0.0333663192824547,0.0334963691520194,0.0159766021556865,0,-0.0358054716586885,-0.088871414291959,0,-0.150173008209286,0,0,-0.146895063306614,0,-0.0480415483444609,0,0,0,0
0,0,0,0,0,0,0,0,0,-0.0481620810208629,0.0286026696302943,1.10950767474087,0,0,-0.22033470816848,0,0,0,0,0,0,0,0,0,0,0.00950773699405128,-0.0584728331250875,0,-0.0117891149955314,0.0410570108803381,0,0,-0.119497770956872,0,0.0377456538369491,0,0.0210842229933465,0,0,0,0,0,0,0,0,0,0,0,-0.0934521630364438,0,0,0,0,0,0,0,0,0,0,0,-0.00416526809461859,-0.0287779736686557,0,0,0,0,0,0,0,0,0.0282515425553585,0,0,0,-0.0510572138464088,0,-0.148400533165111,0.0309555969135841,0,0,0,0,0,-0.000630211043838879,0,0,0.036418423000295,0,0.042933421516616,0,0,0,0,0,0,0,0,0,0,0
0,0,-0.0264674551538804,0,0,0.0313137015514229,0,0,0,0,0,0,1.21568515117769,0,0,0.0894329409765091,0,-0.116673590289208,0,0,0.0290325195382047,0,0,0.0562431885425872,0.0932823570327412,0,0,0,0,-0.181075425165102,-0.0158155851399428,0,0,0,0.00667320437342886,0,0.0635851316630885,0.0046856428424194,0.0429992113808884,-0.0155823411523324,0,0,0,0,-0.00793655706409862,0,0.0441185148226227,0,0,0,0,0,-0.103088875820544,0,0,0,0,0,0,0.0541833157996607,0,-0.149081802104628,0,0,0.178096406337281,0,0,0,-0.0521677589947514,0,-0.000698358039740985,-0.0118252217972499,0,-0.0597756650074338,0,0,0,-0.141525150933811,0,0,0,0,-0.121535073253054,0,0,0,0,0,0,0,0,0,0,0,0,-0.0881247333627072,0,0,0,0
0,0,0,0,0.00613058371664371,0.156327317220938,0,-0.0601367405668299,-0.0378788865052441,0,-0.136074364070853,0,0,1.18270127372142,-0.0363057380076102,0,0,0,0,-0.0430740992102457,0.0865414179722944,-0.0540125109275262,0,0,0,0,0.0156515259830718,0,0,0,0,0,0,0,-0.228122919356769,0,0,0,-0.027032810829077,0,0,0.00729154323856907,0,-0.0373274671306813,-0.0127246874741131,0,0.104499196140654,-0.027801877164177,0,0,-0.150640656787032,0,0,0,0,0,0,0,0,0,0.0653091425005094,0.0941175356900982,0,0,0,0,0.010149758878081,-0.040245380502314,-0.00918327646998161,0,-0.0197743974025108,0,0,0,0,0,-0.0343041341457268,0,0,0,0,0,0,0,0,0,-0.0239249130766194,0,-0.0530067483702594,0,0,-0.015039949478715,0,0,-0.0252784172853962,0,0,0,0,0.0278411333924488
0,0,0,0,0,0,0.0209982287298103,0,0,-0.0908497769736209,0,-0.22033470816848,0,-0.0363057380076102,1.33285974752439,0,0,-0.022185571198072,-0.0400034353523723,0,0,0,0,-0.02282009794544,0.0109634251274124,0,0,0.109815453342022,0,0,-0.0487436862035585,0,0.142379392843732,0,0,0.101954408176506,0,0.060691122384303,0.0276889915374265,0,0,0.0135707006083382,0,0,0.0326461487100538,0,0.15155047090254,0,0,0,0,-0.0655630382888759,-0.0704200297175884,0.00369918121774843,0,-0.0624637266228641,0,0.131844601003493,0,0,0.0181342003323952,0,-0.0380997897046303,0,-0.0207655318074575,0,-0.0344507739191023,0,0,0,0,0.0808697499970447,-0.100925201040966,0,0.0443002788270986,0.0361769495463304,0,0,0,-0.269365649382619,0.0505280737599426,0,0,0,0.0593300820115019,-0.0403067773762306,0,0,0,0.151872875746225,-0.0273532193725576,-0.00477812786556498,0.0857037280123335,0,-0.0566369670159002,0,0,-0.091709116488799,0,0
-0.0530612551533262,0,0,0,0,0,0,0,0,-0.0274055151495304,-0.0150221566933006,0,0.0894329409765091,0,0,1.16800667148181,0,0,0,0,0,0,-0.0467597683031363,0,0,-0.0537195335567532,0,0,-0.0422163892515742,0,0,0,0,0.0860998996499655,-0.177371253676839,0,0,0,0,0.0638712653543732,0,0,-0.101096185040172,0,0,0,0,0.0869457890980457,0,0,0,0,-0.041878418566864,0,0,0,0,0,0.0419149807925464,0,-0.0444761029417684,0,-0.0992274817989292,0,-0.00473529071703291,0,0,0,0,0,0,0,0.0207973871013326,0,0.114602515832352,0.0483695855942868,-0.0936742518664156,0.0453317867916127,0,0,-0.00893843496445861,0,0,0,0,0,0,0.0900320526320635,0,0,0,-0.0688319824941561,0,0,0,0,0.0587981979890016,0,0,0
0,0,0.244421065872303,0,0,0.114312592533386,0,0,-0.0162213752899276,0.0323164038274823,-0.00627505115228805,0,0,0,0,0,1.41493468115062,0,-0.0868942968015307,0,0,-0.0523765440132531,0,-0.0987704264880793,0,0,0,0,0.182423202925348,-0.0301049382268691,0.0622992623850783,0,-0.0167702921651654,0,0,0.0457191088024475,0,0,0,0,0,0,-0.00930106608188529,0.0193300604579899,-0.0646365686087364,0,0,-0.0442523208562367,0,-0.10195990405535,-0.0770605327727565,0,0,0.0200009460389362,0,-0.169638135866427,0,0,0,-0.00251334041652856,0,0,0,0,0,0,-0.160925220072494,0,0,-0.220806535595593,-0.001294651252286,0,0,-0.0458353008466612,0,-0.0595246571334667,0,-0.219286676773927,-0.0539314113839942,0,0,0.197887133088542,0,0,0.013317880378613,0,-0.185690449673416,-0.0203628722544163,0.00568733840306944,0,0,0,-0.0338593818268568,0,0,-0.109314666303796,0,0,-0.068561073269395,-0.0617591058370069
0,0,-0.0615972948294108,0.0888288402122523,-0.0372097877967763,0.028475895437638,0,0,0,-0.0966782631739109,0.00466691216978754,0,-0.116673590289208,0,-0.022185571198072,0,0,1.23401988553589,0,-0.0984871100107776,0,0,-0.0853212438012151,-0.00409345933428062,0.0267493785758576,0.0332035127001884,0,0,0,-0.210255924718313,0,0,0.0552014709755423,0,0,0,0,-0.0173832955406144,0,0.0847063228512619,0,0.00404524401296569,0,-0.0832502688207014,0,0,0,-0.0464302774247561,0.00297554923856538,0,0,0,0,0,0,0,0.0371900078322625,0.0162797330013835,-0.02558389263767,0,-0.0124121283363592,0,0,0.00179384537454726,-0.00490045393792387,0,0.0178966287209027,0,0.0788902387362154,0,0,0,0,-0.023212778174729,0.222486522610985,0,0,-0.140744549986783,0,-0.0217207908216789,0,0.000131700781324744,0,0,-0.0330913991496858,0,0,0.0735304262723146,0,0,0.0418223865274561,0,0,-0.0113860334874849,0,0,0,-0.0394287438931743,0.060849466884146,0
0,0,0,0,-0.223620448402474,0,-0.195020645553835,-0.062125613113461,0,0,0,0,0,0,-0.0400034353523723,0,-0.0868942968015307,0,1.29174661259109,0,0,0,-0.13459529759901,0,0.00637818448541482,0,0,0.0578702713188202,0,0,0,0,0,0,0.106902001111082,0.041589171382853,0,0,0,0,0,0,-0.060914891198681,-0.0139191266452424,0,-0.0835749471779203,0,0.0111030503115122,0,0,0.0258851824976729,0.118956374643964,0,0,0,0,0,0.0501115478653802,0,0,0,0.107820678493435,-0.0344881213017848,0,0,0,-0.0877705406898547,0,0,0,0,0,0,0,0,0,-0.0270771451271995,-0.000515766490971002,0,0,0,0,0,0,0.115289037171769,0,0,0.111311345300049,0.0278731416247773,-0.0572496927321814,0,-0.0972276399704791,0.0856661851692703,0,0,0,0.191562570929738,0.0195840185222343,0,0
0,0.0252914528441697,-0.0446230242549466,0,0,0,-0.0433295598704976,-0.0373672962708849,0,0,0.0565870932871924,0,0,-0.0430740992102457,0,0,0,-0.0984871100107776,0,1.25730790647664,0,-0.306828949962027,0,0,0.100214788444158,0,0.0227053488033381,0.000593060360965764,0,0,0,0,0,0,0.0557960948750752,0.0428756561159141,0,0,0,0,0,-0.0472783302562808,0,0,0,-0.085540038287323,-0.0185610693056418,-0.0392343068153146,-0.08503736641573,-0.018098899478439,0,0,-0.0185374813889868,0.0210009740657126,0,0.103181438267054,0,0.0656907050856001,-0.0485160587406252,0,-0.00721571134121434,0,0,0,-0.0735248153932835,0,0,-0.0483954672738384,0.0548509761112745,0.0849047727784185,0,-0.112374468145643,-0.0684489742828564,0.0401780239415934,-0.0722645085287562,0,0,0,0,0,0,0,0,-0.0555183236787926,-0.00902266453516677,0,0,0.0421509454666406,0,0,0,0,0,0,0,0.0872625243747824,0,0,0,0
0,0.0137729000016345,0,0,-0.0219274297329358,-0.0786106777740355,0,0,0,0,0,0,0.0290325195382047,0.0865414179722944,0,0,0,0,0,0,1.17884854404986,0,0,0,0,0,0,0,0,-0.259440247004085,-0.0453878847702411,-0.0228798762105346,0,0.00506609460279802,0,0,0,0,-0.000391232926474175,0,0,0,-0.0224412675203854,-0.0492401457562496,0,0,-0.0143925315998948,0,0.184609003928377,0,0,-0.0426002669163455,0.0345565824636751,-0.128310440898684,0,0,0,-0.0193820113705231,0,-0.0912897971619425,0,0,0,0.0251294171543242,0,0,0,0.00292811002699629,0,-0.01745387631074,0,0,0.00532536422424663,0.117741729125721,0,0,0,0,0,0,0,0,0,0,-0.0658651079276269,0,0,0,0,0,0,0.0780347841879244,0,0,-0.0500413264328127,0,0,0,-0.0421190644451657,0
0,0.127077474083441,0,0,-0.0163138688009694,0,0,0,0.0504609693029237,0,0,0,0,-0.0540125109275262,0,0,-0.0523765440132531,0,0,-0.306828949962027,0,1.34982922709548,-0.123108396044745,0,0,0.00108808322457705,-0.00707252376339577,0.141460947455915,0,0.0544634745733678,0,0,0,0,0,0,-0.0215048075093616,0,0,0,0,0,0,0.0927888033484856,0.0318837850620217,-0.0165261079042538,0,-0.0614991488231543,-0.0609734706444109,0,0,0,0,0,0,0,0,0,0,0,0,0,0,0,0,-0.0494691200972721,0,-0.031367829235805,0.110161284654968,0,-0.0326367451145143,-0.0952454671781021,0,0,-0.0436366097248984,0,0,0,0,0,0,0.0124146716967293,0.0681201778153267,0,0,0,-0.0899179712562185,0.166393021040008,0.158344805748917,-0.20334984717392,0,-0.015715361834956,0,0,0,0,-0.0542859180535342,0,0.0434745201752457,-0.0544370307152277
-0.0405023088403112,0,-0.0272939301415341,0,-0.150488877335585,0,-0.091300870277297,-0.109015483287206,0,0,0,0,0,0,0,-0.0467597683031363,0,-0.0853212438012151,-0.13459529759901,0,0,-0.123108396044745,1.22334052122991,0,0,0.0735156090267969,0,0,0,0,-0.0556974310761519,0,0,0,0,0,0,0,0,0,0.00363494472298679,0.179397338539817,0,0,0,0,0,0,0,0,-0.0830506094760793,0,0,0.123487471291388,0,0,-0.065398313587754,0,-0.0662477511120294,0,0,0,0,0,0,0,6.42885572167111e-05,-0.0774277784490729,0,0,0,-0.0420387703521425,-0.00554464546866915,0,0,0,0,0,0,0.0944610205635356,0.0898841392980288,0,0,0,-0.0300323106897277,-0.0128219393733667,0.0454268148946852,0,0,0,-0.00104495826212783,0,-0.0347713045169805,0,0,0.0168229567324458,0,0,0,0
0,0,-0.211545444266663,0,0,0,0,0.0382931301571395,0,0,0,0,0.0562431885425872,0,-0.02282009794544,0,-0.0987704264880793,-0.00409345933428062,0,0,0,0,0,1.2139562100159,0,0.0185247674593508,0,0.0882583241083255,0,0,0.038618343408729,0,0.0569907704043086,0,0,0,-0.0134815583257846,0,-0.31193095718024,0,0.0398520417155653,0,0,-0.00942036789758032,0,0,0.0752388053192364,0,0,0.106843159701669,0,0,0.0729563080712026,0.0541721365239189,0,0,0,0,0,0.11835654202287,0,0.0128791238977004,0,0.0196467997878511,-0.00555568343476978,0.0416294467132503,0,0,0,0,0.0608350411240414,0.015893196058065,0,0,0,0,0,-0.0659063231159955,0,0,0,0,0,0,0,-0.0699244583710411,0,0,0,0.0261580164223598,0,0.0866685508720451,0,0,0,0,0.0577308805313323,0,0,0
0,0,0,0,0,0,0,0.0530051492441576,0,-0.0118095663551839,0.0669729378077459,0,0.0932823570327412,0,0.0109634251274124,0,0,0.0267493785758576,0.00637818448541482,0.100214788444158,0,0,0,0,1.14723731597817,0,0,0,0,0,0,0,0,0,0,0,0,0,-0.13333350783307,0,-0.0413611426867846,0.06792291324702,0,0.00837896016298457,0,0,0,-0.015639103695998,0.134546320452464,0,0.0876919014888066,0,0,-0.0538373189528988,0,0,0.0216127053942741,0.00322624389758131,0,0,0.021441846129696,0,0.0243873107044191,0,0,-0.0165888797698453,0,0,0.0255023079606583,-0.0559642710984127,0,0,0.0152235492451235,-0.0798817245950801,0,0,0.000416143179507687,0,0,0,0,0,0,-0.054429887083114,0,0.107697958190616,0,-0.0304103803144431,0,-0.0894597885847244,0,0,-0.0429380730595329,0,0.000192923662591991,0.00791518748368762,0,0,0,-0.11729521862671
0.0544369504612653,-0.00967061451566351,0.0384041611462801,-0.0310760896787399,0,0,0.0554092298568639,0,0.0113591422940876,0,0,0.00950773699405128,0,0,0,-0.0537195335567532,0,0.0332035127001884,0,0,0,0.00108808322457705,0.0735156090267969,0.0185247674593508,0,1.1825766084147,0,0,0,0,0,-0.0291305767096475,0,0,-0.0413168802481679,0.0109344115657302,0,0,0,0,-0.102963819334225,0,-0.0909779768506638,0,0,-0.21173955360691,-0.172615511383803,0,0.00209866528886605,0,0,0,0,0,0,0,0,0,-0.00160503286983228,0,0,0,0,0.0265526693378367,0.0143700582051657,0,0,0,0,0,0.0121834042123339,0,0,0.0200553953618615,0,0,0,0.0602954349488132,0,0,0,0,-0.024688472094865,0.210688310485389,0,0,0,0.0702643702278881,0,0,0,0,-0.016208559487789,0,0,0,0,-0.107138512700808,0,0
-0.164988302507444,0,0,0.045917640967931,0,0,0,0,0.11455529938517,0.026216128939932,0,-0.0584728331250875,0,0.0156515259830718,0,0,0,0,0,0.0227053488033381,0,-0.00707252376339577,0,0,0,0,1.18274703119955,-0.0542382497481559,0,0.205628203668056,0,0,0,0.114828230568655,0,0.00430238057243118,0,-0.0531103841182639,0,0.0453708577461328,0,0,0,0,0,0,0,0,0,0,0,0.0730421895487915,0,0,0,0,0,-0.110622485625502,0,-0.158331442100186,0,0,0,0,0,0,0,0.0707071579333984,0,-0.0633778995824982,0,0,0,0,0,0,0,0,0.0183424372053741,0,0,0,0,0,0,0,0,0,0,0,0,0,0,-0.0856453504393797,0.0602022507238952,-0.0390876107783678,0.0210377407031345,0,0,-0.0455544638127718
0.100273325141014,-0.114709170254804,0,0,0,0,-0.048528930770091,0,0,0,0,0,0,0,0.109815453342022,0,0,0,0.0578702713188202,0.000593060360965764,0,0.141460947455915,0,0.0882583241083255,0,0,-0.0542382497481559,1.17939080020354,0,-0.0363797714079534,0,0,0,0,0,0,0.0894330986114525,-0.0479550482274849,0,-0.10520723257354,0.0166302399701869,0,0,0,0,0,0,0,0,0,0,0.104775960776573,0,0,0,0,-0.0272519019464023,-0.0511139841808948,0,-0.0477377066428815,0,0,0,0,0,0,0,0,0,0,-0.0113856419448949,-0.0166926602640034,0,0,0.015505021179338,0,0,0,0,0,0.0186615679543914,-0.0966084967781746,0.00344798658858703,-0.0707919465312684,0,0,0,0,0,0.0198771457373214,0,0.141944251574091,-0.0731697872986081,-0.0835423036972688,0,0.00210139891997728,0,0,-0.0738309424328558,-0.0135400654747427
0,0.0162320593231866,-0.00358545798791607,0.032277509541043,0,0,0,0.00757589134740296,0,0,0,-0.0117891149955314,0,0,0,-0.0422163892515742,0.182423202925348,0,0,0,0,0,0,0,0,0,0,0,1.27845000498465,0,-0.00243851752945485,0,0,0,0,-0.0170313366798795,-0.012672702459036,0.0264545490464687,0,0,0,0,0,0,0.0183787001163553,0,0,0,-0.0869782745258582,0,-0.160421936717414,0,0,0,0,0,0,0,0,0,0,-0.0101553466441548,-0.212490156382311,0.0300451027451951,0,0.0328520200606204,0.165286943293423,-0.132288708470045,0,0,0,0,0,0,0.113173419240204,0.0161534758763916,-0.002467660863834,0,-0.0287864262811341,0,0,0,0,0.160483032200925,-0.0177767498605287,0,0,0,0,0,-0.0548941878376651,-0.00322611649710963,0,0,-0.237896896940411,0,0,0.0195259424392433,0,0
0,0,0.372607779831835,0,0,0.0941970418766468,0,0,0,-0.0208018117279103,-0.111185888921782,0.0410570108803381,-0.181075425165102,0,0,0,-0.0301049382268691,-0.210255924718313,0,0,-0.259440247004085,0.0544634745733678,0,0,0,0,0.205628203668056,-0.0363797714079534,0,1.54714614859472,0,0,0,0,0,0,0,0,-0.0646112239836244,0,0,0.0526785307079527,-0.0869943577720409,0,0.0939898977152076,0,0,0,0,0,0.0455342114965021,0.00383975997101949,-0.0407513933790776,-0.022176738049338,0.16015952222547,0,0.0167332032335498,0,-0.0731925422226371,0,0,-0.0307037197741327,-0.0145632385213285,0,0,0.240434990245642,0,0,0.0286787136741628,-0.0714843299180546,-0.107240100400689,0,0.211430812739791,0.054018664576496,0.0733738299928454,-0.0761185257391146,-0.0553096995074886,0,-0.0921104549943437,0,0.0828458496587534,0,-0.0292408582982073,0,0,0.0245198970990012,-0.100416158262483,0,0,0,0.0385017571309157,0.0221987624844136,-0.00707050349978355,0.0554329798287985,0,0,0,0,0.0397811141780896,0.0171294559803346
0,0.00589231585268691,0,0,-0.0102331623121208,0,0,0,0.0703128261799747,0,0,0,-0.0158155851399428,0,-0.0487436862035585,0,0.0622992623850783,0,0,0,-0.0453878847702411,0,-0.0556974310761519,0.038618343408729,0,0,0,0,-0.00243851752945485,0,1.07813694434681,0,-0.00774559264454809,0,0,0,0.00487202242861893,0.0938751844854518,0,-0.0676327630115792,-0.0344064735544905,0,0,0,0,0,0,0,0,0,0,-0.041408994571307,0,0,-0.0973976128557267,0,0,0,0,-0.00250518913048598,0,-0.0111946580492409,-0.0157407129771185,0,-0.0563494116112691,0,0,0,0.0182140450966102,0,-0.0720104480622623,0,0,-0.0492617707576789,0,0.0654243372875803,0.00771462494027779,0,-0.018467494086796,0,0,0,0,0,-0.000978281021903112,0,0,0.0683569003000341,0,0,0,-0.102760554272904,0,0,0,0,0,0,0,0
0,0.0128895592642669,0,0,0,0.219034139954954,0.0668098318986633,0.119995472337553,0,0,0.0688995409028801,0,0,0,0,0,0,0,0,0,-0.0228798762105346,0,0,0,0,-0.0291305767096475,0,0,0,0,0,1.19094645821317,-0.0204299327472773,0,-0.0289113036467534,-0.0145457283262898,-0.103062666353969,0,0,0,0,-0.0432996067870084,0,-0.0757865117315214,-0.0479265735825669,-0.0345412044153346,0,0,0,-0.0321683167180045,0,0,0,0,0,-0.148401947219806,0,0,0,-0.013107969475265,-0.028283577937691,0.0260685685761342,0,0.0671572685554776,0,0,0,0,0,0,0,0,0.00533409899416998,0.0378163937087449,-0.00722350595241596,0,0,0.133357885390246,-0.0856890370516486,0,0,0,-0.0144049015172214,0.00834353431159925,0,-0.0326385603639152,0,0.0496659996786291,0,-0.0702302400808967,0,0,0,0,0,0,0.0595872706988428,-0.043099089196346,0,0
0,-0.0873071737133793,0,-0.0136757758722421,0,0,-0.090416055042028,-0.0695808882983376,0,0.0932552379066423,0,-0.119497770956872,0,0,0.142379392843732,0,-0.0167702921651654,0.0552014709755423,0,0,0,0,0,0.0569907704043086,0,0,0,0,0,0,-0.00774559264454809,-0.0204299327472773,1.21398940355291,0,0,0,0,0,0,-0.079992276780848,-0.0809389151318665,0,0.0391557329060091,0,0,0,0,0,0,-0.0347540094483089,-0.130299370491343,0,-0.0782941619879219,-0.00303667736738353,0,-0.0513059706052285,0,0,0,0,-0.166004499677441,0,0,-0.0333099558889201,0.00429365899624109,0,0,-0.165340198327992,0,-0.116800357304934,0,0,0.0165478023573197,-0.0897670657022327,-0.103230644817921,0,0,0.00634767766375954,0,0.0167943650748955,0,0,0,0,-0.0385977657113474,0,0,0,0,-0.0169072117390152,0,0,0,0,0,0,0,0,0,0
0,0.0184274773462593,-0.179685680473563,0,0,0.0878809204909297,0,0,0,-0.0309050450600937,0,0,0,0,0,0.0860998996499655,0,0,0,0,0.00506609460279802,0,0,0,0,0,0.114828230568655,0,0,0,0,0,0,1.27225604572889,0,0,0,0.0983987475827746,0.0191162279657958,0,0,0,0,0,0,0,0,0.0333501298973725,0.0135536002600374,-0.0755303421150796,0,0,0,0,0.17294255057405,0.213445754388125,0,0,0,0,0,0,0.0823969276290812,0,0.0605659637217327,0,0,-0.0159970162404644,0,0,0,0.00416316686226533,0,-0.288502781677616,0,0,0,0,-0.0600103408149824,0,0.0855824181453006,0,0,0.0196756771126221,0,0.0110839648797603,0,0,0,0,0,-0.11529799605883,0,0,0,0.042206090091072,0,0,0.00121221091325685,0
0,0,-0.0111697994115645,0.0203745564878577,0,0.0150071263100564,0.151879149340398,0.00381705615450577,0,0,0,0.0377456538369491,0.00667320437342886,-0.228122919356769,0,-0.177371253676839,0,0,0.106902001111082,0.0557960948750752,0,0,0,0,0,-0.0413168802481679,0,0,0,0,0,-0.0289113036467534,0,0,1.35766362917046,-0.084550518339081,-0.101210770803601,0,0,0.0330334952834412,0,0.0881388802583115,0,0,0,0.142183317319719,-0.0991615499125172,0,0.033397065613762,0,0,0,0,-0.0055375922294149,-0.0782811095589095,0.138169814682311,0,0,0,0,0,0,0,0.0227975137095791,-0.111564694606268,0,0,0,0,0,0,0,0,0,0,0.0115448557758549,0,-0.142710561752889,0,0,0,0.0975158577096394,0,0.104040866019023,0,0,0,0,-0.0481976969631858,0,-0.177426526570231,0,0,0,-0.141015277214811,0,0,-0.149396011781361,0,0.0365569022782546
-0.0340808162827811,-0.0642565754677197,-0.0366657869366566,0,0,0,0,0,-0.0448861943712622,0.0784983006519369,0,0,0,0,0.101954408176506,0,0.0457191088024475,0,0.041589171382853,0.0428756561159141,0,0,0,0,0,0.0109344115657302,0.00430238057243118,0,-0.0170313366798795,0,0,-0.0145457283262898,0,0,-0.084550518339081,1.16541094157713,-0.117567829270248,0.0642741890055405,0,0,0,0,0,0,0,0,0,-0.0652291429508232,0,0,0,0,0,0,-0.00914169580169287,0,0,0,0,0.0518170293943967,0,0,0,0,-0.00399846035984053,-0.185602274382556,0,0,0,0,0,0,0.0317664165266845,-0.00481365345784592,0,0,0,0.117546439082686,0,0,0,-0.0364641591476196,0,-0.0115462064771418,-0.112031398777156,0,0,0.129129586103536,-0.0826789335731133,0,-0.0794725137906418,0,0,0,0,0,0,0,0,0
-0.0919084449315097,0.0357855857587517,0,0.00442932061618749,-0.100885712874401,0,0,0.157917493716721,0,0,-0.130926441437481,0.0210842229933465,0.0635851316630885,0,0,0,0,0,0,0,0,-0.0215048075093616,0,-0.0134815583257846,0,0,0,0.0894330986114525,-0.012672702459036,0,0.00487202242861893,-0.103062666353969,0,0,-0.101210770803601,-0.117567829270248,1.2212593457211,0,0,0,0,-0.0253896548409528,-0.0402846784801046,-0.0849072452315025,0,0,0,0,0,0,0,0,0,0.0200823582194055,0,0,0.0344447826986501,0,0,0,0,0,-0.0821911329162727,0.00761583346262767,0.0177785569749995,0,0,0,0,0,0,0,0,0,-0.0504192375216937,0,0,0,0,0,0,0,0,0.0334285246396858,0,0,-0.000733595240069321,0,0,0,-0.000581845362117433,0,0,-0.0817980997585927,-0.169314882076558,0,0,0,0.116504031604538,0
0,0,0,0.105068818594651,0,0,0,0,0,0,0,0,0.0046856428424194,0,0.060691122384303,0,0,-0.0173832955406144,0,0,0,0,0,0,0,0,-0.0531103841182639,-0.0479550482274849,0.0264545490464687,0,0.0938751844854518,0,0,0.0983987475827746,0,0.0642741890055405,0,1.20925372126955,0.00821371366945084,-0.107615296669668,0,0,0,0,0,0.198787814688404,0,0,0,0,0.0303799183906872,0,0.080607080107677,0,0,0,0,0,0,0,0,0.0153769032016958,0,0,0,0.0500726849001092,0,0.00203567853083864,0,0,0,0,0,0,0,0,0,0,0,0,0,0,-0.0500431715364276,0,0,-0.211660226580287,0,0,0.0160750880481008,0,0.115899147554687,0,0.100209525202709,-0.0142987578338395,0.0735918583239393,0,0,0,0,0
0.162046277752777,0.0742455360537969,0.102810195402201,0,0,0,0,0,0,0,0,0,0.0429992113808884,-0.027032810829077,0.0276889915374265,0,0,0,0,0,-0.000391232926474175,0,0,-0.31193095718024,-0.13333350783307,0,0,0,0,-0.0646112239836244,0,0,0,0.0191162279657958,0,0,0,0.00821371366945084,1.35386569013156,0.15452401936303,0,0,-0.0887306192860191,0,0.145966150658343,-0.183565486210262,0,-0.0704650875195808,0.0533996629382596,0,0,0,0,0,-0.173169642954687,0,0.0547713695695268,0,0,0,0.0128216085127205,0,0,0,0,-0.0469149847122883,0.0418457628908056,0,0,0.0629008231993602,0,0,0.0904452302705665,0.067294449032628,0.0175147799086865,0,0,-0.0650338438666384,0,0,0,0.0488824595786579,0,0,-0.11530884286996,0,0,0,0,0.129137506143625,0.083003583922953,0,-0.0692128500591725,0,0,0,0,0,0,-0.117681792953987
0,0,-0.0876607354874255,-0.0454283274352585,0,0,0,-0.0160944780169524,0.0322134060198733,0,0,0,-0.0155823411523324,0,0,0.0638712653543732,0,0.0847063228512619,0,0,0,0,0,0,0,0,0.0453708577461328,-0.10520723257354,0,0,-0.0676327630115792,0,-0.079992276780848,0,0.0330334952834412,0,0,-0.107615296669668,0.15452401936303,1.14978132146425,-0.0484674397979621,0.0402035527233225,0,0,-0.0431746953548851,0,0.0168183315461602,0,-0.00399833940631319,0,-0.00414981879069289,0,0,0,0.0184589572759791,0,-0.0544510379160921,0,0,0,-0.0648681348861231,0,0.00775265721437087,0,0,0,-0.0625752042853083,0,0,0,-0.00597950815029836,0,0,0,-0.0592791576774774,-0.00452712169869962,0.0111003926627465,0,0,-0.00337419735260862,-0.0161784555105329,0.0495601871918934,0,0,0,-0.119428368782397,0.0198226087174951,0,0,0,0,0,0,0,0.0127507812522196,0,0,0.0532826404633206,-0.00652567276841031,0
0.00917672164742507,0,0,0.0197232820091718,0,0,0,0,0,0,0,0,0,0,0,0,0,0,0,0,0,0,0.00363494472298679,0.0398520417155653,-0.0413611426867846,-0.102963819334225,0,0.0166302399701869,0,0,-0.0344064735544905,0,-0.0809389151318665,0,0,0,0,0,0,-0.0484674397979621,1.14760708322484,0,0,0.100887403808894,0,0,0,0.0676325183970872,0,0,0,-0.0839339567327576,0,-0.0984882974083129,0,0,0,0,0,0,0,0,-0.0213953832338773,0,0,0.0248432552421666,0.0629366392470762,0.0361120891920212,0,0.0826966257763826,0,0,0,0,0,0,0.0876811798887425,0,0,0.00905855940225819,0,0.100668666066779,-0.175268111359702,0,0,0,0.118696152277926,0,0,0,0.0982307451433016,0,0,0,0,0,0,0,-0.0396153810527553,-0.0226272195346693
0,0,0.235086865441601,0,0.00730458122312498,0,0,0,0,0,0,0,0,0.00729154323856907,0.0135707006083382,0,0,0.00404524401296569,0,-0.0472783302562808,0,0,0.179397338539817,0,0.06792291324702,0,0,0,0,0.0526785307079527,0,-0.0432996067870084,0,0,0.0881388802583115,0,-0.0253896548409528,0,0,0.0402035527233225,0,1.24036535645095,0,-0.0157802532133909,0,-0.146953057704161,0,0,-0.190008735605966,0,0,0,0,0,0,0,-0.0426272856594657,0,0.0758910312775593,-0.0157764841724268,-0.0231253489911631,-0.0313048248283011,0,0,0,0,0,-0.104029939856595,0,0,0.00918886106116976,0,0,0,0,0,0,0,0.164744508950899,0,0,0,0.12580999502723,-0.00889794954933829,0,0,-0.0937196770394584,-0.0107873791817066,0,0,0,0,-0.0455128938295802,0,0,-0.075821443007426,0,0,0,0
0,0,0.0721318755263431,0.00204758108860759,-0.241832111085649,0,0,-0.0235915516961851,0,-0.132078317404261,0,0,0,0,0,-0.101096185040172,-0.00930106608188529,0,-0.060914891198681,0,-0.0224412675203854,0,0,0,0,-0.0909779768506638,0,0,0,-0.0869943577720409,0,0,0.0391557329060091,0,0,0,-0.0402846784801046,0,-0.0887306192860191,0,0,0,1.24278653775671,0,0,0.0455953615250354,0.171512407250923,0,0,0,0.188012977679414,0,0,0,0,0,0,0.0208769378449981,0,0,0,-0.121247069197068,0,0,0,0.0233175321902006,0,0,0,0,0,0,0,0,0,0,0,0,0,-0.0544291535219012,0.089189019798518,0,0,0,0,0,0,0.0498519719966593,-0.0336427402626763,0,0.0589010572921921,0.000645642314826622,0,0,0,0,0,0,0.0527165183023297,0
-0.105535234464347,0,0,0,-0.0137031179264714,0,-0.0176593769699495,0,0,-0.028155316292588,-0.0474627309973636,0,0,-0.0373274671306813,0,0,0.0193300604579899,-0.0832502688207014,-0.0139191266452424,0,-0.0492401457562496,0.0927888033484856,0,-0.00942036789758032,0.00837896016298457,0,0,0,0,0,0,-0.0757865117315214,0,0,0,0,-0.0849072452315025,0,0,0,0.100887403808894,-0.0157802532133909,0,1.15672218860422,0,-0.0539277420804672,0.0804917305720353,0,-0.0144413666489339,0.00376485475591229,0.00431883002036852,0,0,0.0864837860064343,-0.0557097617891811,0.0680985127124666,0,-0.005976000282566,0,0,-0.109412593418386,0,0,0,0,0,-0.108233977578158,-0.0371786673260204,0,0,-0.0552218472566309,-0.052620868878793,0,0.0605679595822831,0,0,0,0,0,0,0,-0.00900446164795502,0.0500585467063294,0.0721217860418937,-0.039141361151531,0,0,0,-0.0212909623121788,-0.0378974099260656,0,0,0,-0.051691075901384,0,0,0,0,0,0
0,0,0,0,0,0,0,0,-0.00310658813843948,0,0,0,-0.00793655706409862,-0.0127246874741131,0.0326461487100538,0,-0.0646365686087364,0,0,0,0,0.0318837850620217,0,0,0,0,0,0,0.0183787001163553,0.0939898977152076,0,-0.0479265735825669,0,0,0,0,0,0,0.145966150658343,-0.0431746953548851,0,0,0,0,1.14147671317727,0.0734067695402911,0,0.0607382065207565,0,0,0,0.0372332208684423,0,0.0500483705196651,0,0,0,0,0,0,-0.00668153201100805,0,0,0,0.0866073033869329,0,0,0,0,0,0,0,0,-0.046769929736941,-0.122659783706571,0,0,0,0,0.00329979860365579,0,0,0,0.170691250422771,0,0,0,0,-0.0483573242887702,0,-0.114378858875088,0,0,-0.0866409212128661,0,0,-0.0392747541014542,0,0,0
0,-0.18060110741139,0,-0.0663694241406819,0,0.0172226184758798,0,0.116183309612149,0,0,0,0,0,0,0,0,0,0,-0.0835749471779203,-0.085540038287323,0,-0.0165261079042538,0,0,0,-0.21173955360691,0,0,0,0,0,-0.0345412044153346,0,0,0.142183317319719,0,0,0.198787814688404,-0.183565486210262,0,0,-0.146953057704161,0.0455953615250354,-0.0539277420804672,0.0734067695402911,1.72119408549853,0,0,0.186049226649177,0.0609019847900301,0,0,0,0.273513529415776,0,0,0,0,-0.0680336096761185,0,0,0,-0.0446158724427219,-0.0472136276662224,0,-0.31273667160627,0,-0.0950722599261358,0.135600236693906,0,0,0,0,0,0.234379318677096,-0.0884196586543955,0.00195468006608539,0.215306078071579,-0.0300903405927252,0,0.0157789966325123,-0.0292363573683209,0,0,0.235422073308061,0,-0.0570551173307549,0.0217751374707402,0,-0.13477037870225,0,-0.143905309885464,-0.0107502477777571,0.211870937661972,0,0,0,0,0,0
0,-0.0219549273432881,0,0,-0.140147781016613,0,-0.0217256887725278,0.0911828935205567,-0.0570135701332209,0,0.0840172331748493,0,0.0441185148226227,0.104499196140654,0.15155047090254,0,0,0,0,-0.0185610693056418,-0.0143925315998948,0,0,0.0752388053192364,0,-0.172615511383803,0,0,0,0,0,0,0,0,-0.0991615499125172,0,0,0,0,0.0168183315461602,0,0,0.171512407250923,0.0804917305720353,0,0,1.21853658127364,0,0,0,0,0,0,0,0,0,0,-0.0637683424988372,0,0.0815274204935137,0.174445505243931,0,0,0,0,0,-0.0138281767585704,0,0.122183499641698,0,0,0,0.112069228219719,0,0,-0.0556213728816699,0.0287108854447729,0,0,0,0,0,0.034147013948596,0,0,0,0,0,0,0,0,0,0,0,0.00567970269268044,0,0,0,0,0
0,0,0,0,0,0,0.00444216849887728,0,0,0,0,0,0,-0.027801877164177,0,0.0869457890980457,-0.0442523208562367,-0.0464302774247561,0.0111030503115122,-0.0392343068153146,0,-0.0614991488231543,0,0,-0.015639103695998,0,0,0,0,0,0,0,0,0.0333501298973725,0,-0.0652291429508232,0,0,-0.0704650875195808,0,0.0676325183970872,0,0,0,0.0607382065207565,0,0,1.21908062577389,0,0,0,0,0,0,0,-0.121565135124571,0,0,-0.0909168286971312,-0.0447972295653628,0.00723462558608649,-0.0537421397575336,0.00393596604577621,-0.00396419980619573,0,-0.138327473580755,0,-0.0266274406341477,0,-0.0155181863262631,0,0,0,-0.0849838389274883,-0.204573378893542,-0.101233015046252,0,-0.0275404984641109,0,-0.0390765369823937,0,0,-0.0452951500386516,0,0,-0.115239421042114,-0.0904039939693145,0,-0.0379254070400556,0,0,0,-0.0059887453686904,0,0,-0.106418014511141,0,-0.0210666576573951,0,0
-0.064278780316657,0,0,0.0630628831883495,-0.0272437730449508,0,-0.0764517928619523,0,-0.117230316677709,-0.0859838372896499,0,-0.0934521630364438,0,0,0,0,0,0.00297554923856538,0,-0.08503736641573,0.184609003928377,-0.0609734706444109,0,0,0.134546320452464,0.00209866528886605,0,0,-0.0869782745258582,0,0,0,0,0.0135536002600374,0.033397065613762,0,0,0,0.0533996629382596,-0.00399833940631319,0,-0.190008735605966,0,-0.0144413666489339,0,0.186049226649177,0,0,1.49969570050612,0,0,0,-0.163561014067405,0,0,-0.260214523561981,-0.0535556625926229,0,0.0375976981171749,0,0,-0.086209892614983,-0.178551679673479,0,-0.0984991844394676,0,-0.12129191200273,0,-0.0509043514197685,0.130328450912892,0,0,0,0,-0.188476507989634,0,0,0,0,-0.0789909481996938,0,0,0,-0.0408307934610093,0,-0.0874239533559925,0,0,0,0,0,0,0,0,0,-0.116169657707154,0,0,-0.0860446722971647,-0.112279966759669
0.026611375979718,0.0250518650172839,0,0,0,0.0367706954361777,0,0.0515245619263058,-0.00487589233770576,0,-0.0523499784929671,0,0,0,0,0,-0.10195990405535,0,0,-0.018098899478439,0,0,0,0.106843159701669,0,0,0,0,0,0,0,-0.0321683167180045,-0.0347540094483089,-0.0755303421150796,0,0,0,0,0,0,0,0,0,0.00376485475591229,0,0.0609019847900301,0,0,0,1.16162470233062,0,-0.142426706898494,0,0,0,0.0141757942385021,0.120901869064909,-0.00123499292684083,0,-0.0314097147056587,0,0.0442703810416414,0,0,0,0,0.114665997553899,0,0,-0.0440701808496123,0,0,0,0,-0.0573013620563648,0,0,0.0513837198653871,0,0,0,0.0414408911761002,-0.0195706946670521,0,0,0,-0.151706944039256,-0.0578022734115543,0,0,0,0,0,0,0,0,0.0396888426231168,0.176404190197127,0,0
0,0,0,0,0.00673695176880261,0,0,0,0,0,0,0,0,-0.150640656787032,0,0,-0.0770605327727565,0,0.0258851824976729,0,0,0,-0.0830506094760793,0,0.0876919014888066,0,0,0,-0.160421936717414,0.0455342114965021,0,0,-0.130299370491343,0,0,0,0,0.0303799183906872,0,-0.00414981879069289,0,0,0.188012977679414,0.00431883002036852,0,0,0,0,0,0,1.2062794975275,-0.0406472314044554,0,0.0292201947877657,0.0230900155625083,0,0,0,0.1252620240628,0,0,0,0,0,0,0,0,-0.0621637289865741,0,0,0,0.0289926842425976,-0.0542808988429477,0,0,0,0,0,0,0.0338329611073571,0,0.146454442927974,0,0.00369651695625301,0,0,0,0,-0.11868895488063,0,-0.064695561169508,0,0,0,0,0,0,0.0198381821837315,0,-0.00275750481161111
