"X1","X2","X3","X4","X5","X6","X7","X8","X9","X10","X11","X12","X13","X14","X15","X16","X17","X18","X19","X20","X21","X22","X23","X24","X25","X26","X27","X28","X29","X30","X31","X32","X33","X34","X35","X36","X37","X38","X39","X40","X41","X42","X43","X44","X45","X46","X47","X48","X49","X50","X51","X52","X53","X54","X55","X56","X57","X58","X59","X60","X61","X62","X63","X64","X65","X66","X67","X68","X69","X70","X71","X72","X73","X74","X75","X76","X77","X78","X79","X80","X81","X82","X83","X84","X85","X86","X87","X88","X89","X90","X91","X92","X93","X94","X95","X96","X97","X98","X99","X100"
1.08522164478631,0,0,-0.0232966541716294,0,0.0439698638643432,0,0,-0.105002384707789,0,-0.0218681218987477,0,0,-0.0108042091802016,0,0,-0.0693315108923588,0,-0.0126941374118193,0,0,-0.0355960379970504,0,0,-0.0366505553754694,0,0,0,0,0,0,0,0,0.0586571854414773,0,-0.0182696314907257,-0.0430283834559885,0,-0.00887757427827889,-0.0235820704921196,0,0,-0.0276807922997435,0,0,0,0,0,0,0,0,0,-0.0285978697825543,0,0.0797421991755698,-0.0626186353128484,0,0,0,0,0,0,-0.0171237986902926,0,0,0,0,0,0,0,0,0,0.00302666846062254,0,-0.024983277193434,-0.0553033936981293,0,-0.00912205250815031,0,0,0,0,0,0,0,-0.0910016032339011,0,0,0,0,0,0,0,-0.0146951039344841,0,-0.104867293674692,-0.0406397844333838,0,0.022854797179952,0
0,1.18307039020233,-0.00911221283821956,0,0,0.0650740802545464,-0.0868696138001842,0,0,0,0,0,0,0.03842380524683,0.0137463113226005,0,0,-0.068055949734975,0,0.0330405485584596,0,0,0,0,0,0,0,0,0,0,0,0,0,0,0,-0.00791345990001082,0,0,0.141733668079986,0,0,0,0.0770919961596585,0.0348751445083419,0,0,0,0,0.0152896412520738,0,0,0,0,0,0,0,0,0.0765469837280977,0,0,0,0.0201927690335072,0,0,0,0,0,0,0,0,0.0120020625633442,0,-0.0583588791515453,0,0,0,0,-0.0667108623781537,-0.104099101239282,-0.0990135459251042,-0.078204585806594,0,0,0,0,0,-0.26088772689725,0,-0.0412710073506279,0,-0.0459443210950702,-0.0180625884146906,0,0,0.00451230228801002,-0.0670807832611392,0,0,0,0.000210132297181449
0,-0.00911221283821956,1.51368622845385,0,0,0,0.303330612094219,0,-0.0237106478746301,-0.142157134824061,0,-0.038984133183351,0,0,-0.170400840618289,0,0,-0.131399218356659,0,0,0,0,0,0.0910798568848867,0,-0.0105512042734918,0,0,0,0,0.098344583338817,0.0219898483430194,0,0,0,-0.0508635666718431,0,-0.0511265924993639,0.298614953447195,-0.118842433838982,0.0379825551607942,0,0,0,0,-0.241073938712647,0.0259894290083861,0,0,0,-0.150352502128642,0,0,0,-0.00676677363381145,-0.06796103363954,0.0473175575458525,0,0,0.0103069309361499,-0.0063840343725009,0,0.161078568241021,0,0,-0.075441602132623,0,0,0.0614145924319848,0,-0.0804210833746987,0,-0.15169667987413,0,0,0,0,-0.138010626946597,0,0,-0.143190131956594,0.112524508978781,0,-0.0845640616033026,0,0,0,-0.0260211332210134,0,0,0,0,0,0,0,0,0,0,0,0.0218347682013269
-0.0232966541716294,0,0,1.31100726402305,0.232415180946162,0.0590698632589243,0,0,0,0,0,0,-0.114620338862216,0,0,-0.13248908380896,-0.0277021736584035,0,0,0,0,0,0,0,0,0,0,-0.0298726794218568,0,-0.0511262279689337,0,0,0.0633455869635522,0.181425378458661,-0.225845230214653,-0.0161467417875477,0,0,0,0,0,0,0,0,0,0,0,0,0,0,0,0,0,0,0,0,0,-0.00557469082234571,0,0,0,0,0,0,0,0,0,0,0,0,0,0,0,0,-0.152642773387317,0,0,0,0,0,0,-0.150695405788106,-0.0202098700722118,0,0,0,0,0.0431601158295363,-0.15480100031761,0,0,0.177211851780153,-0.0597084272505951,0,0,0,0,0.0148058967386207,0,0
0,0,0,0.232415180946162,1.26679020115569,0,0,0,0,0,0,0,0,0,0,0.0232261181033269,0.0210005200117569,0.0768039287789046,0,0.0899133966877133,-0.0303131674514382,0,0,0.0100716387336515,0,-0.00917195783450757,0,0,0,0,0,0,0,0,0,0.0331119483060772,-0.0205079121459857,0,0,0,0,-0.0158508211764066,0,0.0623835033219337,0,0,0,0,0.0231499420276888,0.133366416453837,0,0,0,0.00121433590227103,0.00360887223076101,-0.18361495031588,0,0,-0.0796633504095634,0.0203517556754549,-0.0766642854841648,0,0.109171877095805,-0.121317894578254,0,-0.0718166355549399,0,0.0366863353907402,0,0,0,0,0,-0.100823759542715,0,-0.036071115412383,-0.0242667051318163,0.139029730139823,0,-0.0647261944578737,0,0,0.00907964435129126,-0.0429211115517999,-0.10541472262225,0.00514431582997032,0,0,0,0,0.117650237223509,0,0,-0.03602813910086,-0.111581365536079,-0.0360770288632749,0.0540660024439255,0,0,0
0.0439698638643432,0.0650740802545464,0,0.0590698632589243,0,1.10215992331127,0.0483885318297109,-0.0137102896848391,0.0599441997063602,-0.00568174357378676,0,0,0,0,0,0,0,-0.0355085157204063,0.0862434834511254,0,-0.027357525651621,-0.0632483890521696,0,0,0,-0.0929559228901438,-0.0089023466000855,-0.0402847501593672,0,0,-0.0137105323773435,0,0,0,0,0,0,0,0,0,0,0.0213159799174325,0.0198537788922178,0,0,0,0,0,0,0.0516086569746661,0,0,0,0,0,0,0,0,0,0,0,0,0,0,0,0.0301095544519947,-0.162380839320908,0,0,-0.0415069341043189,0,0,-0.0573696177705414,0.0652856723196738,0,0,-0.0118116218598776,0,0,0.0809505766454492,0,0,0,0.00946544781809365,0,0,0,0,-0.0352337794523274,0,-0.0154337424662554,0,0,0,-0.01367268856177,0,0,0,-0.140322482922709,0
0,-0.0868696138001842,0.303330612094219,0,0,0.0483885318297109,1.29596995642902,0,0,0,0,0,0,0,0,0,0,-0.193021860827135,-0.0196854817280722,0,0,0.0234918558533449,-0.0227392276812973,0.0315540085317579,-0.0382941954841998,-0.127441088214458,0,0,-0.0383969584498433,0.0424811760432147,-0.0277664202049165,0,0,-0.108940877952609,0.0397444299063506,0,0,0,0,-0.0616672152614903,-0.102404555920132,-0.0397434992283433,0,0,0.00921453229479386,0,0,0,0,0,0,0.105482074999906,0,-0.0938376653696735,0,-0.0172492120339371,0,0.0571998244109714,-0.00490462418239139,0,0,-0.0125139916839339,0,0,0,0,0,0,-0.046995536181755,0,0,0,0,-0.0347112180363304,-0.136569283346139,0,0,0,-0.00901617678247636,0,-0.0101474052488624,-0.127504811171537,0,0,0,-0.0574852752187416,0,0,0,0,0,0,0,0,-0.0826165146112697,0.0354931670461828,0,0,0,-0.0352397339086539
0,0,0,0,0,-0.0137102896848391,0,1.33423782188364,0,0,0,0,0,0.0432960275617105,-0.04721928083035,0,0,0,0,0,0,-0.0262242457279403,0,0,0,0,0.0267686796794887,0,0,-0.0791680779926562,0,0,0,-0.0231463662052506,-0.011032762262858,0.0891227578705455,0.211721028076726,0,0,0.126870234137067,0.033184156470117,0,0,0,0,0,0,0.0613559916536559,-0.0971815479838283,0,0,0,0.113460147070085,0,0,0,0,0,0,0,-0.174983602582965,-0.0738641323508609,0,0,-0.208893708897819,0.0776977863340069,0,0,0,0,0,0,0.0436323934884611,-0.0992603762296823,0,0.0716923070767704,0,0,0.173570699192125,0,0,0,-0.136907136778001,-0.00186754853160788,-0.0226294377751963,0.162596424062642,0,0,0,0,0,0,0,0.0132757253816429,0,0,0,0,0,0
-0.105002384707789,0,-0.0237106478746301,0,0,0.0599441997063602,0,0,1.44776861988985,0,0,0,0,0,0,0,0,0,0,0,0,0,0,-0.0384322159326054,0,0.00610650416286805,0.0528810587496338,0,0.0452799037802252,0,0,0,0,0,-0.0605775048987851,0,0,-0.105086820109173,-0.0912985860090929,0,0,0,0,0,0,-0.375341298711113,0.068718297901428,0,-0.232700389390627,0,0,0,0,0,0,-0.28037298308894,0,0.0359965169897694,0,-0.130163546253404,0,0,0,0,-0.0423937787656842,0,0.094501585789081,0,0.0108055077170729,-0.0490230119256604,0,0.0442687113763643,0,0.242816362640046,0,0,0,0,0.0651504151419915,0,-0.173993110809693,0,0,0,0.0349174101492388,-0.131022998792998,-0.0910972947868449,-0.081483494765869,0,0,0,0,0,-0.00160082424830603,0,0,0,0,0,0
0,0,-0.142157134824061,0,0,-0.00568174357378676,0,0,0,1.1850995974205,0.189429273469436,0,0,0,0,-0.0718966000800249,0,0,0.124235971705394,0,-0.107118043337516,0,0,0.00767945742227197,0,0,0,0,-0.00210776594461946,-0.0600447605666179,0.00584728444883951,0,0,0,0,0,0,-0.201394276653483,-0.00770913615076007,0,0,0,0,0,0,0,0,0,0,0,0,0,0,0,0,0,0,0,0,0,0,0,-0.00610547710333947,0,0,0,0,0,-0.0703236849489239,0,0,0,0,0,-0.0388505795672305,0,0,0,0,-0.00656162024861291,0,0,0,0,0,0.112793992601547,0.0564361963340815,0.033529481836013,0.0225357323869462,0,0,0.0196077837776044,0,-0.0180042066065888,0.0746889933702253,-0.118964354691849,0,-0.0268045745971016,-0.025089125591982,0
-0.0218681218987477,0,0,0,0,0,0,0,0,0.189429273469436,1.26098529007062,0.118363053987962,0.0476271272021219,0,0,0,0,0.0116106990129802,0,0,0,-0.0272766371657828,0,0,0,0,0,0,0,0,0.0620062501593193,0,0,0,-0.18307409816284,0.0157865568910102,0,0,0,0.0835381440827206,0,0,0,0,-0.137284385904038,0,0,0,0,0,0,-0.0444364462838346,0.0423623695604183,0,0,-0.012392522835555,-0.0850632584506158,-0.0187967763670196,0,0,-0.0151007186695119,0,0.00287001028690982,0.0229086680502732,0.0902565947920518,-0.0353664336303453,-0.0809005016984621,0.0198209931697515,0.115732764746552,-0.075023007533846,0,0,-0.171339491502266,0,0,-0.1481253999719,0.0370068915334799,0,0,0,0,0,0,0,-0.129173625504307,0,0,0,0,0,0.0179323842139568,0,-0.00339684489489945,0.104957703771562,0,0,0,0,-0.114644484388323,0
0,0,-0.038984133183351,0,0,0,0,0,0,0,0.118363053987962,1.1808670930306,0,-0.00870648771945659,0,0,0,0,0.0228040457460999,0,0.0373795532420813,0,0,0,0,-0.00420280306431869,0,-0.133058768661508,0,0,0,0,-0.109291101664104,0,0,0,0,0,0,-0.0246041389062087,0,0,-0.0554715175685892,0,0,0,0,-0.228118694364003,-0.00575988682471898,0.174223905940164,0,0,0,0,-0.0698814928008073,0,0,0.0262335395475292,0.0261809646750683,0.0325464016665603,0,0,0.0143754181331256,0.0647046068927641,0.114106971928976,0,0,0,0,-0.0442920562168512,0,0,0,0.097343235005437,-0.168260730851396,0,0,-0.0664495707451631,0,0,0,0,0,0,0,0,0,0,0,0,0,-0.0110036877577456,0,0,0,0,0,0.0278713183646342,0,0
0,0,0,-0.114620338862216,0,0,0,0,0,0,0.0476271272021219,0,1.26516015408027,-0.096252436113296,0,-0.0224033550966522,0,-0.0817686964574522,0,0.0151837772376654,0.110961816615953,0,0,0,0.100972431684781,0,0,-0.0110648603244571,0,0,-0.0567315718701882,-0.000454526966327054,0,0,-0.0461883268139203,0,0,0,0.0699957024428744,-0.0104176265920124,0,0,0,0,0,0,0,0,0,-0.11263060923411,0,0,0,0.00603553430518488,0,0,0,-0.0998447162624123,-0.0193302007835851,-0.13926090167109,-0.0966636047194794,0,-0.0255951585293611,0.159746206879179,-0.0628583868151644,0,-0.0287070741174426,0,-0.0177731434439961,0.114747537045366,0,0,0,0,0,-0.103716698070154,0,0,0,0,-0.0487038043835477,0.00548476306901316,0,0,0.0651526022377357,0.0226689290330305,0,0.0407229685010813,0,0,0,0,0,0,0,0,0,0,0,-0.247414147820007
-0.0108042091802016,0.03842380524683,0,0,0,0,0,0.0432960275617105,0,0,0,-0.00870648771945659,-0.096252436113296,1.16480620664535,0,0,0,0.143551401886971,0,0.0634983359068378,0,0,0,0.0209324136173964,0,-0.109637881604653,0,0,0.0327742485139979,0,0,-0.14020512399639,0,0.075556736040546,0,0,0,0,-0.0590860522908661,0,-0.0215720796808095,0,0,0,0,-0.0406977411151641,0.0335901445644048,0,0,0.0347626427981092,0,0,0,0,0,0,-0.0118321738682483,-0.0797229763804346,0,0,0,0,0,0,0,0,0,0,0,0.0253967842324024,0.0234764158448483,0,-0.0043541913958095,0,-0.0626456294711235,-0.00765578818634204,0,0,-0.117879277692381,0,-0.0135299626541148,0.0211945265495111,0.0381374362922258,0,0,0,0.00773176148881022,0.09825121696348,0,-0.0129329385585304,0,0,0,0,0,0,0,0,0,-0.168458078580016
0,0.0137463113226005,-0.170400840618289,0,0,0,0,-0.04721928083035,0,0,0,0,0,0,1.29055604194272,0,0,0,0,0,0.00901648319721901,0,0,0,0,0,0.117247456777113,0,0.07105068223173,0,-0.0263655209437364,0,0,0,0.148156640579443,0,0,0,0,0,0.119773832112005,0,-0.0322869765277698,0,0,-0.0680409740482528,0,0.193944045061336,-0.0434507397365672,-0.00695288314572491,0,0,0,0,0,-0.0524767809954196,0,0,-0.14252401558665,0.0650118642675132,-0.223595757657148,0,-0.113988563911744,0,0.00279649210985215,-0.135369278414632,0,0.0134833201115643,0,0,0,-0.0212047744583347,0.0110169917833443,0,-0.113624651536955,0.0191688243566028,-0.013374587800904,0,0,-0.0130420958635749,0,0,0,0,0.131103657695523,0,0.0647675578227545,0.127100480362626,0,0,0,-0.0433564157869006,0,0,-0.113107103333007,0,0,-0.0532068358387185,0,0.0786869150152205
0,0,0,-0.13248908380896,0.0232261181033269,0,0,0,0,-0.0718966000800249,0,0,-0.0224033550966522,0,0,1.3108584727098,0,0,0.00484861666709623,0.00579446806639765,0,0,0.045520795028431,0,0.0815873445735622,0,-0.00229248254393987,0,0,-0.382242586926952,0,-0.101437190994361,-0.0864485672822416,0.0202972670646594,0,-0.121392745147937,0,0,0,0,0,0,-0.0287165580358047,0,0,0,0,0,0,0,0,-0.15672241989676,0.0162710945614106,0,0,0.147699760531035,0,0.0300178168501099,0,0,0,0,0,0,0,-0.0687304980164786,0,0.0140057382332002,0,0.0440948819503004,0,0.0328717197263372,0,0,-0.186452650269746,0,0,0.0511579273115707,0,0,-0.0651657429753729,0,0,0.0566507568837783,0,0,0,0,0,0,0,0,0.00551161392090924,0,0,0,0,0,0,0.000155989375689469
-0.0693315108923588,0,0,-0.0277021736584035,0.0210005200117569,0,0,0,0,0,0,0,0,0,0,0,1.42454865688511,0,-0.0783519615375823,0.0784050551657918,0,-0.238260790816245,0,0,-0.125321309176606,0,-0.162791605432998,0,0.0156747101585171,0,-0.0525537492391697,0,0,0,0,0,0,0,0.0271384113818535,0,0,0,0.0549657931466418,-0.0933406861754292,0,0,0.262118079951624,0,-0.00954617295229601,0,0,0.0337514344975831,0,0,-0.0820435676472368,0,0,-0.0938734493238752,-0.103211595480574,-0.0113044075696656,0,0,0,-0.012683935075401,-0.061637661580407,0,0,0,0,-0.0346997332555807,0,0,0,-0.0823631383825293,-0.00151815140118532,0,-0.102104656778228,0,0,0,-0.0588199674201484,0,-0.10496188817068,0,0.356747075784115,0,0.0743121470655018,0.0866204208875951,0,0,0,0,-0.111678121581134,0,0,0,-0.136760018101442,0,0,0.139566465590602
0,-0.068055949734975,-0.131399218356659,0,0.0768039287789046,-0.0355085157204063,-0.193021860827135,0,0,0,0.0116106990129802,0,-0.0817686964574522,0.143551401886971,0,0,0,1.29842695662471,0,-0.0475013073475357,0,0,-0.178325727077036,0,0,0,0,-0.119473267002586,0,0,0,0,0.0242935835189904,0,0.114836586326981,0,0.0247602843797627,0,0.0130271307022203,-0.0588997543720741,0,0,0,0,0,-0.118034590943097,0,0,0,-0.000697936081801276,0,0,0,0,0,0,0.0143594727675922,0,0,0,0,-0.0150201374956039,0,0,0,0,0,-0.102283324257614,0,0,0,-0.131420881371439,0,0,-0.205282038523265,0,0,0,0,0.0711125928772801,0,0,0,0,0,0,-0.0483237820784559,0.0999068490653834,0,0,0,0,0,0,0,0,0,0,0,0.140641373709819
-0.0126941374118193,0,0,0,0,0.0862434834511254,-0.0196854817280722,0,0,0.124235971705394,0,0.0228040457460999,0,0,0,0.00484861666709623,-0.0783519615375823,0,1.16909870238944,0,0,0,0,0,-0.0965462402894828,-0.122593536976233,0.00862227852840103,0,0,0,0,0,0,0,0,0,-0.0790925629006941,0,0,0,-0.0209412921873516,0,0,0.0130471670660555,0,0,-0.0318139338766188,0,0,0,0,0,0,0,-0.16138215380965,0,-0.0749192185410807,0,0.113724045931178,0,0.125947914792261,0,-0.0525182352518412,-0.0308191238617895,0,0,0,-0.0104066681764656,0,0,-0.0731588632975429,0,0.0874474181529102,0,0,0,0,0,0,0,-0.0524468172762303,0,0,0,0,0.0311105538464413,0,0,0,0,0,-0.068745971296049,0,0,-0.071955176179818,0,0,0,0.0348280724756809,0
0,0.0330405485584596,0,0,0.0899133966877133,0,0,0,0,0,0,0,0.0151837772376654,0.0634983359068378,0,0.00579446806639765,0.0784050551657918,-0.0475013073475357,0,1.17978270777897,0,0,0,0,-0.079260053802669,0,0.0844454734822816,-0.0579429332878525,0,0.0637600891079641,-0.0464718728507739,0.0274450728917557,0,0.0219469182595137,0,0,0,0.0229674021279783,-0.230067409364873,0,0,-0.0582092457332699,0,0,-0.0762426990552249,0,-0.0670343986515376,0.0316876057566835,-0.0217764191591275,0,0,-0.0430560725449964,0,0,0,0.134238959192938,0,0,0,0,0,0,0.091492264398422,0,0.00497891123634171,0,0,-0.187961193088568,-0.0581634694984826,0,0,0,0,0,0,0,0,0,0.0160541977016311,0,0,-0.0557785857683462,0,0,0,-0.00520384475108731,0,0,0,-0.0577942511388254,0,0,0,0,0,0,0,-0.0122971712552707,0,-0.0214872258742611
0,0,0,0,-0.0303131674514382,-0.027357525651621,0,0,0,-0.107118043337516,0,0.0373795532420813,0.110961816615953,0,0.00901648319721901,0,0,0,0,0,1.09140470287049,0,0.0730114752733994,0,0.0796911655350939,0,0,0,-0.0130543337485965,-0.00645694938732825,0,0,0,0,0,0,0.0296437359236318,0,0,-0.066032516350763,0,-0.0629859018705665,0,-0.0140488943358818,0,0.0506374953640819,0,0,-0.0612656259439385,0,0,0,0,-0.0857792588466924,-0.00599485951991945,0,-0.12209606904859,0,0,0,0,0.014885839625674,0,0,0,0,0,0,0.0206983074924504,0,0,0,-0.0896651890723685,0,0,0,0,0.0211814121347053,0,-0.00957478711849731,0,0,0,0,-0.0554631079538185,0,0,0,-0.00831042010371266,0,0,0,0,0,0,0,0.0681992731458051,0,0,0
-0.0355960379970504,0,0,0,0,-0.0632483890521696,0.0234918558533449,-0.0262242457279403,0,0,-0.0272766371657828,0,0,0,0,0,-0.238260790816245,0,0,0,0,1.1684959070174,0,0,0,0,0.00374249869939587,0,0,0,-0.0840244720115491,-0.00502565344541942,0.0388778535414968,0.0330811115372091,0,0.0277487549760599,-0.000406129297196552,0,0,0.0144399629221021,0,0,0,0,0,0,0,0,0,0,0,0,0,0,0,0,-0.0452224496913305,0,0,0,0,0,0,0,0,0,0,0,0,0,0,0.0547240613412549,0,-0.176469467393677,-0.137186954651427,-0.079382903152099,0,0,0,-0.0188311300231773,0,0,0,0,-0.0513194808501063,0,0.0156750542592871,0,-0.0555465356592625,0,0,0,-0.0518753016225035,0,0,0,0,0,0.0462708982800341,0
0,0,0,0,0,0,-0.0227392276812973,0,0,0,0,0,0,0,0,0.045520795028431,0,-0.178325727077036,0,0,0.0730114752733994,0,1.13587679683665,0.00129865625652499,0,0,0,0,0.0447096616783805,0,0,0,0.147035860266955,0.090652810964078,0.0810700836971746,0,0,-0.0351231630923131,0,0,-0.0084069988053231,0,-0.0178362534530379,0,0,0,-0.0431252225446749,0,-0.0195223211720492,-0.141550863570021,0,0.035544879537009,0,0,0,-0.0108510926679242,0,0,0,0,-0.0571523483769745,0,0,0,0,0,0,0,-0.0452262812384111,0,0,-0.00351961904116264,0,0,0,0,0,0,0,0,0,0,0,-0.0552698556210762,0,-0.0199368119024969,-0.0653731198141884,0,0,0,0,0,0,-0.0699742043131415,0,0,0,0,0,-0.0602571934202373
0,0,0.0910798568848867,0,0.0100716387336515,0,0.0315540085317579,0,-0.0384322159326054,0.00767945742227197,0,0,0,0.0209324136173964,0,0,0,0,0,0,0,0,0.00129865625652499,1.1424960087894,0,0,0,-0.0659686267952928,-0.105503361737116,0,0,0.0293760848634574,0,-0.0227158001854512,0,0,0,0.0417115852239094,-0.185313111434788,0,0,0.00704291398236482,0,0,0,0.100513169848067,-0.00276284032596751,0,0,0,0,0,0,0,-0.0545635610211246,-0.00769547835366392,0,0,-0.0109971083644287,0,0,0,0.00473986075290553,0,0,-0.033496825028712,0,0,0,0,0,0,0,0,0,0.0381725003818369,-0.00335144252979195,0.00128546223720627,0,0,-0.0749716850272421,0,0,0,-0.00480852000775511,0,-0.101530685730321,-0.137838163895254,0,0,0,-0.0889172597091731,0,0,0.0893747919706311,0,0,0,0,0
-0.0366505553754694,0,0,0,0,0,-0.0382941954841998,0,0,0,0,0,0.100972431684781,0,0,0.0815873445735622,-0.125321309176606,0,-0.0965462402894828,-0.079260053802669,0.0796911655350939,0,0,0,1.1859505359125,0,0,0,0,0,-0.0452610885483752,0,0.0581632971476677,0,0,0,-0.0855884785827893,0,0,0.0769806234903025,-0.0175583331639395,0,0,0.0869304075400405,0,0,0,-0.103323848818298,0,0,0,0,-0.0110900495099516,-0.089852756285238,0,0,0,0,0,0,0,0,0,-0.0804488146261065,0,0,0,0,0,0,0,0,0,0,0,0.0720867235298597,0.00215330217095662,0,0,0,0,0,0,-0.00966627242186714,0,-0.190004065048842,0,0,0,-0.0251319308147556,0.0189190947790533,-0.0439048248394282,0,0,0,0,0,0,0,0
0,0,-0.0105512042734918,0,-0.00917195783450757,-0.0929559228901438,-0.127441088214458,0,0.00610650416286805,0,0,-0.00420280306431869,0,-0.109637881604653,0,0,0,0,-0.122593536976233,0,0,0,0,0,0,1.32202519127587,0,0,0,0,0,0,0,0,0,0,0,0,0.160873253156858,-0.271695508411638,-0.146600828774228,0,-0.0129344112768028,0,0.00266604119722163,0,-0.0247273419660979,0,0,0,0,-0.0146232679305435,0,0,0,-0.195894696009667,0,0,0,0.0134036175234651,0.088431461527194,0,0,0,0.0258700054032907,0,0,-0.040599967756979,0,-0.0443958071244253,0,0,-0.0120750195312141,0,0,-0.0142310574419689,0,0,0,-0.0291136385943468,-0.017092112078372,0,0,0,0,-0.0243852608393533,0,0,-0.274217854356879,0,0,0,-0.0749031992960433,-0.0193261831982333,0,0,0,0.0991895736626356,0,0
0,0,0,0,0,-0.0089023466000855,0,0.0267686796794887,0.0528810587496338,0,0,0,0,0,0.117247456777113,-0.00229248254393987,-0.162791605432998,0,0.00862227852840103,0.0844454734822816,0,0.00374249869939587,0,0,0,0,1.23047681227522,-0.104843270183932,0,0,0,0,0,0.0156816334301174,-0.0140389176915971,0,0,-0.00140634185166084,0.0422227807313383,0,0,0,0,0,0,-0.049095518165899,0,0,0,0,0,0,0,-0.0328280965908204,0,0,0,-0.0426480248145731,0,-0.117188831980817,-0.0594792318518612,0,0.142171723762274,0,0,0,0,0,-0.133916562306,0.0271155215669288,0,0,0,0.0358718089223957,0.010152388254771,0,-0.0041623667219218,0.223441794116646,0,0.034891175177009,0,0,0,0,-0.0825538365753765,-0.0677302957527734,0.0189885084044114,0.127002975642114,0,0,0,-0.00508390314674332,0,0.0673886523533088,-0.124781806339923,-0.108384507221062,0,0,0,0.0612839919244138
0,0,0,-0.0298726794218568,0,-0.0402847501593672,0,0,0,0,0,-0.133058768661508,-0.0110648603244571,0,0,0,0,-0.119473267002586,0,-0.0579429332878525,0,0,0,-0.0659686267952928,0,0,-0.104843270183932,1.16429777393616,-0.0185539216684482,0,0,-0.0195732359979547,0,0,0,0,0,0,0,0,-0.0393017764632917,0,0,0,0,0,-0.0433848359131053,0,-0.0395642539396814,0,0,0,0.00263709746395063,0,0,0.00507902610860618,0,0.0241566007922894,-0.0409542190728668,0,-0.113388318983219,0,0,0,0,0.0288787622197925,0,-0.00679267938121908,-0.0584054747257044,0,-0.0235098740954255,0,0,-0.112648674214744,-3.62764591972157e-06,0,0,0.0832891669380028,0,0,0,0,-0.154580452650512,0,-0.0144905387175527,0,-0.0127775939777392,0.00177028086818874,0,-0.0188303383864628,0,0,0,0,0.0296058803759767,0,-0.0225736149153406,0.134677893301751,0,0.0338354878834131
0,0,0,0,0,0,-0.0383969584498433,0,0.0452799037802252,-0.00210776594461946,0,0,0,0.0327742485139979,0.07105068223173,0,0.0156747101585171,0,0,0,-0.0130543337485965,0,0.0447096616783805,-0.105503361737116,0,0,0,-0.0185539216684482,1.17106317211811,0,0,0,0,-0.151272765233844,0,-0.0450461052699355,-0.0705090372244169,0,0.0585282801836933,-0.0550550671032524,-0.0784196300690088,0,0,0,0,0.00298691417949165,-0.0625442032728807,0,0,0,0,0,0,0,0.00235736273098921,0,0,0,-0.0256546793015304,0,0,0,0,0,-0.0463385782858906,0,-0.214620277399479,0,0,0.0184238171647531,0,-0.071304070466952,0.0573222690280932,0,-0.0519568123219104,0,0,-0.0245076588023648,0,0,0,0,0,0,-0.148067349060767,0.0198374091039867,0,0,0,0.0386911711444399,0,0,0,-0.0522303498313297,0,0,0.0358215432839186,0,0,0
0,0,0,-0.0511262279689337,0,0,0.0424811760432147,-0.0791680779926562,0,-0.0600447605666179,0,0,0,0,0,-0.382242586926952,0,0,0,0.0637600891079641,-0.00645694938732825,0,0,0,0,0,0,0,0,1.62670026648943,0,-0.0606979758541013,0,0.0478823032955707,0,-0.0678114500765684,0,0,0,0,0,-0.00888438199776822,0,0,0,0.326007090755646,0.0432164121876618,0,0,0,0.131421229359094,0,0.0457761734601834,0,-0.0632484476653115,0,0,0.0137673233735371,0,0,0,0,0,0.22239189834667,0,0,0.087844222043459,0.129360215981595,0,0,0.028976450180182,0.0542925506128941,0,0.267014320635051,-0.0114168407469086,0,0.0707957882206575,0,0.073390641291484,0,-0.00368247442783461,0.177468118127477,0,-0.1880278041736,-0.0223789007765378,0.176345721445457,0,0,0,0,0.0579938744264564,0.0934280593824718,-0.180081818490041,0.0034893093597427,0,0,0,0,-0.0950294052618512,0.158899958821953
0,0,0.098344583338817,0,0,-0.0137105323773435,-0.0277664202049165,0,0,0.00584728444883951,0.0620062501593193,0,-0.0567315718701882,0,-0.0263655209437364,0,-0.0525537492391697,0,0,-0.0464718728507739,0,-0.0840244720115491,0,0,-0.0452610885483752,0,0,0,0,0,1.40361156637509,0,0,0.150889567792261,0,-0.0105429876693082,-0.023995167943995,0,0,0,0,0,0,-0.044156471133505,0,0,-0.0787232494012648,0,0,0,0,0,0,-0.0554287641481147,-0.083814541625561,-0.0174225746232113,0.0392653579371145,0,0,0,-0.0308875998685829,0,-0.00795708243512846,-0.315053815817,-0.0736974632107919,0,0.103596676888688,0,0,0,0,-0.118573042443447,0,-0.298027204628376,-0.256139996158645,0,0,-0.0114460644449297,0,0,0.00822894187984492,0,0,0,0,0,0,0.0396940102876492,0,0,0,0,0,0,0,-0.0230167725701515,0,0,0,-0.0415973331471709
0,0,0.0219898483430194,0,0,0,0,0,0,0,0,0,-0.000454526966327054,-0.14020512399639,0,-0.101437190994361,0,0,0,0.0274450728917557,0,-0.00502565344541942,0,0.0293760848634574,0,0,0,-0.0195732359979547,0,-0.0606979758541013,0,1.15302111218956,0,0,0,0,-0.034941541636108,0,0,0,0,0,0.055171538605969,-0.0654828643723947,-0.00187995720593136,0,0,0,0.0130980965639874,0.00882050431651398,-0.0830813552886457,0,0,0,0,0,-0.0373591705068971,0,0,0,0,0,0,0,0.00559352307633305,0,0,-0.0442813921073049,-0.00911041846908824,0,0.0657767231538244,0,0,0,0,-0.0685403694183297,0,0,0.0260674146953989,-0.125025505142673,0,0,0,0.00682698698915096,0,0.122520343744874,0,0.145325472877454,0,-0.0804847115520933,0,0,0,0,0,0,-0.0231629116706616,0,0,0
0,0,0,0.0633455869635522,0,0,0,0,0,0,0,-0.109291101664104,0,0,0,-0.0864485672822416,0,0.0242935835189904,0,0,0,0.0388778535414968,0.147035860266955,0,0.0581632971476677,0,0,0,0,0,0,0,1.44972440126452,-0.0336402790284495,0,0,-0.0828451682899441,0,0,0,0,0,-0.0787764702947218,0,0,0.011822525280736,0,0,-0.179291810133075,0,0.170436683439115,0,0,0,0.0661218194714874,0,0.0300353665440976,0.0875577664700285,0,0,0,-0.102043784430384,0,0,0,0,0,0,0,-0.211354635247204,-0.313585824055551,0,0,0,0,0.0747108646123781,0,0.216597073932183,-0.074508173536541,0,-0.0823305015743533,0,0,0.0146209291694807,0,0,-0.0384641724507677,-0.0141651052473774,0,0,0,-0.0613584677703615,0.135771269793479,0,0,0,-0.092063076140095,0,0,0.0160962165945386
0.0586571854414773,0,0,0.181425378458661,0,0,-0.108940877952609,-0.0231463662052506,0,0,0,0,0,0.075556736040546,0,0.0202972670646594,0,0,0,0.0219469182595137,0,0.0330811115372091,0.090652810964078,-0.0227158001854512,0,0,0.0156816334301174,0,-0.151272765233844,0.0478823032955707,0.150889567792261,0,-0.0336402790284495,1.41192735931739,0,0.0880649861284129,0,0,0.0245483035717675,0,0.0654967029761364,0.167153202206898,0,0,0.0860863199147373,0,0,-0.070175978280908,-0.109628821769222,0,0,0.0729079216765697,0.0131779878523328,0,0,0,0.0619461705360859,0.0312199055377801,0,0,-0.0785202749837275,-0.00234343813255756,0,0,0,0.000607865193058351,-0.00863545416612897,0,0,-0.22115269180116,0,0.177524138324643,0,0,0,0,0,-0.0712293818125676,-0.16973871850195,-0.019874005701088,0,0,0,0.0235699374721248,0,0,0,-0.0597351983069746,0.103038282890931,0.239490385517042,0,0,0,-0.0121684188785222,0.00169119338890398,0.118868529410685,0,0,0,0
0,0,0,-0.225845230214653,0,0,0.0397444299063506,-0.011032762262858,-0.0605775048987851,0,-0.18307409816284,0,-0.0461883268139203,0,0.148156640579443,0,0,0.114836586326981,0,0,0,0,0.0810700836971746,0,0,0,-0.0140389176915971,0,0,0,0,0,0,0,1.43462127964346,0.137491436245045,0,0,-0.036640686975227,0,0.10572493495002,0,0.174565124587772,-0.0987673738528033,0,-0.0349053009209716,0,0,-0.000831796645242369,0,0,-0.0678290256278124,0,0,0,-0.230070030676223,0.0557598856052124,-0.168714337365869,0,0,-0.152347747157375,-0.0868526518451358,0,0,0,0,-0.0437456992986968,0,0,0,-0.0694742955584922,0,0,0.00645061913345573,0,-0.0236303617132731,0,0,0,0.139936695634854,0,0,0,0.0472699426733264,0,0.0222980454143493,0.0870260229367317,0,0,0,0,0,-0.104726457212948,0.0264277985106731,0,-0.22163099421101,0.0670551156025211,0,0,0
-0.0182696314907257,-0.00791345990001082,-0.0508635666718431,-0.0161467417875477,0.0331119483060772,0,0,0.0891227578705455,0,0,0.0157865568910102,0,0,0,0,-0.121392745147937,0,0,0,0,0,0.0277487549760599,0,0,0,0,0,0,-0.0450461052699355,-0.0678114500765684,-0.0105429876693082,0,0,0.0880649861284129,0.137491436245045,1.23843772283418,-0.0300339163365995,0,0,0,0,0,0,0,-0.0708021941878247,-0.120028749433083,0,0,0,0,0,0,0,0,0,0,0,0,0,0,0,0.029681037442495,-0.129040989232435,0,0,0,0,0,0,0,0.0262583858369881,0,0,0,-0.241929497890993,0,0,-0.0620804771853055,0,0,0,0.020697933533341,0.0663810285266553,0,-0.14752072487088,0.0585728901650189,0,-0.0689352958561945,0.033123089438768,0,-0.112089687477354,0,0,0,0,-0.0679789116887954,0,0,0,0.104396654017912
-0.0430283834559885,0,0,0,-0.0205079121459857,0,0,0.211721028076726,0,0,0,0,0,0,0,0,0,0.0247602843797627,-0.0790925629006941,0,0.0296437359236318,-0.000406129297196552,0,0,-0.0855884785827893,0,0,0,-0.0705090372244169,0,-0.023995167943995,-0.034941541636108,-0.0828451682899441,0,0,-0.0300339163365995,1.25406441628984,0,0,0.116007556587464,0,-0.0949580314966865,0,0,0,0,0.026575797087719,-0.0357028877015318,0.0264818456449121,0,0.0593239851837351,0.0369789404718811,0,0,0.0522031710627718,-0.0445268913051082,0,0,0,0.0102654298480494,0.0149408874142878,0,0,-0.110671776130278,0,-0.092894756436964,-0.0362385415369055,0,0.0397159192361351,0,0,0.0815197408058295,0,0,-0.0673186251085348,0,-0.0026193166534976,0,0,-0.141000260173395,0,0.0660283379038453,0.00546944525828324,0,0,0,0.00800407545325817,-0.0511485473450259,0,0,0.019006149453188,-0.149747860393085,0,0,0,-0.0828686779259954,0,-0.0325345086777072,0,0
0,0,-0.0511265924993639,0,0,0,0,0,-0.105086820109173,-0.201394276653483,0,0,0,0,0,0,0,0,0,0.0229674021279783,0,0,-0.0351231630923131,0.0417115852239094,0,0,-0.00140634185166084,0,0,0,0,0,0,0,0,0,0,1.24021481823944,0,0,0,0,0,-0.038728955607168,-0.0329656206549261,0,0,0,0,0,0,0,0,0,0,0,0,0,0,0,-0.0988426824179351,0,-0.0392002584165995,0,-0.0880892665445329,0,0,0,-0.017741521527966,0.000765409885609153,0,-0.238347234333497,0.0266421973304806,0,-0.286298299332961,0,0,-0.00182865449559375,0.00875273468137916,0,0.0333127082851837,0.00222477822472564,0,0.0374779212034115,0,0,0,0,0,0,0,0,0,-0.0476416998467825,0,0,0,0,-0.0730110036318306,0
-0.00887757427827889,0.141733668079986,0.298614953447195,0,0,0,0,0,-0.0912985860090929,-0.00770913615076007,0,0,0.0699957024428744,-0.0590860522908661,0,0,0.0271384113818535,0.0130271307022203,0,-0.230067409364873,0,0,0,-0.185313111434788,0,0.160873253156858,0.0422227807313383,0,0.0585282801836933,0,0,0,0,0.0245483035717675,-0.036640686975227,0,0,0,1.42540494412001,0,0,0,-0.00647585025777491,0,0,0,0,-0.0484391311213561,-0.247233477008009,0.108482787768341,-0.0265424095945559,-0.0820481021516811,0,0,0,0,-0.0913616646655071,0,0.00788834259579109,0,0,-0.0681339532158238,-0.185053882094983,0,0,0,0,0.187797334851521,0,0.0601392956065292,0,0,0,0,0,0.0937624489136371,-0.0870002066116664,0,0,0,0,0,0.0235095441471381,0.0401990056823997,0,0.0366665747472381,0,0.0447256738937291,0,-0.0175753673960163,0,0.116793955104062,0.00818715709307065,-0.0836994257134559,0,-0.00865960223334608,0.00153712360463449,0,0,0
-0.0235820704921196,0,-0.118842433838982,0,0,0,-0.0616672152614903,0.126870234137067,0,0,0.0835381440827206,-0.0246041389062087,-0.0104176265920124,0,0,0,0,-0.0588997543720741,0,0,-0.066032516350763,0.0144399629221021,0,0,0.0769806234903025,-0.271695508411638,0,0,-0.0550550671032524,0,0,0,0,0,0,0,0.116007556587464,0,0,1.27459020419504,0,0,0,-0.122026620209829,0.0681514314095882,0.0777725118915311,-0.169029545679808,0,0,0.0349099059220293,-0.0680247313306101,0,0,0,0,0,0,0,0,0,-0.0675959320287947,0,0,0,0,0,0,0,0,0,0,0,-0.0854934731021325,0,0.0215444034283741,0,0,0,0,0.00256200506603031,-0.0430027237375356,-0.0277099217926466,-0.0892728140481095,0,0.0192512625864759,0,0,-0.0234236913672466,0,0,-0.00899805768323631,0,0,0.131367435131503,0,-0.183382741807911,0,0,-0.0292855848620282,-0.00808407893415268
0,0,0.0379825551607942,0,0,0,-0.102404555920132,0.033184156470117,0,0,0,0,0,-0.0215720796808095,0.119773832112005,0,0,0,-0.0209412921873516,0,0,0,-0.0084069988053231,0,-0.0175583331639395,-0.146600828774228,0,-0.0393017764632917,-0.0784196300690088,0,0,0,0,0.0654967029761364,0.10572493495002,0,0,0,0,0,1.32872011527978,-0.00280591980603007,0,0,-0.157632062819719,0,0,-0.0734969845474272,0.109596389477258,0,-0.0136171443871427,-0.0328299087178981,0,0,0.0260158600748043,0.0266626571429644,-0.115402030994218,0.164840397444708,0,0,0,0,0,-0.244388802587975,0,-0.00045634453421803,0,0,0,0,0,-0.00658617438136659,0,-0.0474084348530087,-0.128465317998515,-0.124971370788582,0,0,0,0,-0.0195280813856296,-0.035963232522429,0,0,0,0,0.022001927488791,0,-0.0667487533827183,0,0.112678942858781,0,0,0,0,0.0321360911254144,0,0,0,0
0,0,0,0,-0.0158508211764066,0.0213159799174325,-0.0397434992283433,0,0,0,0,0,0,0,0,0,0,0,0,-0.0582092457332699,-0.0629859018705665,0,0,0.00704291398236482,0,0,0,0,0,-0.00888438199776822,0,0,0,0.167153202206898,0,0,-0.0949580314966865,0,0,0,-0.00280591980603007,1.12605017528522,-0.0122606345409803,0.0212163535189596,-0.0391570873690817,0,0,0,0,0,0.0610379137560941,0.0867472395735881,0,0,0,0,0,0,0,0.0323822837891871,0,0,0,0,0,0,0,0,0,0,0,0,0,-0.109237090340628,-0.0744810002018505,0,0,0,-0.0691586735348094,0,-0.0982710752507358,0,0,0,-0.0216003218556821,0,0,0,0,0,0,0,0,0.00792366785577292,-0.0133299748176565,0,-0.0812215701185045,-0.10885521695864,0,0
-0.0276807922997435,0.0770919961596585,0,0,0,0.0198537788922178,0,0,0,0,0,-0.0554715175685892,0,0,-0.0322869765277698,-0.0287165580358047,0.0549657931466418,0,0,0,0,0,-0.0178362534530379,0,0,-0.0129344112768028,0,0,0,0,0,0.055171538605969,-0.0787764702947218,0,0.174565124587772,0,0,0,-0.00647585025777491,0,0,-0.0122606345409803,1.23410173046465,0.0390269286240672,-0.076145424046775,0.0580047684842468,0,0,0,0,0,0,0,0,0,0,0,0.00414019270295522,0,0.00545017162566691,-0.0610904205994641,-0.0966124719209979,0,0,0,0,0.0299365761737277,0,0,0,0,-0.112603459465909,-0.0455796244238373,0,0,0,0,0.173427477914314,0.0507490131506767,0,0,-0.00732611920936967,0.039912744686684,0,-0.0119331789849601,-0.273997962192389,0.0172330542941338,-0.145803178744922,0,0,0,0,0,0,0,0,0,-0.0455157359843156,0,-0.0158387704307711
0,0.0348751445083419,0,0,0.0623835033219337,0,0,0,0,0,0,0,0,0,0,0,-0.0933406861754292,0,0.0130471670660555,0,-0.0140488943358818,0,0,0,0.0869304075400405,0,0,0,0,0,-0.044156471133505,-0.0654828643723947,0,0,-0.0987673738528033,0,0,-0.038728955607168,0,-0.122026620209829,0,0.0212163535189596,0.0390269286240672,1.22008992109149,-0.0401046562422014,0,0,0,0,0,-0.0411386433338613,0,0.0182105788198765,-0.0444116982320922,0,-0.0163223597851758,-0.108296433971518,0,0,0,0,-0.0284735798802395,0,0,0,0,0,0,-0.0943581163740049,0.0751218713155702,0,0,0,0,0,-0.0079620340259876,0,-0.204720980105866,0.0390853681938657,0,0,0,-0.099699189156872,0,0,0,0,0,0.178458361518058,0,0,0,-0.0270537250621402,0,-0.0473502498936225,-0.0554942508646236,0,0,0,0
0,0,0,0,0,0,0.00921453229479386,0,0,0,-0.137284385904038,0,0,0,0,0,0,0,0,-0.0762426990552249,0,0,0,0,0,0.00266604119722163,0,0,0,0,0,-0.00187995720593136,0,0.0860863199147373,0,-0.0708021941878247,0,-0.0329656206549261,0,0.0681514314095882,-0.157632062819719,-0.0391570873690817,-0.076145424046775,-0.0401046562422014,1.13965566626187,0,0,0,0,0,0,-0.0031241405389403,0,0,0,0,0,0,0,-0.0344778092709657,-0.094486372834009,0.059033127212556,0,0,0.0934664985999755,0,0,0.0284253832867942,-0.00071814085395669,-0.0716091871226298,0,0,0,0,0,-0.00627387622383301,0,-0.128503947735103,-0.0519565606694079,-0.0423700114146267,0,0,0,0,0,0,0,-0.0256247492801486,0.0743088619918326,0,0,0,0,0,0,0,0,-0.0644099718217919,0,0
0,0,-0.241073938712647,0,0,0,0,0,-0.375341298711113,0,0,0,0,-0.0406977411151641,-0.0680409740482528,0,0,-0.118034590943097,0,0,0.0506374953640819,0,0,0.100513169848067,0,0,-0.049095518165899,0,0.00298691417949165,0.326007090755646,0,0,0.011822525280736,0,-0.0349053009209716,-0.120028749433083,0,0,0,0.0777725118915311,0,0,0.0580047684842468,0,0,1.47199856490723,0.0770685902643858,0,0.126500216339508,0,0,0,0,0,0,0,0,-0.0359810214075173,0,0,-0.0804180912085705,0,0,0,0,-0.0339935762321887,0,0,0,0,0,0.0128363236979911,0,0,-0.00559524162322328,-0.139180086562064,0,0,0,0,0,0,0,0.0737813380526632,0,-0.0793631063899425,0,-0.0402682501423402,-0.027937266990327,0.0372512236331211,0,0,0.188843126964223,0,0,0.00963284195080426,0.193820189004205,0,0,0.103675943567201
0,0,0.0259894290083861,0,0,0,0,0,0.068718297901428,0,0,0,0,0.0335901445644048,0,0,0.262118079951624,0,-0.0318139338766188,-0.0670343986515376,0,0,-0.0431252225446749,-0.00276284032596751,0,-0.0247273419660979,0,-0.0433848359131053,-0.0625442032728807,0.0432164121876618,-0.0787232494012648,0,0,0,0,0,0.026575797087719,0,0,-0.169029545679808,0,0,0,0,0,0.0770685902643858,1.24175660137299,0,0,0,0,0,0,0,-0.0322551938831963,-0.12439506208022,0,0,0,0,0,0,0,0,0,0,0,0,0,0,0.00986728727512552,-0.184730962096101,0,0,0,0,0,0,0,0.00964960684836742,0.0100891859807117,0,0,0,0,-0.0272849989043463,0,0.152837352299741,0,-0.0954360900641755,0,0,0,0,0,0,-0.032479950262826,0,0,-0.117839220299063
0,0,0,0,0,0,0,0.0613559916536559,0,0,0,-0.228118694364003,0,0,0.193944045061336,0,0,0,0,0.0316876057566835,0,0,0,0,-0.103323848818298,0,0,0,0,0,0,0,0,-0.070175978280908,0,0,-0.0357028877015318,0,-0.0484391311213561,0,-0.0734969845474272,0,0,0,0,0,0,1.2000985755704,0,0,0,0,0,0,0,0,0,0.0346620462154459,0,0,0,0,0,0,0,0,0,0,0.0936904051906116,0,0.122285755549935,0,0,0,-0.00742787475382792,0,0,0,-0.0663163553227233,0,0,0,-0.00352880772820257,0,0,-0.09867360850229,0,0,0,0,0,0,0,-0.0596641077543213,0,0,0.0276205393031813,-0.159400349048066,0,0
0,0.0152896412520738,0,0,0.0231499420276888,0,0,-0.0971815479838283,-0.232700389390627,0,0,-0.00575988682471898,0,0,-0.0434507397365672,0,-0.00954617295229601,0,0,-0.0217764191591275,-0.0612656259439385,0,-0.0195223211720492,0,0,0,0,-0.0395642539396814,0,0,0,0.0130980965639874,-0.179291810133075,-0.109628821769222,-0.000831796645242369,0,0.0264818456449121,0,-0.247233477008009,0,0.109596389477258,0,0,0,0,0.126500216339508,0,0,1.41658601741092,-0.0694651221531522,0,0,0.0948191274741476,0,-0.088074201050657,0,0,0,0,0,-0.364530528640811,-0.0745047021836665,-0.0321343145428354,0,0,0,-0.105089874546579,-0.116849360079308,0,0,-0.0818589559037944,0.0337677810791708,0,0,-0.0112258322370796,0,-0.0895568082073601,-0.0378298233910552,0,0,0,0,0,-0.0495398253057607,0,-0.0190086402378398,0,0.0881715279318755,0,-0.0407487016362227,0,-0.0625008802844563,0,0,0,0,-0.129718130563408,0,0,0
0,0,0,0,0.133366416453837,0.0516086569746661,0,0,0,0,0,0.174223905940164,-0.11263060923411,0.0347626427981092,-0.00695288314572491,0,0,-0.000697936081801276,0,0,0,0,-0.141550863570021,0,0,0,0,0,0,0,0,0.00882050431651398,0,0,0,0,0,0,0.108482787768341,0.0349099059220293,0,0,0,0,0,0,0,0,-0.0694651221531522,1.16196628192141,0,0,0,0,-0.0595406923604657,0,0,0,0,0,0,0,0,0,0,-0.0807639964637442,0,-0.104765711750487,0,0,0,0,0,-0.0167836792596068,0,-0.0588712718892264,0,0,0,0,-0.0141287929077625,0,0,0,0,0,0.0333540790028659,0,0,-0.0681019551062216,0.0569006283972055,-0.00185605233694192,-0.0467272408941511,0,0,0.144787464694656,0,0,0,0
0,0,-0.150352502128642,0,0,0,0,0,0,0,0,0,0,0,0,0,0,0,0,0,0,0,0,0,0,0,0,0,0,0.131421229359094,0,-0.0830813552886457,0.170436683439115,0,0,0,0.0593239851837351,0,-0.0265424095945559,-0.0680247313306101,-0.0136171443871427,0.0610379137560941,0,-0.0411386433338613,0,0,0,0,0,0,1.29070761322014,-0.213594269504271,0,0,-0.106671015231932,0,0,0,0,0,-0.220626058060869,0,0,0,0,0.0115497933513891,0,0,-0.0620879512567166,0,0,0,-0.0946343771787692,-0.0143888508124544,0,0,-0.0523580218453249,-0.199025337195961,0,0,0,0,0.0403502130054955,0,0,0,0,0,0.00985646664093411,-0.0203448798512619,0,0.0511934066168285,0,0,0,0,0,0,0,0.039385552512635
0,0,0,0,0,0,0.105482074999906,0,0,0,-0.0444364462838346,0,0,0,0,-0.15672241989676,0.0337514344975831,0,0,-0.0430560725449964,0,0,0.035544879537009,0,0,-0.0146232679305435,0,0,0,0,0,0,0,0.0729079216765697,-0.0678290256278124,0,0.0369789404718811,0,-0.0820481021516811,0,-0.0328299087178981,0.0867472395735881,0,0,-0.0031241405389403,0,0,0,0,0,-0.213594269504271,1.21564816801194,-0.109136050223446,0.06332208735561,0,0,0,0,0,0,0.00957896412025161,0,0,0,0.229882262863828,0,-0.00739619569429894,0,0,0,-0.050478643670009,0,-0.0122418063071431,0,0,0,0,0,0.0418027239193011,0,0,0,0.0795498263514215,0,0.0966190302862338,0.00132656091740976,0.0450717072783115,0,0,0,0,0.00915525800643014,-0.0284156490017023,0,0,0,0.0570848417546769,0,0.0488590143745142,0
