"X1","X2","X3","X4","X5","X6","X7","X8","X9","X10","X11","X12","X13","X14","X15","X16","X17","X18","X19","X20","X21","X22","X23","X24","X25","X26","X27","X28","X29","X30","X31","X32","X33","X34","X35","X36","X37","X38","X39","X40","X41","X42","X43","X44","X45","X46","X47","X48","X49","X50","X51","X52","X53","X54","X55","X56","X57","X58","X59","X60","X61","X62","X63","X64","X65","X66","X67","X68","X69","X70","X71","X72","X73","X74","X75","X76","X77","X78","X79","X80","X81","X82","X83","X84","X85","X86","X87","X88","X89","X90","X91","X92","X93","X94","X95","X96","X97","X98","X99","X100"
1.08218747174572,-0.0754457474643229,0,0,-0.00586478222488864,0,0,0.0590238337394564,0,0,0,0,0,0,-0.0631788155352909,0,0,0.0052451083323204,0,0,7.46383708397102e-06,0,0,0,0,0.111059111475344,0.0402336408003333,0.0219425368952239,-0.0839334359989967,0,0.0108826464823366,0,0,0,0,0,-0.00837078693876852,0,0,0,0,-0.0460176520382953,-0.0162205763497632,-0.0537585793874693,-0.135576774855177,0,0,0.0246697302413883,0,0,0,0,0.0287140228281645,0,0,0,0.0494622881605948,0,0,0,0,-0.00208769550222834,0,0,0,-0.0187265874975425,0,-0.01138393693073,0,0.0531695589122569,0,0,0,0,0.119531788379983,0,0,0,0,0.0268658032743117,0,0,0,0,0,-0.0316276189865371,0,0,0,0,0,-0.024270815062283,0,0,0,0,0,0,0,0.0655850139189086
-0.0754457474643229,1.23088896469369,0,0,0.0992892117297988,0,0,0,0,0,-0.0628832264835652,0,0,0,0,0,-0.0269881254745418,0,0,0,0,0,0,0.0283582176269232,0,0,0,0.0417545522435017,0,0.24003162702131,0,0,-0.117084336151115,0,-0.129527711022681,0,-0.0504736005852204,0,-0.0772617493651715,0,0,0,0,0,0,0,0,0,0,0,0,0,-0.112758858120423,0,0,0,-0.0387450707380971,0.0339666030328155,0,0,0,-0.0195873089541957,0,0,-0.00881291409419004,0,0.00989597189870718,-0.0411086405572101,0.141234390272983,0,0,-0.0248858013032906,0,-0.0829547909106444,0,-0.114451277622926,-0.111767002613435,0,0,0,0,0,-0.119351935055161,0,0,0,0,-0.0895058080776695,0,0.0456603108053091,0.0345517868504273,0,0,0.0268658082891396,0,0,0,0,-0.0890655589834339,0
0,0,1.54098235328619,0,0.0925299653462243,0,0.142921008931388,0,0.034767544076436,0,0.0513150720072037,0,0,0,-0.181451164629512,0,-0.0990941546686945,0,0,-0.0593165121375462,-0.00912872109980812,0,0.0495048361404306,-0.0254575240106571,-0.150227956207729,-0.0343141783763656,0,0,0,-0.20460582832105,0,0.0220308649573156,-0.164304154537543,0,-0.159026906609171,-0.128932814964942,0,0,0,0,0.107938718770957,0,-0.0258000762066423,0,0,0,0,0,-0.00814949028635135,0,0,-0.122964971867627,0,0,0,-0.0040689161574351,0,0,0,0,-0.114233741058899,-0.0760450266495706,0,0.169842740533867,0,-0.00630096433588487,0.105313546474422,-0.0796804937802545,0,0.0206948719283021,0.263896194814858,-0.00467805712655541,-0.1069617154002,0,0,0,0,-0.0712205499070832,0,0.0563944794823926,-0.107099969936008,0,0,0,0,0,0,0,-0.138648226267845,-0.0283924744501064,-0.00941579131659835,-0.0438197504488066,0,0,0,-0.179087300433043,0,-0.0268705861038675,0,0
0,0,0,1.21149368298936,-0.0301050908818506,0,0,0,0.0688966700909164,0,0,0,0.0553550869985004,0,-0.107950801370803,0.150119150575652,0,0,0,0,-0.102434791703844,0,-0.20619237870554,-0.115884115120117,0,-0.014867637540311,0,0,-0.0440482202106744,0.0025696183749337,-0.0370041336314396,-0.0162679495095128,0,0.0538684749589288,-0.135889018031401,0,0,0,0,0,0,0.00828178446618242,0,0,0,0.211703875228482,0,0,-0.0326867364352189,0,0,0,0,-0.0343533789524615,0,0,0,0,0,-0.0303005613763273,0.010840916540594,0,0.0246526213953446,-0.051376607007708,0,0.0293914710942996,-0.0179834646942838,0,0,0,-0.0836201606322827,0,0,0,0,0,0.0348222092489724,0,0,0,0,0,0,0,0,0,0,-0.0746495732676438,0.0827538743352455,0,0,-0.000554055240072174,0,0,0,0,-0.0128266492013073,0,0,0
-0.00586478222488864,0.0992892117297988,0.0925299653462243,-0.0301050908818506,1.18618640236787,0,0,0,0,-0.00404395969544645,0,0.0440529680128972,0,0,0,0,0.0109854056205682,0,-0.00543382244702378,0.0646517239626108,0,0,0,0,0,0,0,0,0,0,0.0748075076720166,0,0,0,0,0,0.0451134042600776,0,0,0,0,0,0,0,0,0.223722449457071,-0.00255834945152696,0.117264184710826,0.0184959660932261,0,-0.0336247006894294,0.0517234224972238,0,0,0,-0.172567445993113,0,-0.128676936411087,0,0,0,0,-0.0658773111509418,0,0,0,0,-0.0289281555323523,-0.0350032093068218,0,0,0,0,0,0.128949294405237,0,0.111594294472522,0,0,0,0,0,0,0,0,0,0,0,0,0,0.0782716971481766,0,0.0280696098027548,0,0,0,-0.0398392138328408,0,0,0
0,0,0,0,0,1.22934248033584,0,0,0,0,0,-0.312840440606744,0,-0.0295374555579583,0,0.0770574337516132,-0.0194750667647083,0,0,-0.0903830332669071,-0.00852736698679046,0,0,0,-0.04158049820411,0,0,0,0,0,0,0.00469290238797507,0,0,0,-0.0510046628340038,0,-0.0170670072216705,0,0,0,0,0,0,0,0,0,0,0,0,0,0,0,0,0,0,0.0162602722529593,0,0,0,0,0,0,0,0.046464759164783,0,0.0861877520228839,0,0,-0.112390297474006,0,0,0,-0.205137441652135,0,0,-0.0437012314412083,0.00052531292950885,0,-0.00487403601309088,0,0,-0.0617434220791098,-0.0577898575200456,0,0,0,-0.0244593010056515,0,0,0,-0.00836177514770859,0,0,0,0,0,0,0,-0.0764236517639895
0,0,0.142921008931388,0,0,0,1.11795117671937,0,0,0,0,0,0,-0.00611979006255425,0,0,0,-0.00814524560008788,0,-0.0927051000631351,0.0359885642976626,-0.00333409604414352,-0.0163763147465236,0.0264389491139429,0,0,0,-0.0743559078807359,0,-0.0282011549685152,0,-0.0622080654418858,0,0,0.00438007094805751,-0.025666096447316,0,0,0,-0.0086898871579233,-0.0123764051403568,-0.0214348735010698,0,0,-0.000689886891292001,0,0.0567791126157776,0,0,0,-0.0789186116197357,0,0,0,0,0,0,-0.0587431515989244,0,0,0,0,0.00226196791320766,-0.00629816948979892,0,0,0,0,0,0,0,-0.0168134669082606,0,-0.0815618611080794,0,-0.00982135717239498,0,-0.0783763660680563,-0.00656763607381018,-0.00451238219425675,-0.0225745699488683,0,0,0.0793592094312609,0,0,0,0,-0.0306150447647904,0,-0.0335411479588652,0,0,-0.105378179827466,-0.00235483150869125,0.118514883467098,0,0,0,-0.0787939040012577
0.0590238337394564,0,0,0,0,0,0,1.2389062092263,0.00325792346651741,0,0,0,-0.149838293623999,0,0,0,0,0.00842878905866085,0,0,0,0,0.0621151560261792,0,-0.0127702879467201,0,0,-0.0316894639352222,0.00455468298506606,0,-0.0068341713339514,0,0,0,-0.0208625531761704,0,0,0,-0.103411251864075,0.177919062954015,0,0,0,0.0389449245589252,0,0,-0.0462575753381973,0,0.118360871935951,0,0,0,0,0,0.01967044834786,0,0,0.0335407969692589,0,0,0,0,0,0,0.144911791759838,0,-0.0525903064151344,0.0257509054342053,0,0,0,0,0,0,-0.0546577370337912,0,0,0,0,0,0,-0.261249143393603,0.048637291979237,0,0,0,0,0,0,0,0,0.041827674064577,0.153469331744847,0,0,0,0.0669655685592561,0,0.122158950871486,-0.014318096620527
0,0,0.034767544076436,0.0688966700909164,0,0,0,0.00325792346651741,1.18625924449195,0,0,0,0,0,0,0,-0.127418745146938,0,0,0,0.00778946332176252,0,0.138647145175533,0,0,0.0406007678010696,0,0,0.0157335799835079,0,0,0,0,0,0,0.0759687890851569,-0.0186880873635317,-0.0583878581747195,0.0295931101007216,0,-0.165859077834475,-0.00241653939081445,0,0,0,-0.144733049967039,0,0,-0.0243223484747291,0,-0.0643932691240599,0,0,0.0755082774927938,0,0.0362510874192506,0,0,0,0,0,0,-0.0128545324082586,-0.0382999827053666,0,0,0,0,0,-0.0130736987680488,0,0,0,0,0,0,0,-0.0595485511036945,0,-0.19879416714982,0,0,0,0,0,0,0,0,0,0,0,0.0634899468499429,-0.0808250590566862,0,-0.0847460600863371,0,0,0,0,0
0,0,0,0,-0.00404395969544645,0,0,0,0,1.10267935078264,0,-0.00932496302521553,-0.0989824782668991,0,0,0,0.110464562271761,0,-0.0212046143210275,0,0,-0.00723290333458656,0.0777995847431086,0,0,0,0,0,0,0.00799441794380771,0.0575684110021652,0,0,0,-0.071079497338658,0.0131622839073509,0,0,-0.130985450530462,0,-0.00806530142503938,-0.0163044770964178,-0.0299457389346806,0.0775272046725939,0,0,-0.036144346139762,0,0,0,0,0,0,0,0,0,0,0,0,0,0,0,0,0,0,0,0,0,0,-0.160732051247991,0,0.00436126000698519,-0.0470310860071997,0,0.0706632566266683,0,0.00689021775166906,-0.0442689801990529,0,0,0.000689766567698193,0,0,0,0,0.0773431972180859,0.0100185187526932,0,0,0.0713408702568352,0,0.00323891548572231,0.00546467166902722,-0.0449543094814408,0,0,0,0,0,0
0,-0.0628832264835652,0.0513150720072037,0,0,0,0,0,0,0,1.26146079097648,0.101926161610503,0,0.0405078997885714,0,0.071613063310857,0.0722379186200546,0,-0.190226283473321,0,0,0,0.020806047704214,0.147166535198288,0.0248560943465817,-0.0221649776981825,0,0.0305543557087275,0,0,0,0,0,0,0,0,0,0,0,-0.129454017443766,0,0,0,-0.0436098691128205,0,0,0,0,0.060816358458913,0,0,0,0,-0.200386720559381,0,0,0,-0.0344636449162507,0.00784120428630566,0,-0.0333242585647169,0.0337176495398232,0,0,0,0.000495630711772661,0,-0.0651619246878622,0,0.017747774889214,0,0,0,-0.0135475677393885,0,-0.032538324352556,-0.106590146607465,0,0.0815269811530916,0,0.0193769045740224,0,0,0,0.157568627007148,-0.031748104109769,0,0,0,0,-0.100393032010501,0,0,0.077014500014784,-0.0133658660510171,0,0,-0.0434013983899215,-0.0935298869625097,0.00270576606107306
0,0,0,0,0.0440529680128972,-0.312840440606744,0,0,0,-0.00932496302521553,0.101926161610503,1.48655978621321,-0.100551945660505,0,-0.326390741989387,0,-0.197401990970143,0,0,0,0,0.0407055511142665,0,0.117828800669172,0,0.0046838586696103,0,0,0,0,0,0,0.00547395309464267,0,0,-0.0958362161596593,0.0867576932811595,0,0,0,0,-0.0507686055260106,0,0,0,0,0.0800250746518162,0,-0.197726748993258,-0.0780929392300463,0,0,0,0.0668693747926256,-0.0391439507935451,0,0.177833203198424,0.0244929365914775,0,0,0.00222796563122876,0,0,0,0,0,0,0,0,-0.0630315913172451,-0.0227113878440603,0,0,0,-0.00896801014707068,0,0,-0.0541751893466543,-0.202155296294991,-0.0117766874766856,0,-0.0562939816345483,0,0,0,0,0.0261466943812178,0,0,0,0,0,0,-0.0566651593826194,0,-0.0447284972335817,0.0274018780080772,0,0.0176354264974653,0
0,0,0,0.0553550869985004,0,0,0,-0.149838293623999,0,-0.0989824782668991,0,-0.100551945660505,1.23929297773071,0,0,0.0682376287967221,-0.116831748405417,-0.00407696601430627,0,0,0,0,0,0,0,-0.101937133707501,0,0,0,-0.0479162154710933,0,0,-0.01879490312716,0,0,0,0.177921907094247,0,0,0,0,0,0.116772134407643,0,0,0.216928147861186,0,-0.115774741972692,0,0,0,0,-0.028183259020686,0,-0.0622334216227504,0,0,0,0,0,0,0,0,0.0721819126724792,0.0233395311813468,0,0,0,0,0,0,0,0,0,0,0,0.0447491095384854,0,0,0,0,-0.0117559249807705,-0.0114625549622957,-0.0713467452312688,-0.136833910378579,0,0,0,0,0,0,0,0,0.111560166620985,0,0,0,0,0,0
0,0,0,0,0,-0.0295374555579583,-0.00611979006255425,0,0,0,0.0405078997885714,0,0,1.21182565512652,-0.0478248982355187,0,-0.0103925895783898,0,0,0.0715426484959663,-0.0239756681014258,-0.139340553194391,0,0,0,0,0,0,-0.0691032306130205,-0.156158267885886,0.0162012081491458,0,0,0,0,0,0,0,-0.130326797692413,0,-0.088093689539691,0,0.01767460949546,0,0,0,0,0,0.060113983279879,0,0,0,0,0,-0.018571397601573,-0.177431578707503,0,0,-0.108684401560661,0,0,0,-0.101303939258883,0,0.0779111281381209,0,0,-0.0270416374532684,0,0,0,0.00444705365836836,0,-0.00681500621788481,0.035898615491514,0,0,0.00307771768476652,-0.0782081579669411,0,0,-0.0268019135229728,0,0,-0.109128709286846,0,0,0.101174975329684,0,0,0,0,-0.0278281276953323,0,-0.0139682601018917,0,0,0,0,0
-0.0631788155352909,0,-0.181451164629512,-0.107950801370803,0,0,0,0,0,0,0,-0.326390741989387,0,-0.0478248982355187,1.5233058820211,0,-0.0543847027156063,0,0,0.00370833688220396,0,0.0343044773777599,0,0,-0.00700887059818558,0,0,0,0,-0.173064989628444,0.0238478847013449,0,0,0,-0.14644848198854,-0.0908029270150428,0,-0.0690735484466797,-0.00731130293567555,0,-0.033762509470654,0,0,0.0787537370303862,0.136447528614221,0,0,0,0,0,-0.0285102839075571,0,-0.119293471727309,0,0,-0.123826932786081,0.0571926204444935,0,0,0,-0.0429523227712476,0,0,0,0,0,-0.204148878167923,0,0,0,-0.0163223324864729,0,0,0,-0.294400204781259,0,0,-0.0817238001994093,0,0,-0.0658058939141996,0,0,0,-0.0363604048150931,0,-0.026903604385643,-0.114057847297282,0,0,0,0,-0.00145663263137954,0,-0.073028755086198,-0.067405655431742,0,0,0,0.0481660002393955
0,0,0,0.150119150575652,0,0.0770574337516132,0,0,0,0,0.071613063310857,0,0.0682376287967221,0,0,1.15893607052182,0,0,0,0.00588281488172604,0.015376323947718,0,0,0.0123770612088225,-0.0530284327737343,0,0.0067546080014132,0,-0.00587027220557561,0,0,0,0,0,0,0.0339207525160333,0,0,-0.112559352127937,0,-0.0589567374707866,0,0,0,-0.0694832843664027,-0.016401114982754,0,0,0,0,0,0,0,0,0,0,0,0,-0.0421407105202682,0,0.018394637700634,-0.0903293280458195,0,0,0,0,0,0,0,0,0,0,0,0,-0.168645360102689,-0.0438185307275015,0,0.0457316313074003,0,0,0,-0.0218739080182668,0,0,-0.17589031399195,0,0,0.00536729304811322,0,0,0,0,-0.0458404883733753,-0.0152567239117972,0.0895093825184802,0.130964565550081,0,0.0115194812701722,0,0
0,-0.0269881254745418,-0.0990941546686945,0,0.0109854056205682,-0.0194750667647083,0,0,-0.127418745146938,0.110464562271761,0.0722379186200546,-0.197401990970143,-0.116831748405417,-0.0103925895783898,-0.0543847027156063,0,1.56394873185385,0,0,0,0,-0.00751350809905626,-0.0113074455941589,-0.183163382604418,0,0,0.0623872603098489,-0.00513209997225357,0.00471838833518267,-0.0376843782547643,0.0715099150917604,0,0,-0.0731701231139193,-0.0661958536815651,0,-0.0974343481706953,0,-0.141356507919677,0,0,0.0437794374781894,0,-0.0528856431686683,0,0.351298766296706,0.00497546801250376,0,0,-0.0477222199840345,0.0540226369777677,0,0,0.0837906098298698,0,0,-0.0707684002206123,0,0,0,0,0,0.067870749699256,-0.0704925369811507,0.132235489506169,0,0.0396808425676286,0,0,0.00802740365478912,-0.120009487661328,-0.147618046519634,0,0,0,-0.118758270680975,-0.138297480764552,0,-0.0175055218805196,-0.0118820351258692,-0.00877780630943865,0,0.0205975767005802,0,0,0,0,0,-0.336725286800288,-0.00555607475262413,-0.0155658444593442,0,-0.189762382495137,-0.0505526281032357,0,0,0,-0.121260441398694,0,0
0.0052451083323204,0,0,0,0,0,-0.00814524560008788,0.00842878905866085,0,0,0,0,-0.00407696601430627,0,0,0,0,1.1853842165024,0,0.000403711360722317,-0.0804279212533462,0,0,0,0,-0.124485529303003,0,-0.0435275318364488,-0.0292165759022773,-0.0448231744546426,0.0484409856539113,0,0.0650868827735569,0,-0.207118285785771,0,0,0,0,0,0,0.00816145151875076,0,0,0,0,0,0.0482156634925726,-0.0250097194391973,0,0,0,-0.215107695395183,0.0573197768351019,0,-0.17469763653025,0,0.0754592563269647,0,0,0,0,0.0369962989662946,0.0287976291515806,0,0,0.0169550667690419,0,0.0747317991466424,0,0,0,0.0462207626593145,0,0,-0.00559166379987162,0.044555899875884,0,0,0,0,0,-0.0499004146848783,0,0,0.0509728379561522,0,0,0.0241712342385247,0,-0.00586462238347141,0,0,0,0.0779029633843403,0,0,0,0,0
0,0,0,0,-0.00543382244702378,0,0,0,0,-0.0212046143210275,-0.190226283473321,0,0,0,0,0,0,0,1.12485302501851,0,0,0,0,0,0,0,0,0,-0.0315045205609541,0,0,0.0289889276894967,0,0.0644264199581958,0,0,0,0,0,0,0,0,0,0,0,0,-0.0180659055847989,0,0,0,0,-0.0255130666845027,0,0,0,0,0,0,0.168670897900138,-0.0679515174707979,0,0,0,0,-0.0538790859596234,0,0,0,0.0413196238059952,0,0.0381754228867628,-0.0641641725917202,-0.0429903525113044,-0.0208014626399428,0,0,0.00569055918961561,-0.144035610960799,0,0.032015126659231,0,0,0,0,0,0,0,0,0,0,0,0,0,0.000276694980890359,-0.0730916599926619,0.0354379042084326,0.0227411105986055,0,0,-0.0469374782574349
0,0,-0.0593165121375462,0,0.0646517239626108,-0.0903830332669071,-0.0927051000631351,0,0,0,0,0,0,0.0715426484959663,0.00370833688220396,0.00588281488172604,0,0.000403711360722317,0,1.19364450985998,0,0,0,-0.00763624468329316,0,0,0.02388642610741,0,-0.00824692119606016,0.00693284375276296,0,0,0,0,0,0,0,0,-0.0508941227273644,0,0,0,0,-0.00981092073578736,-0.0303888265822705,0,0,0,0,0,-0.0120212449614125,0,0,0,0.129593846336583,0.206408502848556,0,-0.000742176036380489,0,-0.0521366236431048,-0.00372433718420228,0,0,0,-0.00449243270705956,0,0.188515679886186,0,0,0,0.00945137101886775,-0.0738213260960782,-0.0808266827068599,0,0,0,-0.0190258421584582,0,0,0,0,0,0,0,0,0,0,0,0,0,-0.0267154455029237,0,0.0094699007966552,0,0,0.0593322947975472,0,0,0.135513736248344,-0.149212834425346
7.46383708397102e-06,0,-0.00912872109980812,-0.102434791703844,0,-0.00852736698679046,0.0359885642976626,0,0.00778946332176252,0,0,0,0,-0.0239756681014258,0,0.015376323947718,0,-0.0804279212533462,0,0,1.12453494283106,0,0,0,0.0649226405151833,0,0,0,0,0.00384755667827431,0,0,0,0,-0.0633147542903099,0,0,0,0,0,0,0,0,0,0,0.0366589556725017,-0.0776553600122925,-0.0542633033361007,0,0.102081963572174,0,0,0,0,-0.0315319160615072,0,0,0,0,0.0109676025815994,-0.104008999471234,0.00744652012375275,0,0.0615350043701422,0.0177467330437507,0.181976510014104,0,0,0,0,0,0,0,-0.013023815879139,0,0,0,0,0,0,0,0,-0.0453671468259988,0,0,0,0,0.100500635893352,0,0,0.00111429648640308,0,0.00872412309357465,0,0,0.141521821313616,-0.0265273635860986,0,0,-0.041799878264168
0,0,0,0,0,0,-0.00333409604414352,0,0,-0.00723290333458656,0,0.0407055511142665,0,-0.139340553194391,0.0343044773777599,0,-0.00751350809905626,0,0,0,0,1.10939791686618,0,0,0,0,-0.0913048960167782,0,0,0,0,-0.028954033506643,0,0,-0.101755537104049,0,0.0353108275209303,0,0,0,0,0,0.0520952788880127,-0.0494346184177474,0,0,0,0,0,-0.116711109004061,0,0,0,0,0,0,0,-0.0832423065041007,0,0,0,0,0.0228343222749414,0,-0.103825873231962,0,0.0337080278700275,-0.0357567304344051,0.0156343003790449,0,0,0,0,0.00521479069602677,0,-0.0441216116311326,0,-0.0393794994632296,0,0,0,0,0.0448533768866724,0.049651875732833,0,0,0.0242097406507372,0,0,0,-0.0435921709493855,0,0,-0.0353530455345948,0,0.0231182408796829,0,-0.0360939284595443,0,-0.00314159862018967
0,0,0.0495048361404306,-0.20619237870554,0,0,-0.0163763147465236,0.0621151560261792,0.138647145175533,0.0777995847431086,0.020806047704214,0,0,0,0,0,-0.0113074455941589,0,0,0,0,0,1.2198045294781,0,0,0,0,0,0,0,0,0,0,0,0,0,-0.119166028662895,0,0,0,0,0.00099929776231597,0,-0.106146331832363,0,0,0,0.0603771999612657,0.10406699256707,0,0.0372697393213931,0,0,0,0.0318942056337178,-0.0106611855120104,0,0,0,0,0.133235655577335,0,0.0329736030092772,0,0,0.027122497263065,0,0.0536525327672198,0,0,0,0,0,0,0,0,0,0,0,0,-0.243168007540437,0,0,0,-0.147523897383923,0,-0.0967271973941693,0,0.00789425429361704,0,0,0.0252247109718934,0,0,0,0,0,0,0,-0.027544342207926
0,0.0283582176269232,-0.0254575240106571,-0.115884115120117,0,0,0.0264389491139429,0,0,0,0.147166535198288,0.117828800669172,0,0,0,0.0123770612088225,-0.183163382604418,0,0,-0.00763624468329316,0,0,0,1.18780839897516,0.0158415022177057,0,0,0,0,-0.101888246980394,0,0,-0.0305674226745254,0,0,0,0.00783712874520506,0.0890638105696796,0,0,0.0491216760815722,0,0,0,0,0,0,0.0673013509907267,-0.00400867525432093,0,0,0,0,0.0364442318623836,0.0760733563995239,0.0578832043030189,0,0,0,0,0.0430456673910651,0,0.0477878715023851,0,0.0348751560940761,-0.155882933352741,0,0.0826133089740392,-0.022246508191969,0,0,0,0,0,0.00381780079807897,0,0,0,0.0271389293397399,0.00693681046609862,0,0.070448946744119,0,0,-0.0678596043647783,0.0356233642938515,0,0,0,0,0,0,0,0,0,0,-0.0649167297856438,0,0,-0.0358870418545215
0,0,-0.150227956207729,0,0,-0.04158049820411,0,-0.0127702879467201,0,0,0.0248560943465817,0,0,0,-0.00700887059818558,-0.0530284327737343,0,0,0,0,0.0649226405151833,0,0,0.0158415022177057,1.26790125898242,0,0,0,-0.0256425050887294,0,0.0772061876795598,0,0,-0.103910606297904,-0.101172619061561,0,0,0,0,0.0625297581972129,0,0,-0.332408386707429,0,0,-0.0511548510517215,0,0,0,0,-0.0228336764546717,0,0.182484365561215,0.0271360978558904,0,0,0,0,0,0,0,0,0,0,0,0,0,0,0,0,-0.259606525553226,0,0,0,0,-0.0663131120089043,0,0.0253275257763457,0,0,-0.00166732232512705,0.0204472441189517,0,0,0,0,0,0,0,0,0,0,0,0,0.0688319104569778,0,0,0,0.0273994423596999,0.0675939731455404
0.111059111475344,0,-0.0343141783763656,-0.014867637540311,0,0,0,0,0.0406007678010696,0,-0.0221649776981825,0.0046838586696103,-0.101937133707501,0,0,0,0,-0.124485529303003,0,0,0,0,0,0,0,1.14574184528385,0,0,0,0,0,0,0,0.192508981347418,-0.0173562926583752,-0.0202991114306325,0,0,0,0,0,0,0,0,0,0,0,0,0,0,0,0,0,0,0,0.154212885563707,0,0,0,0,0,0,0.0251962723547165,0,0,0,0,0,0,0.0601950654338152,0,0,0,-6.63036819911627e-05,0,-0.130083986307602,0.0504005915346288,0.0252140059079275,0.0607311128400286,0,0,0,0,0,0,0,0,0,0,0,0,0.0742376146190317,0,0,0,0,0,-0.105087784801595,0,0
0.0402336408003333,0,0,0,0,0,0,0,0,0,0,0,0,0,0,0.0067546080014132,0.0623872603098489,0,0,0.02388642610741,0,-0.0913048960167782,0,0,0,0,1.19009430830664,0,0.00201416329768153,0,0,0,0.183838106384375,0,0,-0.0900294948800214,0,0,0,0,0,0,-0.108295294698093,0,0.171987121176776,-0.00106581156673324,0.0106051076521091,0,-0.0147720025854189,0,0,0,0,0,0,-0.110246476948116,0,0,0.180554306516378,0,0,0,0,0,-0.0474387544278558,0,-0.0860340980809434,0,0.0043697496155396,-0.0200605328448812,0,0,-0.025160940858055,0,0,0,0.00904407832469582,-0.139759942976409,-0.0260982522770919,0,0,0,-0.043696095102131,0,0,0.039168543930105,0,-0.00328432503262748,-0.126814552797597,0.0323342982708937,0,0,0.00665753708838913,0,0,0,0.0513540129915247,0,0,-0.0540423188902776
0.0219425368952239,0.0417545522435017,0,0,0,0,-0.0743559078807359,-0.0316894639352222,0,0,0.0305543557087275,0,0,0,0,0,-0.00513209997225357,-0.0435275318364488,0,0,0,0,0,0,0,0,0,1.15835379456248,0.108297762950434,-0.190197645557844,0,0,0,-0.0507708571908994,0,0,0,-0.11710053069275,0,-0.16874806969396,0,0,0,0,0,0,0,-0.106270898358335,0,0.0709864198558943,0,-0.0418841379277299,0.024647731056647,0,0.00559360411819361,0,0,0,0,0,-0.0996789371069383,-0.0504820967142287,0,0,0.0149890168309905,0,0,0,0,-0.032999317916788,0,0,0,0,0,0,0,0,0,0,-0.0712750710845848,0,-0.0774318594864229,0,0,0,0,0,0,0,0,0,0,0,0,0,0,0,0,0
-0.0839334359989967,0,0,-0.0440482202106744,0,0,0,0.00455468298506606,0.0157335799835079,0,0,0,0,-0.0691032306130205,0,-0.00587027220557561,0.00471838833518267,-0.0292165759022773,-0.0315045205609541,-0.00824692119606016,0,0,0,0,-0.0256425050887294,0,0.00201416329768153,0.108297762950434,1.15171325272464,-0.0325029538893262,0,0,0.0171275082102738,0,0,0,0,0,0,0,0,-0.0379110754355159,0,0,0,0,0,0,0,0,0,0,0,0,0,0,0,0,0,0,0,0,0,0,-0.141346181147113,0,0,0,0.0130967925846068,0,0,-0.0175509295596077,0.0626959455878879,-0.354144189474215,0,0,0,0,0,0,0,0,0,0,-0.00706533853832857,0,0,0.0766954800776598,0,0,0,0,0,0,0,0,0,0.0201891392474786,0,0
0,0.24003162702131,-0.20460582832105,0.0025696183749337,0,0,-0.0282011549685152,0,0,0.00799441794380771,0,0,-0.0479162154710933,-0.156158267885886,-0.173064989628444,0,-0.0376843782547643,-0.0448231744546426,0,0.00693284375276296,0.00384755667827431,0,0,-0.101888246980394,0,0,0,-0.190197645557844,-0.0325029538893262,1.49840561089158,0,0,0,-0.102826645256672,0.00517474436325951,0,0,-0.00740434520714957,0.019805261709662,0,0,0,0.0392975976169076,0,0,-0.295552770303761,-0.00140455556949703,0,0,0,0,-0.130579767048549,0,0,0,-0.127097002594886,0,-0.0929546637688004,0,0.0533657217150053,0,0,0.166049394470427,0,0,0,0,-0.0746233834564792,0,0,0,-0.0394110437753568,0,0,0,-0.146964441528278,0,-0.0498629500293585,0,0.00146774856881148,0,0,0,-0.0556819826720567,-0.0881346064156164,-0.00409854593925328,0,0,0,-0.0120178752951533,-0.15732067253049,0,0,-0.0324038733477683,0,-0.0512965116898295,0,0,0,0
0.0108826464823366,0,0,-0.0370041336314396,0.0748075076720166,0,0,-0.0068341713339514,0,0.0575684110021652,0,0,0,0.0162012081491458,0.0238478847013449,0,0.0715099150917604,0.0484409856539113,0,0,0,0,0,0,0.0772061876795598,0,0,0,0,0,1.11244774448376,-0.0202545671764458,0,0,-0.129178476448938,0.00166693258622774,0,0,0.00929886322421021,0,0,0,0,0,0,-0.0424128972382085,0,0,-0.0485556427456506,-0.0747041292951124,0.106605425993077,0,0,0,-0.0862235433258615,-0.00992514265266342,-0.0730212435131675,0,-0.0450524203852052,0.0772334562792648,0,0,0,0,-0.0173831506433667,0,-0.0495811599354331,0,0,-0.0537242639345583,0,-0.161830513308404,0,0,0,0,-0.0245788962368745,0,0,0,0,0,0,0,-0.01058470869632,0,-0.051768598710564,0,0,0,0,0,0,0,0,0,0,0.0260445902089852,0,-0.0328242022135389
0,0,0.0220308649573156,-0.0162679495095128,0,0.00469290238797507,-0.0622080654418858,0,0,0,0,0,0,0,0,0,0,0,0.0289889276894967,0,0,-0.028954033506643,0,0,0,0,0,0,0,0,-0.0202545671764458,1.19398837323367,0,0,0,0,0.0454755497232719,0.000931636264534342,-0.0904669666315735,0,0,0,0,0,-0.0707488245301148,0,0,-0.0678251908795208,-0.0580472704238426,0,0,0,0,0.0277811216425086,-0.0111322987396193,0.0235546747859498,0,0,-0.0590476999830381,0,0,0,0,-0.0593798050484782,0,0,-0.0745186654565519,0,-0.0931613623133129,0.103002629953328,0,0,0,0,-0.2233223339895,0,0.125888927774184,0,0,-0.00958612067561086,0,-0.106931800511668,-0.113631039451138,0.112246172540331,0,0,0.0577952975435003,0,0,0.0762765178352564,0,0,0,-0.0277564078516373,0,0,0,-0.0190007876968194,0,0
0,-0.117084336151115,-0.164304154537543,0,0,0,0,0,0,0,0,0.00547395309464267,-0.01879490312716,0,0,0,0,0.0650868827735569,0,0,0,0,0,-0.0305674226745254,0,0,0.183838106384375,0,0.0171275082102738,0,0,0,1.27245995049817,0,-0.0942632792621705,0,-0.0759351476041177,0,0,0.00175812752584233,0,0,0,0,0,0,0,0,-0.000449155828317746,0,-0.141415525353215,0,0,0.0534010078912286,0,0,-0.212164325436179,0,0,0,0,-0.0310735491095722,0,-0.0630678747848206,0,-0.134521670359678,0,-0.0147237217919589,0,0,0,0.06414916769537,0,0,0,-0.099347185063815,0,0,0,-0.0931969155439287,-0.112996374192993,0,-0.119301681468703,0,-0.0252629227364523,0,-0.111669364875392,0,0,0,0,-0.0121149571490176,0,0,0,0,0,0,0,0
0,0,0,0.0538684749589288,0,0,0,0,0,0,0,0,0,0,0,0,-0.0731701231139193,0,0.0644264199581958,0,0,0,0,0,-0.103910606297904,0.192508981347418,0,-0.0507708571908994,0,-0.102826645256672,0,0,0,1.23224966595465,0.0745534949179779,0,0,0.0128803733787159,0.154999479265744,0,0.0731138914102649,0,0.0652531481256696,0,0,0.0237040791737078,0,-0.0285954042485535,0,0,0,0,0,0,0.00893552264149952,0,0.0483533482518341,0,0.00312667474279648,0,0,0,-0.0536965217974247,0,0,0.117281976633851,0,-0.0873231716954016,0,0,-0.024777041351176,0,0.122350523125973,0,0,-0.0047372769813091,0,0,-0.0924221415587188,0,-0.07989171733388,0,0,0,0,0,0,0.107136265823683,-0.0514076724626331,0,-0.0804737961733973,0,-0.0193437453187311,-0.107220042684357,-0.0780647962904509,0,0,0,-0.0576179129623988,0
0,-0.129527711022681,-0.159026906609171,-0.135889018031401,0,0,0.00438007094805751,-0.0208625531761704,0,-0.071079497338658,0,0,0,0,-0.14644848198854,0,-0.0661958536815651,-0.207118285785771,0,0,-0.0633147542903099,-0.101755537104049,0,0,-0.101172619061561,-0.0173562926583752,0,0,0,0.00517474436325951,-0.129178476448938,0,-0.0942632792621705,0.0745534949179779,1.42471107115526,0,-0.146356458241054,0,0,0,0,0,0,0.0433110119339098,0.0158127370873511,0.00368859289236122,0,0,0,0,0,0,0,0.0245959463531005,0.00828241915061699,-0.0639759688355266,-0.0116451518305666,0,0,0.104934066156374,-0.00804298771408615,0,0.0670808631766235,0,0,-0.0927078416037756,0,0,0,0,0,0,0,0,0,0,0.0223583570567533,-0.130855504824836,0.0362887136660236,0,-0.024988206486598,0.0961129195822773,0,0.0167369340205664,-0.26102676142249,0,-0.0261951420212656,0,0,0,-0.0375562679994255,0.0484931649437002,0.132292840716024,0,0,0,0,0,0,0
0,0,-0.128932814964942,0,0,-0.0510046628340038,-0.025666096447316,0,0.0759687890851569,0.0131622839073509,0,-0.0958362161596593,0,0,-0.0908029270150428,0.0339207525160333,0,0,0,0,0,0,0,0,0,-0.0202991114306325,-0.0900294948800214,0,0,0,0.00166693258622774,0,0,0,0,1.09509149466849,0,0,0,0.0107249484027689,0,0,0,-0.00903952779618977,0,0,0,0,-0.0148300671789862,0,-0.024262712055864,0,0,0,0,0,0.00341545519554183,0,0.0538730772612427,-0.0658913110862662,0.056759809082921,0,0,-0.0300558836824515,0,0,0,0,0.0249831129383255,0,0,0,0,0,0,0,0,0,0,-0.0795680617104365,0,-0.0196216670311027,0,0,0,0,0,0,0,0,0,0,0,0,-0.0962982785128953,-0.00850732696262015,0,0,0,0
-0.00837078693876852,-0.0504736005852204,0,0,0.0451134042600776,0,0,0,-0.0186880873635317,0,0,0.0867576932811595,0.177921907094247,0,0,0,-0.0974343481706953,0,0,0,0,0.0353108275209303,-0.119166028662895,0.00783712874520506,0,0,0,0,0,0,0,0.0454755497232719,-0.0759351476041177,0,-0.146356458241054,0,1.2257266807806,-0.0654440596142247,-0.00486079161314061,0,-0.114813977519955,0.0120923805184181,-0.073702331601484,0,0,-0.0478529791971912,0,0,0,0,0,0,0,-0.034702304790441,0,0,-0.0877647723454958,0.0622421023962604,0,0,-0.114008225984152,0,0,0,-0.0440371179387803,0,0,0,0,0.0724747094292776,0,0,0,0,0.0301900214634816,0,0,0,0,-0.00931714327258448,0,0.0767088647272332,0,-0.0017465677796383,0,-0.0819623459863741,0,0.0334119504375632,-0.0450972694337584,0.104506165686277,0.0315339480702032,0,0,0,0,0,0,0.115516280994298,0,0
0,0,0,0,0,-0.0170670072216705,0,0,-0.0583878581747195,0,0,0,0,0,-0.0690735484466797,0,0,0,0,0,0,0,0,0.0890638105696796,0,0,0,-0.11710053069275,0,-0.00740434520714957,0,0.000931636264534342,0,0.0128803733787159,0,0,-0.0654440596142247,1.10345343462851,-0.1116317512676,0,-0.0929708700749638,0,0,0,0,-0.00337127170281819,-0.0610162825531519,0,0,0,0,0.0164529915846507,0,0,0,0,0,-0.0763673268088201,0,0,0,0,0,0,0,0,0.0146297300443131,0,0,0,0.0794962649517915,0,0.0131399435287819,0,0,0,0,0,0,0,0,0,0,0,0,0.00242774961922065,-0.0163470555110774,-0.0783270974569125,0,0.0390696049671614,0,0,-0.058757317677195,0,0,0,0,0,-0.0336078704189348,-0.0856348797798058
0,-0.0772617493651715,0,0,0,0,0,-0.103411251864075,0.0295931101007216,-0.130985450530462,0,0,0,-0.130326797692413,-0.00731130293567555,-0.112559352127937,-0.141356507919677,0,0,-0.0508941227273644,0,0,0,0,0,0,0,0,0,0.019805261709662,0.00929886322421021,-0.0904669666315735,0,0.154999479265744,0,0,-0.00486079161314061,-0.1116317512676,1.49202679324066,0,-0.0190232687826898,0.120020381983268,-0.135663910394836,-0.0122787559725876,0,0.0935718580530071,-0.164374303901294,-0.0455767176947327,0.0768302869068504,0,0,0,-0.0244656328253468,-0.0844907798373826,-0.00505247285530934,0.0386143978454755,0,-0.011330669521979,0,-0.227208727151339,-0.303873098632169,0,0,0,0,-0.0204246927415519,-0.195311449426838,0,0,0,0,-0.0137363722571209,0,0,0,-0.137694479757359,0,0.000100109360290558,-0.0941313842396968,0,0,-0.0692103216534255,0,0,0,0,0.270692901552571,0,0,0.0247668234883958,0,0,0,0,0,0.0975278621519587,0,-0.0582241749981224,0,0
0,0,0,0,0,0,-0.0086898871579233,0.177919062954015,0,0,-0.129454017443766,0,0,0,0,0,0,0,0,0,0,0,0,0,0.0625297581972129,0,0,-0.16874806969396,0,0,0,0,0.00175812752584233,0,0,0.0107249484027689,0,0,0,1.2096795022417,-0.0160960208068478,0,0.0811900747405405,0,0,0,0,-0.0639006541498177,0,0,0,0.122852990144012,-0.0240029048891645,-0.063552788866568,-0.0223531028001409,0,0,0,0,-0.146583515843298,0.123005125992973,0,0,0,0,0.116522895559713,0,-0.0399878304309486,-0.0123522479215514,0,0,0,-0.0891360046665807,-0.0884928134945686,0,-0.0288911849074098,0,-0.0881732338165964,0,0,0,-0.115280586519733,-0.00404417708322873,0,0,-0.0241881139501711,0,0,-0.0431389156335969,-0.00871829395373051,0,0,0,0,0,0,0,0,0,0.10441274140003
0,0,0.107938718770957,0,0,0,-0.0123764051403568,0,-0.165859077834475,-0.00806530142503938,0,0,0,-0.088093689539691,-0.033762509470654,-0.0589567374707866,0,0,0,0,0,0,0,0.0491216760815722,0,0,0,0,0,0,0,0,0,0.0731138914102649,0,0,-0.114813977519955,-0.0929708700749638,-0.0190232687826898,-0.0160960208068478,1.19983344609657,-0.0252405100294977,0,0,0,-0.260168832486517,0,0,0,-0.0230627089429529,0,0,0,-0.0110967370762734,-0.0568715671508653,0,-0.00491940426866781,0.0849060374377769,0,0,0,0,-0.0171847914413482,0,0,0,0,0,0,0,0,0,0,-0.0576210760443956,0.0871330668256949,0,0,0,-0.0456708027663601,0,0,0,0,0,-0.0848915108838722,0,0,0,0.0232769248644354,-0.0470210610948035,0,0,0,0,0,0,-0.070283788250613,0,0,0
-0.0460176520382953,0,0,0.00828178446618242,0,0,-0.0214348735010698,0,-0.00241653939081445,-0.0163044770964178,0,-0.0507686055260106,0,0,0,0,0.0437794374781894,0.00816145151875076,0,0,0,0,0.00099929776231597,0,0,0,0,0,-0.0379110754355159,0,0,0,0,0,0,0,0.0120923805184181,0,0.120020381983268,0,-0.0252405100294977,1.2280243803124,-0.072872661269495,0,0,-0.188704186779166,0,0,-0.0282806200816955,-0.117641584505675,-0.0680014922956364,0,-0.0442936872405681,0,0,0.0425599177052022,0,-0.145894651708533,0.0285437585821616,0,0,0,0,0.0595384275189879,0,0,0,-0.122526402123748,0.0138934941242993,-0.101072181975131,0,0,0,0,0,0,0,-0.0297038730422717,0,0,0.0209582152137318,-0.13309378990858,-0.122675780873819,0.0392053747807131,0,0.101900560860959,0,0,0,0,-0.0733304509119735,0,-0.0188949825106084,0,0,0,0.0896282573743343,0.066730598312079,0,0.040584461856529
-0.0162205763497632,0,-0.0258000762066423,0,0,0,0,0,0,-0.0299457389346806,0,0,0.116772134407643,0.01767460949546,0,0,0,0,0,0,0,0.0520952788880127,0,0,-0.332408386707429,0,-0.108295294698093,0,0,0.0392975976169076,0,0,0,0.0652531481256696,0,0,-0.073702331601484,0,-0.135663910394836,0.0811900747405405,0,-0.072872661269495,1.35221395300757,0,-0.0593895888192396,-0.114422837948594,0,0,-0.0136408647240095,0,0,-0.156968652271255,0,0,0,0.182045050365557,0,0,0,0,0,-0.0433912838976845,0,0,0.0703604770705358,0,-0.122245984178455,0,0,0,0,-0.0705867779918867,0,0,0.119481736306666,0,-0.0628050321103989,0,0,0.109887218134272,0,0,0,0,0,0,0,-0.0774063769077771,-0.0358173932004172,0,0.10240289456956,0,0,0,0,-0.0189139455115021,0.0345833128725787,0.072468426055669,0.0643516183402122,0
-0.0537585793874693,0,0,0,0,0,0,0.0389449245589252,0,0.0775272046725939,-0.0436098691128205,0,0,0,0.0787537370303862,0,-0.0528856431686683,0,0,-0.00981092073578736,0,-0.0494346184177474,-0.106146331832363,0,0,0,0,0,0,0,0,0,0,0,0.0433110119339098,-0.00903952779618977,0,0,-0.0122787559725876,0,0,0,0,1.19646196628869,0,-0.0238220399159889,0,0,0.0716063621757614,0,0.137135638338654,0,0,-0.00796932992648332,-0.137375886499822,0,0,0,-0.0933082017752697,0,0,0,-0.0580975259437174,0,-0.0270234835393623,0,0.0115026413744096,-0.152653514700839,0,0,0,0.123126683219047,0,0,0,-0.063114305759523,0,0,0,0,0,0,0,0,0,0,0,0,0,0,-0.0895538734676032,0,0,-0.0587896099381283,0,0,-0.0946860470064566,0,-0.127328586417237,0
-0.135576774855177,0,0,0,0,0,-0.000689886891292001,0,0,0,0,0,0,0,0.136447528614221,-0.0694832843664027,0,0,0,-0.0303888265822705,0,0,0,0,0,0,0.171987121176776,0,0,0,0,-0.0707488245301148,0,0,0.0158127370873511,0,0,0,0,0,0,0,-0.0593895888192396,0,1.17290812590734,-0.061267336126923,0,0,0,-0.0139564285014426,0,0,-0.187653959353349,-0.011694663225459,0,0,-0.0122882971568162,0.042259074841269,0,0.0107600254619575,0,0,-0.0317164020702358,0,0,-0.0363031508364159,0,0,-0.0156061715253898,0.000387331817155831,-0.108189275116752,0,0,0,0,-0.0278356982774663,0,-0.0779141710288267,0,-0.0257469936408185,0,-0.137014217613849,0,0,0,0,0,0,0,0.0529863799746265,0,0,-0.0229652646066412,-0.0503202588657982,0,0,0,-0.142799647831113,0,0
0,0,0,0.211703875228482,0.223722449457071,0,0,0,-0.144733049967039,0,0,0,0.216928147861186,0,0,-0.016401114982754,0.351298766296706,0,0,0,0.0366589556725017,0,0,0,-0.0511548510517215,0,-0.00106581156673324,0,0,-0.295552770303761,-0.0424128972382085,0,0,0.0237040791737078,0.00368859289236122,0,-0.0478529791971912,-0.00337127170281819,0.0935718580530071,0,-0.260168832486517,-0.188704186779166,-0.114422837948594,-0.0238220399159889,-0.061267336126923,1.54919520599059,-0.0648012800610528,0.0148780100435046,0,0,0,-0.05072294033543,0.0972081286466879,0,-0.0855013450168556,0,0,0.0238916878299353,0,0,-0.0667266955604261,0.0120341757686293,0,0,0,0.121537807852023,0,0,-0.0289136973899084,0,0,0.0835341960169654,-0.129637046099412,0,0,0,0,0,0,0,0,0,0,0,0,0,0,0,-0.0462877226273948,0,0.108217907430079,0,-0.0450873052085218,0,0,-0.0531176426680953,0,0,0,0.0398699626928525
0,0,0,0,-0.00255834945152696,0,0.0567791126157776,-0.0462575753381973,0,-0.036144346139762,0,0.0800250746518162,0,0,0,0,0.00497546801250376,0,-0.0180659055847989,0,-0.0776553600122925,0,0,0,0,0,0.0106051076521091,0,0,-0.00140455556949703,0,0,0,0,0,0,0,-0.0610162825531519,-0.164374303901294,0,0,0,0,0,0,-0.0648012800610528,1.17945951914209,0,0.0219822782648731,0,-0.0372638839040746,-0.0313098607339743,0,0,0,-0.0463372866860096,-0.0452552253916564,0,-0.0898686457561851,0,-0.00553501164269293,0,0,0,0,0,0,0,0,0,0,0,0,0.111939292358303,0,-0.0503846345449553,0,0,0,0,0,-0.0041774162402618,0,0,0,0,-0.322068276329568,0,0.0770415082634012,0.0200886578850114,0,0,-0.0187275514279346,-0.0489757903057873,-0.105804228134866,0,0,0,0,0
0.0246697302413883,0,0,0,0.117264184710826,0,0,0,0,0,0,0,-0.115774741972692,0,0,0,0,0.0482156634925726,0,0,-0.0542633033361007,0,0.0603771999612657,0.0673013509907267,0,0,0,-0.106270898358335,0,0,0,-0.0678251908795208,0,-0.0285954042485535,0,0,0,0,-0.0455767176947327,-0.0639006541498177,0,0,0,0,0,0.0148780100435046,0,1.19882403135095,0,0,-0.0912764084330998,0,-0.00916747921936099,-0.0580835119748501,0,0,0.139204843235158,0,0,0,0,0,-0.034216575910727,0.00536563148081955,0,-0.039631437482552,0,-0.0345300798414649,-0.0570351054018988,0.0132452557136272,0,0,-0.00167400173833656,0,0,0,0,0,0,-0.0179790070661454,0,0,-0.057582672604655,-0.0914147467358144,0,0,0,0.265473222694412,-0.001451340328399,0.00832162091062874,0,0,-0.0407385816475982,0,0,0,0,0,0,0
0,0,-0.00814949028635135,-0.0326867364352189,0.0184959660932261,0,0,0.118360871935951,-0.0243223484747291,0,0.060816358458913,-0.197726748993258,0,0.060113983279879,0,0,0,-0.0250097194391973,0,0,0,0,0.10406699256707,-0.00400867525432093,0,0,-0.0147720025854189,0,0,0,-0.0485556427456506,-0.0580472704238426,-0.000449155828317746,0,0,-0.0148300671789862,0,0,0.0768302869068504,0,0,-0.0282806200816955,-0.0136408647240095,0.0716063621757614,0,0,0.0219822782648731,0,1.29277760002503,0,0,0,0,0,-0.101234132985114,0.155948362467649,0,0,0,0,0,0,0,-0.0299377406988101,-0.0651122847827195,0,0,0,0,0,0,0,0,0,0,0,0,-0.190089703323124,0.135242782783295,0,0,0,-0.0387671607612108,0,-0.154201079088863,0,0.0566383638770463,0,-0.114519280593652,0,0,-0.123674449388761,0,0,0.0677051141971442,0.161432002237419,-0.20495701777292,0,0,0
0,0,0,0,0,0,0,0,0,0,0,-0.0780929392300463,0,0,0,0,-0.0477222199840345,0,0,0,0.102081963572174,-0.116711109004061,0,0,0,0,0,0.0709864198558943,0,0,-0.0747041292951124,0,0,0,0,0,0,0,0,0,-0.0230627089429529,-0.117641584505675,0,0,-0.0139564285014426,0,0,0,0,1.23308323492461,-0.019690416670312,0.201274421548537,-0.020734127944006,0,0,0,0,0,0,0,0,0,0,0,0,0,0,-0.00383152089948448,0,0,0,-0.0398053838544989,0.0106295408737152,0,0,0,0,0,-0.0767201173132099,0,-0.123442896868594,-0.0872083435735282,0,0.0377902074252707,-0.0246057380174449,0,0,0.0832225992220121,0,-0.0665416944552046,0,0.19026336887899,0,0,-0.171506887713898,-0.0114333571074087,0.0176071993125326,0,0,0.0456180239051389
0,0,0,0,-0.0336247006894294,0,-0.0789186116197357,0,-0.0643932691240599,0,0,0,0,0,-0.0285102839075571,0,0.0540226369777677,0,0,-0.0120212449614125,0,0,0.0372697393213931,0,-0.0228336764546717,0,0,0,0,0,0.106605425993077,0,-0.141415525353215,0,0,-0.024262712055864,0,0,0,0,0,-0.0680014922956364,0,0.137135638338654,0,0,-0.0372638839040746,-0.0912764084330998,0,-0.019690416670312,1.15277283636104,0,0,0,0,0,0,0,0,0,0,0,0,0,0,0,0,0,-0.0240511256472794,-0.0748082416496196,0,0,0,0,0,0.0226917133570144,0,0,0,-0.0312978351839786,-0.0275348531515436,-0.0809443239938993,-0.0136355801949791,0,0,-0.0228838170185473,0,0,0,0,0.0636522626209235,0.0300507812354956,0.0246044112115321,0,-0.190937296749657,0,0,0,0,0
0,0,-0.122964971867627,0,0.0517234224972238,0,0,0,0,0,0,0,0,0,0,0,0,0,-0.0255130666845027,0,0,0,0,0,0,0,0,-0.0418841379277299,0,-0.130579767048549,0,0,0,0,0,0,0,0.0164529915846507,0,0.122852990144012,0,0,-0.156968652271255,0,0,-0.05072294033543,-0.0313098607339743,0,0,0.201274421548537,0,1.22665185646906,-0.0570630901294629,0,0,0,0,0,0,0,-0.0651882513668877,-0.0202948454670818,0,0,0,0,0,0,0.066119296519729,0,-0.00563257363101207,-0.0390980529803907,-0.0607905603304046,0,0,0,0,0,0,-0.192543423685354,0,0,0,0,-0.0136275224249136,0,-0.0609665107670115,0,0,0,0,0,0,0,0.0144263832788214,0,0,-0.112139120384495,0,-0.111363546111381
