,V20,V30,V37,V9,V24,V25
V20,0.0,0.3679832568992739,0.1753678294308969,0.38645206253480413,0.3425286731078775,0.29696460975020267
V30,0.3679832568992739,0.0,0.07609344652733963,0.04025771136619982,0.0375533984412284,0.03914085540420831
V37,0.1753678294308969,0.07609344652733963,0.0,0.0877706955413905,0.07755313784125195,0.072753710836296
V9,0.38645206253480413,0.04025771136619982,0.0877706955413905,0.0,0.040673280748629415,0.050606610062640556
V24,0.3425286731078775,0.0375533984412284,0.07755313784125195,0.040673280748629415,0.0,0.04564700773009267
V25,0.29696460975020267,0.03914085540420831,0.072753710836296,0.050606610062640556,0.04564700773009267,0.0
