"X1","X2","X3","X4","X5","X6","X7","X8","X9","X10","X11","X12","X13","X14","X15","X16","X17","X18","X19","X20","X21","X22","X23","X24","X25","X26","X27","X28","X29","X30","X31","X32","X33","X34","X35","X36","X37","X38","X39","X40","X41","X42","X43","X44","X45","X46","X47","X48","X49","X50","X51","X52","X53","X54","X55","X56","X57","X58","X59","X60","X61","X62","X63","X64","X65","X66","X67","X68","X69","X70","X71","X72","X73","X74","X75","X76","X77","X78","X79","X80","X81","X82","X83","X84","X85","X86","X87","X88","X89","X90","X91","X92","X93","X94","X95","X96","X97","X98","X99","X100"
2.47436060746102,0,0,0,0,0,0,0,0,0,0,0,0,0,-0.143432234626579,0,0,0,0,0,0,0,0,0.0493218504329131,0,-0.201166276690352,-0.0970784271528026,0,-0.055754308451061,0,0,0,0,0,0,-0.104702520576352,0,0,0,0,0,-0.168044344712469,0,0,-0.0292019464917142,0,0,0,-0.386562639560366,-0.0565264022569356,0,0,-0.328301613244294,0,0,-0.369106972559821,0,0,-0.0835270768193475,0,0,0.0350838547701673,0,0.105795826810831,0,0,-0.0556111538494337,0,0,0,0,0,0,0,0,0,0,-0.441676169657937,0,-0.190912556878608,0,0,0,0,0,0,0,0,0,0,0,0,0,0,0,0,0,0,0,0
0,1.71556897038432,0,0,0,0,0.068100966503657,-0.334753909084715,0,0,-0.00370139681781811,0,0.0129875710707097,0,0,0,0,0.122367873316937,0,0,0,0.0908122335800459,0,0,0,0,0,0,0,0,0,0.0494106908535315,0.0881862751621822,0,0,-0.490362035055384,0,0,0,0,0,-0.132605335378557,0.123686751268926,0,0.0820928120324843,-0.0756606317498326,0.0266475139871338,0,0,-0.507630063594684,0,0,0,0,0,0,0,0,0,0,0,0,0,0,-0.0898368237868537,0,0,0,0,0.0751283027926175,0,0,0,0,0,0,0,0,-0.176768120895116,0.0655464367688498,0,0.0507453213302032,0,0,0,0,0,0,-0.0219748811040849,0.046065335363151,0,0,0,0,-0.109286966633858,0,0.122480708111159,0,0,-0.157467787272198
0,0,2.51854303375536,0,0,0,0,0,0,0,0,-0.0837678348236373,0,-0.13987275202522,-0.232261977957464,0.0240182396847567,0,0,0,0,0,0,0,-0.282604824955764,0,0,-0.517230227658569,0,0,0,0,0,-0.146741147256938,-0.210398833950349,0,0,0,0,0,0,0,0,0,0.0125774324666162,0,0,0,0,0,0,0,-0.00325323929920803,-0.509629173582848,0,-0.0614807932960895,-0.0154334444269506,0,0,0,0,-0.027196307215379,0,0,0,0,0,0,0,0,0,0,-0.0533374471620527,0,0,-0.350084658519811,0,0,0,0,0,0,0,0,0,0,0,0,0,-0.163121300759988,0,0,0,0,0,0,-0.0111995171874885,0,0,0,0
0,0,0,2.13624036479536,0,0,0,0,-0.11789956880048,0,0.135074588299294,0,0,0,0,0,0,0,0.145449004236013,0,0,0,0,0.121261014295541,0,0,0,-0.0613523945532828,0,0,0,-0.0171251290898094,0,-0.0880984588813501,0,0,-0.232231077129472,0,0,0,0,0,0,0,0,0,-0.221802420038275,0,0,0,0.104295756317362,0,0,-0.17415397775449,-0.0530143944803785,0,0,0,0,0,0,0.12133943306837,-0.187444732706596,0,0,0,0,0,-0.165399627759743,-0.0449308176917302,-0.128684602093941,0,-0.226732609106498,0,0,0,0,-0.0400925301697589,0,0,-0.405222877562028,0,0,0.0005308686079112,0,0,0,0,0,0.0772424077705363,-0.0487690002191163,0,-0.000307032464252878,0,0,-0.161685707112981,0.102053879571916,0,0,0
0,0,0,0,2.53617248862732,0,0,0,0,0,-0.132324458147767,0,0,0.07748747104225,0,-0.059856033185416,0,0,0,0,0,0,0,0,0,0,0,0,0,-0.0143287862055089,0,0.113652336992522,0,0,0,0,0,0,0,0,0,0,0,0,0,-0.282313690296097,0.0718522246769676,0,0,0,0,0,0,0,0,-0.115859775174852,0,0,-0.355031682586146,-0.624613193209724,0,0.0459442749436683,0,-0.0648421062906774,0,-0.112735460253346,-0.0212987012893915,0,0,0,0,0,-0.155269666902084,-0.168710860925657,0.116944926090988,0,-0.319118689584363,0,0,0,0,0,0,0,0,-0.0487397021015367,0,0,0,-0.291472922761633,0,0,0,-0.0282661385479842,0,0,0,0,-0.122497896691747,0
0,0,0,0,0,2.36933239475008,0,0,0,0,0,0,0.041115949846526,0,0,-0.328285548548066,0,0,0,0,0,0,0,0,0,0,0,0,-0.0739269987483304,-0.157201854160074,0,0,0.0133878534826465,0,0,0,0,-0.138888767690165,0,0,0,0,0,0,0,0,0,0,-0.0144208741425653,0,0,0,0,0,0,0,0,-0.407810862020631,0,0,0,-0.232319391039057,0,0,-0.0688685670862121,0,0,0,0,0,0,0,0,0,-0.0615142691769216,0,0,0,0,0,0,0,0,-0.250691631584859,-0.0325208006853494,-0.03744199020635,-0.189337598679428,0,0,0,0,0.119693782741789,0,-0.913866264677748,0,0,0,0,0,-0.170691309589422
0,0.068100966503657,0,0,0,0,2.42896754603565,0,0,0,0,-0.00675251494875586,0,-0.245412096210098,-0.149308147675324,0,0,-0.132757189722895,-0.968363168358602,-0.0839594384861735,0,0,0,0,-0.175087503811399,-0.103818948531487,0,0,0,-0.0412537232110081,0,0,0.0386178484119641,0,-0.160470280007003,0,0,0,0,0,0,0,0,0,-0.351445453126516,0,0.0229182702294578,0,0,0,-0.00627163949046262,0,0,0,0,0.0291096691314794,0,0,0,0,0,0,0,0,0,0,0,0,0,0,0,0.140540852018219,0,0,0,0,0,0,0,0,0.0658614213414848,0,0,0,0,0,0,-0.122040713993711,0,0,0,0,0,0,0,0,0,0,-0.234962422595192,0
0,-0.334753909084715,0,0,0,0,0,1.41113801943889,-0.0158264484417617,0,0.0352271092488244,0,0,0,0,0.160038991333822,0,0,0,0.0479746552184665,0,0,0,0.019969117325211,0,0.0392853488132019,0,0,0,0,-0.000126380299169041,0,0,0,-0.0659102077450035,-0.198977594962555,0,0,0,-0.0426506031839973,-0.0691120014792714,-0.172374147512686,0,-0.214294528613283,0,0,0,0.0458977534972806,0,0,0,-0.0648704577532647,0,0,-0.018720056381995,0,0,0,0,0,0,0,0,0.156758946983964,0,0,-0.0900159020099665,0.0411976407459776,0,0,0,0,0,0,0.191156006344398,-0.00586162754316682,0,0,0,0,-0.10682470973804,-0.105144976496491,0,0,-0.0386391791506135,0,0,0,0,0,0.0243414265486047,0,0,0,0,0,0,0,0,-0.104115644319768
0,0,0,-0.11789956880048,0,0,0,-0.0158264484417617,2.30170019550541,0,0,0,-0.0135112901986926,0,0,0,0,0,0,0,0,-0.398834634967666,-0.155186371168665,0,-0.0164662953331825,0,0,0,0,-0.216504144979602,0,0,0,0,-0.0222522499629334,0,0,0,0,0,0,-0.00523498892502665,-0.154207795941619,-0.255093897904645,0.0403843630102869,0,0,0,0,0,0,-0.0339904065526819,0,0,0,0,0,0,0,0,0,0.129673064517565,0,0,0,-0.291783497879201,-0.134793483266426,0,0,0,0,0,0,-0.270158605926395,0,0,0,0,0,0,0,0,-0.345709713249683,0.0268333195768871,0,0,0,-0.00922556499944749,0,0,0,0,0,0,0,-0.0278350558200076,0,0,0,0
0,0,0,0,0,0,0,0,0,2.66915875996111,0,-0.714273635853959,0.0979614453704435,0,-0.33894925651803,0.0441592496971442,0,-0.332283098551626,0,0,-0.0517479495255218,0,0,-0.225133462423583,0.00671405901013954,0.155695419884359,0,0,0,0,0,-0.292200185753005,0,0,0,0,-0.080650171918197,0,0,-0.123639067459486,0,0,0,0,0,0,0,0,0,-0.00848313157121926,0,-0.14390038552783,-0.163289686237632,0,0,0,0,0,-0.0904054716992164,0,-0.00807423431145439,0,-0.285717314795085,0,0,0,0,0,0,0,0,0,0,0,0,0,-0.0820906085322859,0,0.0183325185659406,0,0,0,0,-0.0813801820486808,0,0,0,0,0,0,0,0,0,0,0,0,0,0,0,0
0,-0.00370139681781811,0,0.135074588299294,-0.132324458147767,0,0,0.0352271092488244,0,0,1.45090707730507,0.0995503648500055,-0.175920920272547,0.0193627632552598,0,0.162471717789618,0,0,0,0,0,0,0,-0.00966335296106307,0.106366676820818,0,0,0,-0.0499502210464954,0,0,0.00808769725327767,0.0794706242203658,0,0,0,0,0,0,0.0892483751221954,0,0,0.113294324063133,0,0,-0.356349499858147,0,0,0,0,0,0,0,-0.0358898049466561,0,0,0,-0.221673360721326,0,0,0,0,0,-0.066806984429034,-0.0167873320793875,0,0,-0.0741945086753931,0,0.107046585392346,0,0,0,0,0,0,0,0,0,0,0,-0.23156535059224,-0.061348601543624,-0.0330906272531227,0,0,0,0,0,-0.0650219849926459,0,-0.0159262861366287,0,0,-0.0899848171397124,0,-0.181772425291768,0,0.0869030823652726,0.111464377829188
0,0,-0.0837678348236373,0,0,0,-0.00675251494875586,0,0,-0.714273635853959,0.0995503648500055,2.6750039275784,0,0,0,0.00483063500120352,0,0,0,0,0,0,0,0,0,0,-0.0427044767605999,0,0,0,0,0,0,-0.0530987732700021,-0.0185010050039775,0,0,0,0,0,0,0,0,0,-0.223281047267621,0,0,0,0,0,0,0,-0.0846004556572863,0,-0.401714694169822,0,0,0,0,0,0,0,-0.0416578167816427,0,0,0,0,0,-0.232042954008525,0,0,0,0,0,0,0.085396523759893,0,-0.08890929580434,0,0,0,0,0,0,0,-0.233435238247144,0,0,0,0,0,0,-0.0202728608649862,0,0,-0.392993615812914,0.0821583473082905,-0.180278288858723,0,-0.169919134506533
0,0.0129875710707097,0,0,0,0.041115949846526,0,0,-0.0135112901986926,0.0979614453704435,-0.175920920272547,0,1.82175926484032,0,0,0,0,0,0.252742295187285,-0.461350813770599,0.0445887041088183,-0.682641586298049,0,0,0,-0.0813123977448839,0,0,0,0,0.0755908066230694,0,0.0686904548886956,0,0,0,0,0,0,0,0,0,0,0,-0.149473371135235,0,-0.0418292600092383,0,0,0.130863714715096,0,0,0,0.00219775541463637,0,0,0,0,0,0,0,0,0,0,0,0,0,0,0,0,0,0,0,0,-0.0527621274458819,0.0732782817840893,0,0,-0.0402112498513612,0,0,0,0,0.292981038736891,0,0,0,0,0,0,0,0,0,0,0,0,-0.213322353658193,0.00450102687469905,0,0
0,0,-0.13987275202522,0,0.07748747104225,0,-0.245412096210098,0,0,0,0.0193627632552598,0,0,2.24445131488615,-0.587535893342319,0,0,-0.26789707937947,0,0,0,-0.0850870294322857,0,0,0,0,0,0,0,0,0,-0.140313050262049,0,0,0,-0.130947424469881,0,-0.0409024214288057,0,-0.0912325705527587,0,0,0,0,0,0,0,0,0,0,0,0,0,0,0,0,0,0,0,0,0,-0.048697573337082,-0.106043133613282,0,0,0,0,0,0,0,0,-0.094686190549381,0,0,-0.0331048511471448,0,0,0,0,0,-0.0268426614234882,0,0,0.0230566330306672,0,0,0,0,-0.186006361449009,0,0,-0.0575280473602665,0,0,0,0,0,-0.12240078674172,0,0
-0.143432234626579,0,-0.232261977957464,0,0,0,-0.149308147675324,0,0,-0.33894925651803,0,0,0,-0.587535893342319,2.90611740145959,0,0,0,0,0,0,0,0,-0.0944460562755125,0,0,0,0,-0.0446622997066799,0,0.203026185748063,0,0.0778856363911033,-0.1997421363239,0,-0.0661491321699432,0,-0.111292106517605,0,0,0,-0.102127303341076,0.140671533462905,0.0428448754299711,0,0,0.165487519217947,0,0,0,-0.00848378223925383,-0.240373239700371,0,0,0,0,0,0,0,0,-0.22840684819181,0,0,0,-0.197795151381607,0,0,0,0,0,0,0,-0.193761204363186,0,0,0,0,0,0,0,0,0,-0.0132780975295006,0,0,0,0,0,-0.0958665093578663,0,0,-0.0186743822918464,0,-0.16993287417327,0,-0.168622791995487,0,0,-0.0772171824476215,0
0,0,0.0240182396847567,0,-0.059856033185416,-0.328285548548066,0,0.160038991333822,0,0.0441592496971442,0.162471717789618,0.00483063500120352,0,0,0,1.61093159768659,0,0,-0.0388824298479392,-0.0901373769913459,0,0,-0.0478814156640097,0.170319655277953,0,0,0,0,0,-0.134315257282833,0,0,-0.0120517091346958,0,0,0,0,0,0,0,0,0,0,0,0,0,0,0,0,0,0,0,0.0428245574353574,0,0,0,0,0.0438048018222635,0,0,0.0235844806895883,0,0,0,-0.178869635889679,-0.00920779574982745,0,0,0.0144664608969136,0.0499176526537042,0,0.0249876008774278,0,0,0,0,0,0,0.271791474945101,0,0,0,0,0,0.0755267333600139,0,-0.395543116872612,0,0,0,0,0.014956873551124,0,-0.150039179668372,0,0,0,0,-0.00566519949486937,-0.247639170968298
0,0,0,0,0,0,0,0,0,0,0,0,0,0,0,0,2.73062860550034,-0.381546910731996,0,-0.0406933945307805,0,0,0,0,0,0,0,0,-0.25474425151541,0,0,-0.0528658359311031,0,0,0,0,-0.51407400279564,-0.237273903656203,0,0,-0.277250704895036,0,0,0,0,-0.374017978304482,0,0,0,0,-0.0846629978696953,-0.0729134444427707,0,0,0,0,0,0,0,0,0,0,-0.0619780163584896,0,0,0,0,0,0,0,0,0,0,-0.238343090077271,0,0,0,-0.0035004340895722,0,0,0,0,0,0,0,0,0,0,-0.0166201229603993,0,0,-0.199072297314867,0.0865477420703938,0,0,0,-0.126917877987086,0,0,0
0,0.122367873316937,0,0,0,0,-0.132757189722895,0,0,-0.332283098551626,0,0,0,-0.26789707937947,0,0,-0.381546910731996,2.84066814578164,-0.00979463906680835,-0.204009055302919,0,-0.121288929203328,0,0,0,0.0131196388169534,0,0,-0.0568325265700757,0,0,0,0,-0.146347335442413,0,0,0,0,0,0,0,-0.216214119496865,0,0,0,0,0,0,-0.448191598067269,0,-0.0841047561670065,-0.33461969518638,0,0,0,0,0,0,0,0,-0.0480290706314298,-0.0723604967980464,-0.227771294680523,0,0,0,-0.0534572563265369,0,0,0,0,0,0,0,0,0,0,0,0.0220625965700355,0,0,0,0,-0.113996468941575,0,0,0,0,0,0,0,0,0.287736795996699,0,0,0,0,0,0,0
0,0,0,0.145449004236013,0,0,-0.968363168358602,0,0,0,0,0,0.252742295187285,0,0,-0.0388824298479392,0,-0.00979463906680835,2.09907543806079,-0.048112836671188,0,0,-0.0839040913726041,-0.108349992840787,-0.255902711799722,0,-0.0145228628948955,0,0,0,-0.0766334719492341,0,0,0,0,0,0,0,0,-0.0784851997679679,0,0,0.0253462497783434,0,-0.249830987614464,0,0,0,0,0,0,0,0,0,0,0,0,0,0,0,0,-0.0756464290733714,0,-0.0103474597785617,0,0,0,0,0,0,0,0,0,0,0,0,0,0,0,0,0,0,0,0,0,0,-0.0279173447360869,-0.0296795329002177,-0.00998341795349662,-0.0506694062234931,0,0,0.160947431715817,0,-0.0677771139685817,0,-0.197085151144444,0,0,0
0,0,0,0,0,0,-0.0839594384861735,0.0479746552184665,0,0,0,0,-0.461350813770599,0,0,-0.0901373769913459,-0.0406933945307805,-0.204009055302919,-0.048112836671188,2.44663678468628,0,-0.222311143199416,0,0,0,0,0,0.209491062592869,0,-0.205106755009812,0,-0.0114787580037493,0,-0.196480113204172,0,0,0,0,0,0,0,0,0,-0.0961466059072818,-0.0409198447708224,0,0,0,0,0,-0.0714539885965725,0,0,0,0,0,-0.240408539882943,-0.0756499279132335,-0.0642348101513535,0,0,0,0,-0.288986727280347,-0.00704442449357276,0,0,0,0,0,0,0,0,0,0,0,0,0,0,0,0,0,0,0,0,0,0,0,0,0,0,0,0,-0.0480946774689243,0,-0.121310011142947,-0.460595631353557,0,0,0
0,0,0,0,0,0,0,0,0,-0.0517479495255218,0,0,0.0445887041088183,0,0,0,0,0,0,0,2.59889258998324,0,-0.34153759892218,0,0,0.0364206899898048,0,-0.224151460840898,0,-0.0158252582219379,-0.0197208076848268,0,0,0,0,0,0,0,0,0,0,0,0,0,0,0,0,-0.316615012845004,-0.137063177286292,0,0,-0.0895253528272352,-0.286855602284431,0,-0.117050965202518,0,0,0,-0.235755876909018,0,-0.00273679945408315,0,0,0,0.0943859876492154,0,0,-0.140814007344636,0,0,-0.152986744540155,0,0,0,0,0,0,0,0,-0.00217690049968949,0,0,0,0,0,-0.365717245502124,0,-0.058723803272527,0,0,0,0,-0.0407021913417017,0,-0.0109289743410755,-0.123644115573105,0,-0.069046627145546,0,0
0,0.0908122335800459,0,0,0,0,0,0,-0.398834634967666,0,0,0,-0.682641586298049,-0.0850870294322857,0,0,0,-0.121288929203328,0,-0.222311143199416,0,3.0822937746627,0,0,0,0,0,0,0,-0.201027837986479,0.13234347249256,-0.00360774006501597,0,0,0,0,0,0,0,0,0,0,0,0,0,0,-0.190621930579773,0,0,0,-0.0639665162957979,0,0,0,0,0,-0.407030322101105,0,-0.144418134263017,-0.0503614020903223,0,0,0,0,0,0,-0.160061285129905,0,0,0,0,0,0,0,0,0,-0.262754149142878,0,0,-0.0531239892180478,0,0,0,0,0,0,0,0,0,-0.0480720806293521,0,-0.35829172275272,0,0,0,0,-0.115381528118526,0,0,0
0,0,0,0,0,0,0,0,-0.155186371168665,0,0,0,0,0,0,-0.0478814156640097,0,0,-0.0839040913726041,0,-0.34153759892218,0,3.20567784064371,0,0,0,-0.701810139102573,0,0,0,0,0,0,0,-0.0763715232066773,0,0,0,-0.374091861573492,0,-0.171082653971038,0,-0.0124585900647901,0,0,0,0,0,0,0,0,-0.0374710086564857,0,0,0,0,0,0,-0.482657483160002,0,0,0,0,0,0,0,0,0,0,0,0,0,0,-0.00515939548526234,0,0,-0.199079214432007,0,0,0,0,0,0,0,0,0,0,-0.306274782524349,0,-0.147327326766365,0,-0.0481870194904352,0,0.0858878414887639,0,0,-0.183180899436826,-0.0534741974360527,-0.0972266498481744,0
0.0493218504329131,0,-0.282604824955764,0.121261014295541,0,0,0,0.019969117325211,0,-0.225133462423583,-0.00966335296106307,0,0,0,-0.0944460562755125,0.170319655277953,0,0,-0.108349992840787,0,0,0,0,1.58507225457821,0,0,0,0.0431346950820189,0,0,0.176948709026316,-0.0125290562814561,0,0,0,0.0548448076568036,0,0,-0.194307844624466,0,0.0577139341784544,0,0.0948084096553354,0.031678452771635,0,0,0,0,0,0,0,0,0,0,0,0,0,0,0,0,0,-0.141826722435238,0.102249442446722,0,-0.0964717637609269,0,0,0,0.0287210811368951,0,0,0,0,0,0,0,0,0.0363475802241191,0,0.0668099233906644,0,-0.221130985324659,0,-0.0326250532458993,-0.569000814784256,0,0,0,0,0,0,0.0415424104421123,0.00322585641628072,0,0,0,-0.0145241303136493,0.0293192068223622,0,0
0,0,0,0,0,0,-0.175087503811399,0,-0.0164662953331825,0.00671405901013954,0.106366676820818,0,0,0,0,0,0,0,-0.255902711799722,0,0,0,0,0,1.94528249534711,-0.249043462917242,0,0,0,0,0,0,0,0,0,0,0,0,0.103757134551713,0,0,0,0,0,-0.379644198353477,0,-0.110116452110064,0,0,0,0,0,0,0,0,0,0,0,0,0,0,0,0,0,0,-0.26481961477454,0,0,0,0,-0.0595427772596953,0,-0.0176944458384632,0,0,-0.0980462210040614,0,0.0392214219823358,-0.0455800458952388,-0.22347602554416,0,0,-0.0240331629727466,0.158738921416643,0,0,-0.0764316111520992,-0.261725191402585,0,0,0,0,-0.124386136813792,0,0,0,0,0,0,0.0184394487864315
-0.201166276690352,0,0,0,0,0,-0.103818948531487,0.0392853488132019,0,0.155695419884359,0,0,-0.0813123977448839,0,0,0,0,0.0131196388169534,0,0,0.0364206899898048,0,0,0,-0.249043462917242,1.47571862013257,0,0,0,0,-0.111206066226327,0,0.162750536992883,0,0,-0.265873944542877,0,0,0.0579061502530279,0,0,0,0,0,-0.0891833251536988,0.0524018674067993,0,0,0,0,0,0,0,0.0110700712173792,0,0,0,0,0,0,0.00640236629852334,0.0980962774906087,0.0060864224249644,0,0,0,0.121306462598464,0,-0.346629491251681,0,0,0,0,0,0,0,0,0,-0.0459843245967134,0,0,-0.138766973181632,0,0.0378705821521878,0,-0.0351592372722358,0,0,0,0.256354576942014,0,0,0,0,0,0,0,0.249176472409731,0,-0.149763103798918
-0.0970784271528026,0,-0.517230227658569,0,0,0,0,0,0,0,0,-0.0427044767605999,0,0,0,0,0,0,-0.0145228628948955,0,0,0,-0.701810139102573,0,0,0,3.48118543522469,0,0,0,0,0,0,0,0,0,0,0,-0.0962592479586649,0,0,0,0,0.016820679552276,0,0,0,-0.117436928305692,0,0,0,-0.498767601397926,0,0,0,0,0,0,-0.0469681359792878,0,0,0,0,0,0,0,0,0,0,0,-0.547658161259652,0,0,0,0,0,-0.324825775945026,-0.0809195609118919,0,0,0,0,0,0.0227417030400529,0,0,0,0,-0.0324093979924251,0,0,0,0,0,0,-0.341905702651159,-0.2279645435479,0,0,0
0,0,0,-0.0613523945532828,0,0,0,0,0,0,0,0,0,0,0,0,0,0,0,0.209491062592869,-0.224151460840898,0,0,0.0431346950820189,0,0,0,2.4505138580904,-0.0506810547648673,0,0,0,0,0,0,0,-0.245858070942186,0,0.015393004985465,-0.152914950400333,0,0,-0.42378843778642,0,0,0,-0.423959281255708,0,0,0,0,0,0,-0.0768278813961635,0,0,0,-0.0132923660745004,0,0,0,0,0,0,0,0,0,0,0,0,0,-0.117686740068349,-0.554923617353924,0,0,0,0,0,0,-0.076185183542084,0,0,0,-0.0965354647625683,0,0,-0.0408880607148674,0,0,0,-0.0697403311949349,0,0,0,0,0,0,-0.139604443982435,0,0
-0.055754308451061,0,0,0,0,-0.0739269987483304,0,0,0,0,-0.0499502210464954,0,0,0,-0.0446622997066799,0,-0.25474425151541,-0.0568325265700757,0,0,0,0,0,0,0,0,0,-0.0506810547648673,2.31988115707641,0,0,0,0,0,0,0,-0.442048987758573,-0.18563142405111,0,0,0,-0.219973410220558,0,0,0,-0.00226110840488979,0.0923947166178647,0,0,0,0,0,-0.116444375451947,0,0,0,0,-0.0550498569880819,0,0,0,0,0,0,-0.183451540775913,0,-0.35828622046863,0,0,0,0,0,0,0,0,0,0,0,-0.0708027269613044,0,0.010913732945784,0,-0.00937991004276777,0,0,-0.140595360592348,-0.0724653726826202,0,0,0,0,0,0.0102250076227376,0,0,0,0,0,-0.104380757914344,0
0,0,0,0,-0.0143287862055089,-0.157201854160074,-0.0412537232110081,0,-0.216504144979602,0,0,0,0,0,0,-0.134315257282833,0,0,0,-0.205106755009812,-0.0158252582219379,-0.201027837986479,0,0,0,0,0,0,0,2.8230098270146,-0.149686774910088,0,0,0,-0.30772939537438,0,0,0,0,0,0,0,0,0,0,0,0,0,-0.110450140281023,0,0,0,0.00277518485115984,0,0,0,0,0,-0.385256822384287,0,-0.247572193268072,0,-0.101856068402501,0,0,0,0,0,0,-0.222842748127776,0,0,0,0,-0.243932126577263,0,-0.012829108447519,0,0.0113746956181269,0,0,0,0,0,0,0,0,0,-0.104000810424042,-0.205657757000634,0,0,0,0,0,0,0,-0.0369977140593201,-0.260738072458382,-0.17975598791083
0,0,0,0,0,0,0,-0.000126380299169041,0,0,0,0,0.0755908066230694,0,0.203026185748063,0,0,0,-0.0766334719492341,0,-0.0197208076848268,0.13234347249256,0,0.176948709026316,0,-0.111206066226327,0,0,0,-0.149686774910088,1.39488086228105,0,0,0.0663412125146486,0,0,0.316780142720515,-0.105884534220118,0,0,0,0,0,0,0,-0.10291692150662,0,0,0,-0.0111311940860235,0.0717539068088823,0,0,0,0,0,0.0524956561765989,-0.233758661042259,0,0,0,0.0468704479069642,0,0,0,0,0.120752955130316,0,-0.146900034716525,0.11982910878957,0,0,0.0918955063202277,0,0,0,0,0,0,0,0,-0.122185419200234,0,0.0986802662125987,0.009116319640086,0,0,0.064111889458115,0,0,0.19571060826924,0,0,0,-0.271596191570033,0,0,0,0,-0.163277900926013
0,0.0494106908535315,0,-0.0171251290898094,0.113652336992522,0,0,0,0,-0.292200185753005,0.00808769725327767,0,0,-0.140313050262049,0,0,-0.0528658359311031,0,0,-0.0114787580037493,0,-0.00360774006501597,0,-0.0125290562814561,0,0,0,0,0,0,0,1.81283001773555,0,0,0,0,-0.0378729920889622,0,0,-0.168363926103568,-0.109676810987596,0,-0.341338106812402,0.02776574229258,0,0,-0.167472087629339,0,0,0,-0.0340463400148671,0,0,-0.0909712364020322,0,0,-0.050607850930304,0,0,0,0,0.0310487822301638,0,0,-0.409534250776182,0,0,0,0,0,-0.253005301703557,0,0,0,0,0,0,0,0,0,0,0,0,0,0,0,0.0765374302125217,0.380909757435145,0,0,0,0,0,0,0,0,0,0,0,0
0,0.0881862751621822,-0.146741147256938,0,0,0.0133878534826465,0.0386178484119641,0,0,0,0.0794706242203658,0,0.0686904548886956,0,0.0778856363911033,-0.0120517091346958,0,0,0,0,0,0,0,0,0,0.162750536992883,0,0,0,0,0,0,1.20165229170032,0,0.0117414088547474,0,0,0,-0.0357774028579084,0,-0.164521262938078,0,0,0,0.0449940472969615,0,0,0,0,0,0,0,0,0,-0.06158324444182,0,0.0882924363310082,0,0,-0.021362843294159,0,0,0,0,0.1451961674661,0,0,0,0,0.137573514057782,0,0,0,0,0,0.032587092473797,0,0,0,0,-0.166743427165169,0,0,0,0.00935799876253564,0,0,0,0,0,-0.0572086659302876,0,0,0.0846451836239227,0,0,-0.0189498988858524,0,0,0.147862900425538
0,0,-0.210398833950349,-0.0880984588813501,0,0,0,0,0,0,0,-0.0530987732700021,0,0,-0.1997421363239,0,0,-0.146347335442413,0,-0.196480113204172,0,0,0,0,0,0,0,0,0,0,0.0663412125146486,0,0,2.94436227260372,0,0,-0.129304865263294,-0.321978634930421,0,0,0,0,0,0,0,0,0,0,0,0,0,0,0,0,-0.134324274772211,0,0,0,0,-0.114729649651696,0,0,0,0,0,0,0,0,-0.0510654375560083,0,0,0,0,0,0,0,0,-0.103446464183464,0,0,0,0,0,0,0,-0.597384799751063,0,0,-0.00862087340196921,0,-0.0614006114224143,0,0,-0.228992820721687,0,-0.443309461531799,0,0,0,0
0,0,0,0,0,0,-0.160470280007003,-0.0659102077450035,-0.0222522499629334,0,0,-0.0185010050039775,0,0,0,0,0,0,0,0,0,0,-0.0763715232066773,0,0,0,0,0,0,-0.30772939537438,0,0,0.0117414088547474,0,2.20898217883514,0.00207961800725282,0,-0.193496946241479,-0.0262259631834531,0,0,0,0,0,-0.0586660260634634,0,0,0,-0.0459627588946098,0,0,0,0,0,-0.14368455173411,-0.0259539017622149,0,0,0,0,-0.214019597773843,0.0402236687623011,0,-0.2516764704176,-0.0300470092865926,0,-0.290249432893791,0,0,0,0,0.0784000519206209,-0.181338317242841,0,0.113694864889652,0.00286474330819727,-0.0291889161222679,0,0,-0.194165831063009,0,0,0,0,0,0,0,0,-0.00774944345354747,0,0,0,-0.0175617210715875,0,0,-0.101170263571034,0,0,0,0
-0.104702520576352,-0.490362035055384,0,0,0,0,0,-0.198977594962555,0,0,0,0,0,-0.130947424469881,-0.0661491321699432,0,0,0,0,0,0,0,0,0.0548448076568036,0,-0.265873944542877,0,0,0,0,0,0,0,0,0.00207961800725282,2.54596910525459,0,0,0,-0.223869602530391,0,-0.487268347485842,0,0.000774562260122578,0,0.0132950969607114,0,0,0,-0.193440489912995,0,0,0,0,0,0,-0.0339206717134781,0,0,0,0,0.172748870774737,0,0.112963238436641,0.139136788928643,0,0,0,0,0,0,-0.0883829284057815,0,0,0,0,0,0,0,0,0,0,0,0,0,0,0,0,0,0,0,-0.259651586653045,0.00819896171778633,0,-0.302616135556463,0,0,0,0,-0.44390672880141
0,0,0,-0.232231077129472,0,0,0,0,0,-0.080650171918197,0,0,0,0,0,0,-0.51407400279564,0,0,0,0,0,0,0,0,0,0,-0.245858070942186,-0.442048987758573,0,0.316780142720515,-0.0378729920889622,0,-0.129304865263294,0,0,2.8711268982232,0,0,-0.293926173437228,0,0,0,0,0,0,0,0,0,0,-0.0104755455236889,-0.102394632291717,-0.134321873262926,0,0,0,-0.258714132742557,0,0,-0.01154403109519,0,0,0,0,0,0,0,0,0,0.0204999615051933,0,-0.0968331852621455,-0.116034152803185,0,0,-0.0769190982987463,-0.0447095179828269,-0.0828159634892605,0,0,0,0,-0.014638002259476,0,0,0,-0.0343473504148526,0,0,0,-0.0371346358266455,0,0,0,0,0,0,-0.0101355579974846,0,0
0,0,0,0,0,-0.138888767690165,0,0,0,0,0,0,0,-0.0409024214288057,-0.111292106517605,0,-0.237273903656203,0,0,0,0,0,0,0,0,0,0,0,-0.18563142405111,0,-0.105884534220118,0,0,-0.321978634930421,-0.193496946241479,0,0,3.16269043624769,0,0,-0.218558914064648,0,0,0,0,0,0,0,0,0,0,-0.0859958741596422,0,0,0,0,0,-0.132294783278347,0,-0.781747797047199,-0.155017699975166,0.00304200215387936,-0.138056743416955,0,0,0,0,0,0,0,0,0,0,0,0,0,0,-0.268608329257783,0,0,0,0,-0.119551213601732,0,0,0,0,0,0,0,0,0,0,-0.107443734298171,-0.102622780518441,0,0,0,-0.155460453756744,0
0,0,0,0,0,0,0,0,0,0,0,0,0,0,0,0,0,0,0,0,0,0,-0.374091861573492,-0.194307844624466,0.103757134551713,0.0579061502530279,-0.0962592479586649,0.015393004985465,0,0,0,0,-0.0357774028579084,0,-0.0262259631834531,0,0,0,2.66369791220159,0,-0.256203361270642,0,0,0,0,-0.0437272212974226,0,0,0,-0.23339236791539,0,0,0,-0.0318006296421986,-0.31507403087708,0,0,0,-0.0678849645133466,0,0,0,0,0,0,0,0,0,0,0,0,0,0,-0.602639900052721,0,0,0,0,0,0,0,0,0,0,0,0,0,0,-0.442464220103015,-0.0877507306840204,0,0,0.17079117987385,0,0,0,-0.0765591244902626,0,0,0
0,0,0,0,0,0,0,-0.0426506031839973,0,-0.123639067459486,0.0892483751221954,0,0,-0.0912325705527587,0,0,0,0,-0.0784851997679679,0,0,0,0,0,0,0,0,-0.152914950400333,0,0,0,-0.168363926103568,0,0,0,-0.223869602530391,-0.293926173437228,0,0,2.19017250971066,0,0,0,0,0,0.100871288608814,0,0,-0.052556399421293,0,-0.0517149886569983,0,0,0,0,0,0,0,0,0,0,0,0,0,0,0,-0.00201165000532092,0,0,0,0,-0.212870628039118,-0.19127016853076,0,0,-0.0101339479734108,0,0,0,0,-0.115624736258725,0,0,0,0,0,-0.134325491888938,0,0,0,0,0,0.288786499300129,0,0,0,0,-0.27064706841328,0,-0.11121944910335
0,0,0,0,0,0,0,-0.0691120014792714,0,0,0,0,0,0,0,0,-0.277250704895036,0,0,0,0,0,-0.171082653971038,0.0577139341784544,0,0,0,0,0,0,0,-0.109676810987596,-0.164521262938078,0,0,0,0,-0.218558914064648,-0.256203361270642,0,2.77840091740273,0,-0.372139678390172,0,0,0,0,0,0,0,0,-0.00683279067406507,0,-0.422865199324317,0,0,-0.108073814569989,0,-0.305442122991576,0,0,0,0,0,0,0,0,0,0,0,0,0,0,0,0,0,0,0,0.365610454673158,0,-0.198331374113418,0,-0.251328303359066,0,0,0,0,0,0,0,0,0,0,0,0,0,0,-0.142922153213863,0,0
-0.168044344712469,-0.132605335378557,0,0,0,0,0,-0.172374147512686,-0.00523498892502665,0,0,0,0,0,-0.102127303341076,0,0,-0.216214119496865,0,0,0,0,0,0,0,0,0,0,-0.219973410220558,0,0,0,0,0,0,-0.487268347485842,0,0,0,0,0,1.95795054398061,0,-0.0107731233605494,0.135844123244613,0,0,-0.0158843446127846,-0.0617739236371825,0,-0.0340044894606426,-0.00743864376883008,-0.0388886408485658,0,0,0,0,0,-0.113047885937083,0,0,0,0,0,0,0,0,0,0,0,0,0,0,-0.000741459197625241,0,0,0,0,0,-0.235764480382818,0,0,0,0,0,0,0,0,0,0,0,0,0,0,0,0,0,0,0,0
0,0.123686751268926,0,0,0,0,0,0,-0.154207795941619,0,0.113294324063133,0,0,0,0.140671533462905,0,0,0,0.0253462497783434,0,0,0,-0.0124585900647901,0.0948084096553354,0,0,0,-0.42378843778642,0,0,0,-0.341338106812402,0,0,0,0,0,0,0,0,-0.372139678390172,0,2.26559542662033,0,0,0,-0.36696633294682,0,0,0,0,0,0,0,0,0,0,0,0,0,0,0,0,0.00343515129542574,0,0,0,0,0,0,-0.253929256792199,0,0,0,0,0,0,0,0,0,-0.0131530345905481,0,0,0,0,0,0,0,0,0,-0.330358578562558,0,0,0.042557436725568,0,0,0,-0.224278821172657,0,0
0,0,0.0125774324666162,0,0,0,0,-0.214294528613283,-0.255093897904645,0,0,0,0,0,0.0428448754299711,0,0,0,0,-0.0961466059072818,0,0,0,0.031678452771635,0,0,0.016820679552276,0,0,0,0,0.02776574229258,0,0,0,0.000774562260122578,0,0,0,0,0,-0.0107731233605494,0,1.21696991173123,0,0,0,0,0,0.0597452960403519,0,0,0,0.000591637611235497,0,0,0,0,0,0,0.0390722346165634,-0.0681951629141341,0,0,0,0.0513525009834306,-0.0967133905132508,0.0510169136282465,0,0,0.0814228105898009,0,0,0,0,0,0,0,-0.0449577751214387,0,0,-0.126800582639829,0,0,-0.0968946959116515,0,0,-0.00112771543411933,0,0,0.227637878238608,0.00247356177918532,-0.0266503300304812,-0.0386277395742203,0,0,0.197143309063352,0.145044736794949,0,0
-0.0292019464917142,0.0820928120324843,0,0,0,0,-0.351445453126516,0,0.0403843630102869,0,0,-0.223281047267621,-0.149473371135235,0,0,0,0,0,-0.249830987614464,-0.0409198447708224,0,0,0,0,-0.379644198353477,-0.0891833251536988,0,0,0,0,0,0,0.0449940472969615,0,-0.0586660260634634,0,0,0,0,0,0,0.135844123244613,0,0,2.02502079700048,0,-0.0614191663523973,0.17812254889653,0,0,-0.0390524315021921,0,0,0,0,0,0,0,0,0,0,0,0,0,0,0,0,0.0546359870596817,0,0,0,0.0309238318751388,0,0,0.0789338025116593,0,0,0,0,-0.0759398691019965,0.15720691015426,0,0,0,0,0,0,-0.727775148490344,0,0,0,0.254983665075586,0,0.0492925150904607,0,0,0,0,0,0
0,-0.0756606317498326,0,0,-0.282313690296097,0,0,0,0,0,-0.356349499858147,0,0,0,0,0,-0.374017978304482,0,0,0,0,0,0,0,0,0.0524018674067993,0,0,-0.00226110840488979,0,-0.10291692150662,0,0,0,0,0.0132950969607114,0,0,-0.0437272212974226,0.100871288608814,0,0,0,0,0,1.71718568449735,0,0,0,0,0,0,0,0,0,-0.0349964417987114,0,0,0,0,0,0,-0.211130739047341,-0.0135375663684742,0,0,0,0.0675113948392828,-0.00807405372832459,0,0,0,0,-0.141544396840384,0,0,0,0,0,0,0,0,0,0,-0.12948663648183,0,0,0,0,0,0,-0.0318469288765144,0,0,0,-0.0645889000715818,0,0,0,0
0,0.0266475139871338,0,-0.221802420038275,0.0718522246769676,0,0.0229182702294578,0,0,0,0,0,-0.0418292600092383,0,0.165487519217947,0,0,0,0,0,0,-0.190621930579773,0,0,-0.110116452110064,0,0,-0.423959281255708,0.0923947166178647,0,0,-0.167472087629339,0,0,0,0,0,0,0,0,0,0,-0.36696633294682,0,-0.0614191663523973,0,2.21128674181312,0,0,0,0,0,0,-0.411989450887622,0,0,-0.220304236616473,0,0,0,0,-0.0358438537993496,0,0.0202296128997458,0.104797350545645,-0.0133995744583551,0.0238548074084021,0,0,0.0621161284397526,0,-0.0543751559344402,0,0,0,-0.276036166251711,0,0,0,-0.146750868093424,-0.000923797478805888,-0.356298555970382,0,0.059801311843382,0.024803536446484,0,0,0,0.0368346172141287,0,-0.0388258541013386,0.239541557289336,0,0.054782265624328,0,0,-0.0182504832921888,0,0.155708108293227,0
0,0,0,0,0,0,0,0.0458977534972806,0,0,0,0,0,0,0,0,0,0,0,0,-0.316615012845004,0,0,0,0,0,-0.117436928305692,0,0,0,0,0,0,0,0,0,0,0,0,0,0,-0.0158843446127846,0,0,0.17812254889653,0,0,2.16967982652832,0,-0.410536517081181,0.00402524703271022,-0.00607807845137537,-0.133014476596013,0,0,0,0,0,-0.502603817402226,0,0,0,0,-0.280699779746848,-0.0441866475810242,0,0,-0.08639679032545,-0.392250789723387,0.035964913290653,0,0,0,0,0,0,0,0,-0.141620942589528,0,0,0,0,0.0241836927208612,0,0,0.0639882436603312,0,0,-0.0358289465642615,0,0,-0.114736556848536,0,0,0,0,0,0,0
-0.386562639560366,0,0,0,0,-0.0144208741425653,0,0,0,0,0,0,0,0,0,0,0,-0.448191598067269,0,0,-0.137063177286292,0,0,0,0,0,0,0,0,-0.110450140281023,0,0,0,0,-0.0459627588946098,0,0,0,0,-0.052556399421293,0,-0.0617739236371825,0,0,0,0,0,0,2.16825725620242,-0.00257429690450205,0,0,-0.0221861009671258,0.00826855125608202,0,-0.327311515254362,0,0,0,-0.0724627639055413,0,0,-0.000494030054598371,0,0,0,-0.14239298334909,0,0,-0.0797464267805168,0,0,0,0,0,0,0,0,0.136602744366418,0,0,0,0,-0.112512975992709,0,-0.0360339094261269,0,-0.166519756201592,0,0,0,0,-0.0429601500444004,0,0,0,0,0,0,0
-0.0565264022569356,-0.507630063594684,0,0,0,0,0,0,0,-0.00848313157121926,0,0,0.130863714715096,0,0,0,0,0,0,0,0,0,0,0,0,0,0,0,0,0,-0.0111311940860235,0,0,0,0,-0.193440489912995,0,0,-0.23339236791539,0,0,0,0,0.0597452960403519,0,0,0,-0.410536517081181,-0.00257429690450205,1.95384524243929,0,0,0,0,0,0,0,0,0,0,0,0,0,-0.632009480115964,0,0,0,0,0.113069797449907,0,0,0,0,0,0,0,0,0,0,0,0,0,0,0,0.0661796165451204,0,0,0,-0.158713617382797,0,0,0,0,0.178791056008984,0,0,0,0,0,0
0,0,0,0.104295756317362,0,0,-0.00627163949046262,0,0,0,0,0,0,0,-0.00848378223925383,0,-0.0846629978696953,-0.0841047561670065,0,-0.0714539885965725,0,-0.0639665162957979,0,0,0,0,0,0,0,0,0.0717539068088823,-0.0340463400148671,0,0,0,0,-0.0104755455236889,0,0,-0.0517149886569983,0,-0.0340044894606426,0,0,-0.0390524315021921,0,0,0.00402524703271022,0,0,1.06290581406181,0,0,0.0621384393075153,0.0145147708475438,0,0,0,0,0,0,0,0,0,0,0,0,0,0,0,0.0566594115675365,0,0,0,0.0230387766095408,0.035040482728136,0,0.129669833853627,0,0,0,0,0,-0.0609227364439892,0,0,0,0,0,0,0,0,0.0526626256910334,0,0,-0.0172445712901018,-0.00778810338870992,0,0,0
0,0,-0.00325323929920803,0,0,0,0,-0.0648704577532647,-0.0339904065526819,-0.14390038552783,0,0,0,0,-0.240373239700371,0,-0.0729134444427707,-0.33461969518638,0,0,-0.0895253528272352,0,-0.0374710086564857,0,0,0,-0.498767601397926,0,0,0,0,0,0,0,0,0,-0.102394632291717,-0.0859958741596422,0,0,-0.00683279067406507,-0.00743864376883008,0,0,0,0,0,-0.00607807845137537,0,0,0,3.44188865303628,0,0,-0.0738127137416123,0,0,0,0,-0.258008792594982,0,0,-0.108691785049627,0,0,-0.469326207823103,-0.0760864904351542,0,0,0,0,0,-0.050262175449931,0,0,0,-0.383662757956794,0,0,0,0,0,0,0,0,0,-0.132401692204711,0,0,0,0,0,-0.0140393622275496,0,-0.00957846111907659,-0.206617659170732,0,0,0,-0.304153466072049
-0.328301613244294,0,-0.509629173582848,0,0,0,0,0,0,-0.163289686237632,0,-0.0846004556572863,0,0,0,0.0428245574353574,0,0,0,0,-0.286855602284431,0,0,0,0,0,0,0,-0.116444375451947,0.00277518485115984,0,0,0,0,0,0,-0.134321873262926,0,0,0,0,-0.0388886408485658,0,0,0,0,0,-0.133014476596013,-0.0221861009671258,0,0,0,2.57301322820601,0,0,-0.0225442260981832,0,0,0,0,0,0,0,0.0699347541347063,0,0,0,0,0,0,-0.253980320942293,0,0,0,0,0,0,-0.241831014428312,0,0,0,0,0,0,0,-0.108676636357737,0,0,0,0,0,0,0,0,0,-0.217670486540716,0,0,0,0
0,0,0,-0.17415397775449,0,0,0,0,0,0,-0.0358898049466561,0,0.00219775541463637,0,0,0,0,0,0,0,0,0,0,0,0,0.0110700712173792,0,-0.0768278813961635,0,0,0,-0.0909712364020322,0,0,0,0,0,0,-0.0318006296421986,0,-0.422865199324317,0,0,0.000591637611235497,0,0,-0.411989450887622,0,0.00826855125608202,0,0.0621384393075153,0,0,2.56084985643268,0,0.00800414956464842,0,0,0,0,0,0.0679349810329333,0,0,0,-0.0192624939509785,0,0,0,0,0,-0.0682940797456228,-0.723147542602759,0,0,-0.304688169723732,0,0,0,0,-0.259729756207106,0,-0.0404042379020311,0,0.10346115523709,0,0,0,0,0,-0.0827439487688905,0,0,0,0,0,0,0,0,0
0,0,-0.0614807932960895,-0.0530143944803785,0,0,0,-0.018720056381995,0,0,0,-0.401714694169822,0,0,0,0,0,0,0,0,-0.117050965202518,0,0,0,0,0,0,0,0,0,0,0,-0.06158324444182,-0.134324274772211,-0.14368455173411,0,0,0,-0.31507403087708,0,0,0,0,0,0,0,0,0,0,0,0.0145147708475438,-0.0738127137416123,0,0,2.58147164704089,-0.079012283359215,0,0,0,0,0,0,0,0,0,0,-0.240815332559969,0,0,0,0,0,0,0,-0.0893960575078368,0.041270260051485,0,-0.0722772586721839,0,-0.240131882302101,-0.255288369973276,0,-0.127594354113564,0,0,-0.16192501915466,-0.0233785753284031,0,-0.0766347052245431,0,0,0,0,0,0,-0.0331630184987821,0,0,0,0
-0.369106972559821,0,-0.0154334444269506,0,-0.115859775174852,0,0.0291096691314794,0,0,0,0,0,0,0,0,0,0,0,0,0,0,0,0,0,0,0,0,0,0,0,0,0,0,0,-0.0259539017622149,0,0,0,0,0,0,0,0,0,0,-0.0349964417987114,0,0,-0.327311515254362,0,0,0,-0.0225442260981832,0.00800414956464842,-0.079012283359215,2.76517418735628,0,0,0,0,-0.265441448465033,0,-0.573219649353052,0,0,0,-0.703463958659148,0,-0.0440141744151514,0,0,0,0,0,0,0.136048288266699,0,-0.293057035142241,0,-0.0369585732778533,0,0,0,-0.0769292587390911,0,0,-0.0303423364832912,0,0,0,0,-0.00882837810811614,-0.180524538531173,0,0,0,0,0,0,0
0,0,0,0,0,0,0,0,0,0,0,0,0,0,0,0,0,0,0,-0.240408539882943,0,-0.407030322101105,0,0,0,0,0,0,0,0,0.0524956561765989,-0.050607850930304,0.0882924363310082,0,0,-0.0339206717134781,-0.258714132742557,0,0,0,-0.108073814569989,0,0,0,0,0,-0.220304236616473,0,0,0,0,0,0,0,0,0,2.82679685976624,0,-0.76207654635281,0,0,0,0,0,0,-0.337985651427895,0,0,0,0,-0.141707524132946,0,0,0,0,0,0,-0.0650776626019912,0,0,0,0,0,0,0,-0.137212866134679,0,0,0,0,0,0,0,0,-0.0457349997320244,-0.0142652255626376,-0.0637828970258629,0,0,0
0,0,0,0,0,-0.407810862020631,0,0,0,0,-0.221673360721326,0,0,0,0,0.0438048018222635,0,0,0,-0.0756499279132335,0,0,0,0,0,0,0,-0.0132923660745004,-0.0550498569880819,0,-0.233758661042259,0,0,0,0,0,0,-0.132294783278347,0,0,0,0,0,0,0,0,0,0,0,0,0,0,0,0,0,0,0,2.25236317668849,0,0,0,-0.0549584532125447,0,0,-0.031641996066895,0,0,-0.488108926120252,-0.427604308348985,0,0,0,0,0,0,0,0,0,-0.146494806018268,0,0,-0.0798599346541444,0,-0.0517900709817313,0,-0.159988652900787,0.0403033611455993,0,0,-0.296669065035846,0,0,0,0,-0.177143420437539,0,0,0,0,0
-0.0835270768193475,0,0,0,-0.355031682586146,0,0,0,0,-0.0904054716992164,0,0,0,0,0,0,0,0,0,-0.0642348101513535,-0.235755876909018,-0.144418134263017,-0.482657483160002,0,0,0,-0.0469681359792878,0,0,-0.385256822384287,0,0,0,0,0,0,0,0,-0.0678849645133466,0,-0.305442122991576,-0.113047885937083,0,0,0,0,0,-0.502603817402226,0,0,0,0,0,0,0,0,-0.76207654635281,0,4.11371344438435,0,0,0,0,0,0,0,-0.233855500646433,0,0,0,0,0,0,-0.287740985789365,0,0,-0.0670527720173394,0,0,-0.0334947056130064,0,0,-0.0977830865978731,0,0,-0.0215657890168191,0,0,0,-0.0199628717646749,0,0,0,0,-0.0150392302161706,-0.20482038506957,-0.00896828527615495,0,0,0
0,0,0,0,-0.624613193209724,0,0,0,0,0,0,0,0,0,0,0,0,0,0,0,0,-0.0503614020903223,0,0,0,0,0,0,0,0,0,0,-0.021362843294159,-0.114729649651696,0,0,-0.01154403109519,-0.781747797047199,0,0,0,0,0,0,0,0,0,0,-0.0724627639055413,0,0,-0.258008792594982,0,0,0,0,0,0,0,3.09223332141586,0,0,-0.0462615119762306,0,0.268606055556267,0,0,0,0,0,0,0,0,-0.213096705117308,0,0,0,0,0.0635012587564727,0,0,0,-0.360470518401832,-0.0178191783380865,-0.335215939732316,-0.0577220439424159,0,0,0,0,-0.0631119591703711,0,0,0,-0.0925130457336549,0,0,0,-0.217341547940185,0
0,0,-0.027196307215379,0,0,0,0,0,0,-0.00807423431145439,0,0,0,0,-0.22840684819181,0.0235844806895883,0,-0.0480290706314298,0,0,-0.00273679945408315,0,0,0,0,0.00640236629852334,0,0,0,-0.247572193268072,0,0,0,0,-0.214019597773843,0,0,-0.155017699975166,0,0,0,0,0,0.0390722346165634,0,0,0,0,0,0,0,0,0,0,0,-0.265441448465033,0,0,0,0,1.67763827209529,0,0,0,0,0,0,0,0,-0.0561022689349238,0,0,0,0,-0.0201277911925457,0,-0.0497225432076723,0,0,0,0,0,0,-0.0236833679388472,0,0,0,0,0,0,0,-0.0760268656213436,0,0,0,0,0,0,0,0
0.0350838547701673,0,0,0.12133943306837,0.0459442749436683,-0.232319391039057,0,0,0.129673064517565,0,0,0,0,-0.048697573337082,0,0,0,-0.0723604967980464,-0.0756464290733714,0,0,0,0,-0.141826722435238,0,0.0980962774906087,0,0,0,0,0.0468704479069642,0.0310487822301638,0,0,0.0402236687623011,0.172748870774737,0,0.00304200215387936,0,0,0,0,0,-0.0681951629141341,0,0,-0.0358438537993496,0,0,0,0,0,0,0.0679349810329333,0,0,0,-0.0549584532125447,0,0,0,1.32198466016115,0,-0.011311757447162,0,0,0,0,0,0,0,-0.0273324121577401,0,0,0,0,0.175915413020387,0.0579136949598317,-0.0982816819848101,-0.0206640073473413,0.0190415625845866,-0.0950522100103889,0.051040811363642,0,-0.268071251744275,0,0,0,0,-0.183604648925567,0,0,0,0,0,0,0,0,0.175804872735088,0
0,0,0,-0.187444732706596,0,0,0,0,0,-0.285717314795085,0,-0.0416578167816427,0,-0.106043133613282,0,0,-0.0619780163584896,-0.227771294680523,0,0,0,0,0,0.102249442446722,0,0.0060864224249644,0,0,0,-0.101856068402501,0,0,0,0,0,0,0,-0.138056743416955,0,0,0,0,0,0,0,-0.211130739047341,0,0,-0.000494030054598371,0,0,-0.108691785049627,0,0,0,-0.573219649353052,0,0,0,-0.0462615119762306,0,0,2.41302347695845,-0.0744714458934156,0,0,0,0,-0.0709954803151092,0,0,0,0,0,0,0.00284206263473703,0,0,0,0,0,0,0,0,0,0,0,0,0,0,0,0,0,-0.247283633274228,0,0,0,-0.0935337097678657,0,0
0.105795826810831,0,0,0,-0.0648421062906774,0,0,0.156758946983964,0,0,-0.066806984429034,0,0,0,0,0,0,0,-0.0103474597785617,-0.288986727280347,0,0,0,0,0,0,0,0,0,0,0,0,0,0,-0.2516764704176,0.112963238436641,0,0,0,0,0,0,0.00343515129542574,0,0,-0.0135375663684742,0.0202296128997458,-0.280699779746848,0,-0.632009480115964,0,0,0.0699347541347063,0,0,0,0,0,0,0,0,-0.011311757447162,-0.0744714458934156,1.81580354868165,0,0,0,0,0,-0.0099161623683115,0.0106419955046136,0.00364953997481379,0,0,0.0274760785839201,0.0337648296484329,0,0,-0.310003846557654,0,0.0632841701923885,0,0,0,0,0,0,0,0,-0.109289348702405,0,0,0,0,0.00648370475575668,0,0,-0.154973141865926,0,0
0,-0.0898368237868537,0,0,0,-0.0688685670862121,0,0,0,0,-0.0167873320793875,0,0,0,-0.197795151381607,-0.178869635889679,0,0,0,-0.00704442449357276,0.0943859876492154,0,0,-0.0964717637609269,0,0,0,0,-0.183451540775913,0,0,-0.409534250776182,0.1451961674661,0,-0.0300470092865926,0.139136788928643,0,0,0,0,0,0,0,0,0,0,0.104797350545645,-0.0441866475810242,0,0,0,0,0,0,0,0,0,-0.031641996066895,0,0.268606055556267,0,0,0,0,1.66383011055871,0,-0.274700346787377,0,-0.0962021496706565,0,0,0.0899829082606733,0,0,0.13913563290319,0.0604045970097221,0,0,-0.530456067405143,0,0,-0.052855072945742,0,-0.0333898880798527,0,0,-0.028615506991034,0,0,0,0,0,-0.032947943710345,-0.0667449757975888,0.162121553906424,0,0,0.0253034523448287,0,-0.0855988992093963
