"X1","X2","X3","X4","X5","X6","X7","X8","X9","X10","X11","X12","X13","X14","X15","X16","X17","X18","X19","X20","X21","X22","X23","X24","X25","X26","X27","X28","X29","X30","X31","X32","X33","X34","X35","X36","X37","X38","X39","X40","X41","X42","X43","X44","X45","X46","X47","X48","X49","X50","X51","X52","X53","X54","X55","X56","X57","X58","X59","X60","X61","X62","X63","X64","X65","X66","X67","X68","X69","X70","X71","X72","X73","X74","X75","X76","X77","X78","X79","X80","X81","X82","X83","X84","X85","X86","X87","X88","X89","X90","X91","X92","X93","X94","X95","X96","X97","X98","X99","X100"
1.28629109937366,0,-0.344894683629781,0,0,-0.0355744900934742,-0.0577163081067464,0,0,0,0,0,0,0,-0.0236615008904686,0,0.0751078169599718,0,0,0,0,-0.0236960533421901,0,0,0,0,0,0,0.00876440259874707,0,0,0,0.0255809795993488,0,-0.123758908586992,0,0,0,0,-0.0208370643331434,0.179236725936926,0.105450861651634,-0.00719783073962822,0,0,0,0,0,-0.0354285430509888,0.0406999200770485,0,0,0,0,0,0,0,0,0,-0.0932631657116095,0,0,0,0,-0.0641085518015289,0,0,0,0,0,0,0,0,0,-0.0884009023346154,0,0.0272817223195491,-0.159054539425959,0,0,0,0,0,0,-0.0726252477304928,0.18809655621189,0.109674917869623,0,0.00495451588237325,0,0,-0.030187605579818,0,0,0,0,0.0282787100192508,-0.0278339543765068,-0.0121422160244744,-3.43179693158879e-06
0,1.17316679916501,-0.0837520756810277,0,-0.000651282855917783,0,0,0,0.0301828922494712,-0.15157296865004,0.0212742537478311,0,0,0,0.0381489279383195,0,0.229699969413636,0,0,0,0,0,-0.0348238281752464,0,0,0,-0.0464959553986991,0,-0.0562029556911564,0.0706372518999593,0,0,0,0,0.0420893717623111,0,0,0,0,-0.0701901592452599,0.0260646733722046,0,0,0,0.032197076937074,0,0,0,0,0,0,-0.0420138270391567,0.0582125867139216,0,0,0,0,0,0,0,0,0,0,0,-0.00355964106389582,0,0,0,0,0,0.0339687117221914,0,0,0,-0.0483967705939824,0,0.0990240543873044,0,0,-0.0653655054552663,0,-0.141462965884846,0.0402752955468419,0.0104436890990899,0,0,-0.0672509780659614,0,0,0,0,0.0758184135386747,-0.0606426976604585,0,0,0.0203754385062142,-0.0779893331356741,0,0,0
-0.344894683629781,-0.0837520756810277,1.48315110233833,0,0,-0.019153272721294,0,0,0,0,-0.0167639160248819,0.075774890908727,0.0147680917087543,0,0,0,0,-0.113450290610948,0.174946462109514,0,0.0172761317753582,-0.113021174250646,0,0,-0.106202100290295,0,0,-0.0386868143461598,0,-0.0316902354504688,-0.0237136258660246,-0.144420316864566,0,0,0.110111688941821,0.0472493767539001,0.03557450640655,0,0.396312218187993,0,0,0,0,0,0,0,0.0617082437924253,-0.0509935713014391,-0.116458354693062,-0.044849142248529,0,0.0639700935465322,0.13687673227493,0,0,0,0,0,0,-0.0111253635027181,0,0,-0.00260013174243402,0.098686095920371,-0.0271444085532448,0,0.0136823497486357,0,0,0.140053972103406,0,0,0,-0.119008118334073,0,0,0,-0.0416501017712583,0.0364409322041075,0,0,-0.0770337134000181,0,-0.0779854169843802,0,0,0.0313642279793991,0.00309388593326094,0,0,0,0,0,0,0,0,0.0074572868331909,-0.0406052691552861,0,-0.0236848862992396
0,0,0,1.29355879946464,0,0,0,0.103522262400889,-0.133093840749688,-0.145335009526396,0,-0.0381197465532126,-0.109421703459894,0,0,0,0,0,0,-0.0233006801277566,-0.0517268946139061,0,0,0,0,0.0403403331618851,0,0,0,0,0,0.130297636209775,0,-0.0123653045847684,0,0,0.0267732788512575,0,-0.069041918233675,0,0,0,0.0315944870229123,-0.15851498163689,0.0382514881911447,-0.174631497684088,0,0,0,-0.120177114895222,0,0,0,0,0,0,0,0,0,-0.0281491921619745,-0.130916299878509,-0.022344409379908,0,0,0,0,-0.00321893200172948,-0.0454554216489729,-0.0415625499639732,-0.0645670422912339,0,0,0,0,-0.0994865726939317,0,0,-0.121368640685762,0,-0.158617378497761,0,0,0.0220302341939083,0,0,-0.0197357320095062,0,0,0,0,0.0858994080464424,0,0,0,-0.0414131391164042,0,-0.0703986388103828,0,0,0.0224955577475011
0,-0.000651282855917783,0,0,1.12100575201643,-0.0188545270906497,0,0.0668744037695545,0.0716615546786303,0,0.023011711065818,0,0,-0.0673850789172297,-0.0263044447212396,0,-0.0340670831351617,0,0,0,0,0,0,0,0.00309278202621217,0,-0.046933106395528,0,0,-0.0604984570497533,0,0,0,-0.0502042038028255,-0.0881200381830257,0,0.0404050382559436,0,0.0597379722702509,0,0,-0.0528375840195137,0,0,0.0147314702695978,-0.0228821506100737,0,-0.0660230806281219,0,0,0.0698762457499945,0.0420838027586069,0,0,0.0655890533247921,0,-0.0257751617109985,0,0,0,0,0,0,-0.0296959895663876,0,0,0.065501155401546,0,0,-0.0273250560795311,-0.0249903716772405,0.0723650951207223,0,0,0,-0.108295172261439,0,0,0,0,0,0,0,-0.0120924977621031,-0.0462513679783987,0,-0.00671160070594307,0,0,0,0,0,-0.102677518841533,-0.00835896496230068,-0.114330702493333,0,0,-0.0752812095853294,0.0383320194695608,0
-0.0355744900934742,0,-0.019153272721294,0,-0.0188545270906497,1.21225992429036,0,0,0,0,-0.00977654894701106,0,0,0,0,0.0620174031643733,0,0,0,0.0137383679249006,0,0.0133020505783912,0,0,0.11111826591588,0,-0.195880452811798,0,-0.00351025641775925,0,0,0,0,0,0,0,0,0,0.0247970963378834,-0.0523043333173648,-0.0142253379485238,0,0,0,0,0,0,0.0573286538172196,0,0,-0.0534290175374018,0.0314769880056751,0,0,0,-0.153975142374732,-0.067387586231692,0,0,0,0,0.0984438297835026,0,0,0,0,0.266825005096262,0,0,0,0,0,0,0.033710832132591,0.0391548524679512,0,0,0,0,0,0,-0.0551282036767944,0.0825892241425406,0,-0.0250015144283759,-0.00227694650122463,0,0,0,0,0,0,0,0,0,-0.0649917750571845,0,0,0.0956326136788661,-0.0725692992214845
-0.0577163081067464,0,0,0,0,0,1.14221834160415,0,0,0,0,0,0,0,-0.0388765808357481,0,0,0,-0.130172517629028,0,0.0820508166506232,-0.0683115276609474,0.0530514286916521,0,0,0,-0.105725921197331,0.0328822146028038,0,0,0,-0.0442219649181621,0,0,0,0,0.0614533542597122,0.160983911224079,0,0,0,-0.120630816088484,0,-0.0914184938670818,0,0,0.0197574388450486,0,0.0161897360914308,0,0.103918436370952,0,0,0,0,0.0184345509377229,0,0,0,0,0,0,0.108527849413913,0,0,0,0,0.0876851613981902,0,0,0,0,-0.11562220291745,0,0,0,0,0,0,0,0,0.00145296173440265,0,0.0826446971761386,0,0,0,0.00725234345276293,0,0,0,0,0,0,0,-0.0124561082484154,0,0,0,0
0,0,0,0.103522262400889,0.0668744037695545,0,0,1.28892426225487,0.0769975658326742,0,-0.0798820449298594,0,0,0,0,0,0,-0.125243263512527,0,0.0130800389489996,0,-0.037492113759973,0,0,0,0.0733303025275974,0.088392925326897,0,-0.00264952767548859,0,0,0,0,0,0,0,0.282462285518177,-0.0944790192887943,-0.152407464975765,0,0,0,0,0,0,0.0244677521898988,0,0,0,0,0,-0.0406859180042589,0.0179222062201713,0,0,0,0,0,0,0,0,0,-0.0341248137477743,0,0,0,0.0277473931401716,0,-0.0124409836873512,0,0,0.0388533168261119,0,-0.0198000957481065,0,0,0,0,0,0,-0.143857281007222,-0.0414538344281082,0,0.0236868937788952,0.0475138379664976,0,0,0.205887140472432,0,0,-0.0765767659337054,0,0,0,0,-0.0976782056503083,0,0,-0.0541886863938624,0
0,0.0301828922494712,0,-0.133093840749688,0.0716615546786303,0,0,0.0769975658326742,1.32442347299867,0,0,0.0554984186887224,-0.0362092701514921,-0.118865684571853,0,0,0,0,0,0,0,0.0873811635222979,0,0,-0.00142438252307623,0,0,-0.00355912855872328,0,0,0,0,0,-0.0504964071922453,0,0.050748401742886,0,0,-0.0225099588474207,0.0498682562244308,-0.0586225143193461,0,0,0,-0.144372501256897,0,0,0.0444352541840143,0,-0.0659720052128327,0,0.0297801626732392,0,0.0125454885179626,-0.0361188524577835,0.186984762991134,0.0714708267215211,0,0,0,0,0,0,0,-0.0704646408651892,0,0,0.043017773119428,0,0,0,0,0,-0.0195016328394521,0,0,0,-0.190414381043994,0,0,0,0,0,0,0.0319312387558762,0.109533774687636,-0.190117021043581,0,0,-0.116442201760933,0,-0.0390272398742161,0,0,0,0.217640175971483,0,-0.0400577114610624,0,0
0,-0.15157296865004,0,-0.145335009526396,0,0,0,0,0,1.11008300335741,0,0,-0.0525755113700199,0,0,0,0,-0.00136728875845254,-0.00680509527206314,0,0.0205978022416866,0,0,0,0.107644673272205,-0.00833882947608934,0,0.015609542854015,0,0,0,0,0,0.0558460754855342,0,0,0,0,0.0304967107949605,0,0,0,0,-0.0572193117788934,0,0,-0.0332218381381232,0.00915849591114887,0,0.0715030046695403,-0.00223575143797395,-0.115972812145187,0,0.0428219754197508,0,0,-0.0506709045734454,0,0,0,0,0,0,0,0,-0.0374564887829823,0,0,-0.0321362619562903,0,-0.00582645850010395,0,-0.00254434935605037,-0.0489595468353007,0,0,0,0,0,0,0,0,0,0,0,-0.0108733640947765,-0.0498104611560417,0.0734740351274851,-0.0516200540164979,0,-0.0384413263570699,0,0,0,0,0,0,0,-0.0620095412185272,0
0,0.0212742537478311,-0.0167639160248819,0,0.023011711065818,-0.00977654894701106,0,-0.0798820449298594,0,0,1.25748973765264,-0.0931932298890806,0,0,0,0.013819415532539,0,0,0,0,0.0456861113187746,0,0.0186911484354589,0.0639901966461103,0,0,0,-0.0180040571252878,-0.0619039703700638,0,0,0,0,-0.00514638528999489,0,0,0.116932527466422,0,0,-0.0724637165487998,0,0.0495952241464479,0,-0.0404974456291364,0,0.11377270969593,0,-0.133196371180293,-0.0129403047139182,-0.117549230188428,0,0,0,0.041167276946967,-0.00563331161579431,-0.187303164328731,0.0984242950865193,0,-0.227492061629275,0,0,0,0.0187100717607684,0,0,0,0,0,0.0403169819059826,0.207001951189879,0,0,0,0,0.105590587323422,-0.0758534910375019,0.0459384277282804,0,-0.00638899410838087,0,0,-0.096834594896077,-0.0118081753339018,0,0,0,0,0,-0.033895839650103,0,0,0,0,-0.0308776568571021,-0.0369805635631145,0,0.0926519604934902,-0.0450021287453186,0,0.00944657095050853
0,0,0.075774890908727,-0.0381197465532126,0,0,0,0,0.0554984186887224,0,-0.0931932298890806,1.12507081064231,0,0,0,-0.0181195721691,-0.0171323588333899,0,0,0,0,0,-0.171799589256126,0,0,0,0,0,0,0,0,0,0,0,0,0,0,0,0,0,0,0,0,-0.0826054374710474,0,0,-0.0444599841333993,0,-0.125170508700276,0,0,-0.0248698451233399,0,0,0,-0.0644981364094632,0,0,0.0649371340887195,0,0,-0.0598584762402014,0,0,0,0,0,0,0,0.0410469134916295,0,0,0,0,0,0,0,0,0,-0.00864748127333885,-0.0148427833529468,0,0,-0.0191724965722576,-0.136962652418649,0,-0.0163686948501339,-0.118358257463808,0,0,0,0,0,-0.0489223360447843,-0.00892373668875286,0,-0.0191871210045207,0,0,0
0,0,0.0147680917087543,-0.109421703459894,0,0,0,0,-0.0362092701514921,-0.0525755113700199,0,0,1.18218671042486,0,0.0693958193331054,0.126370558298136,-0.112605478156547,-0.0573035988318345,0,0,0,0.0116543721655943,0,-0.0435033449895334,0,0,0,0,0,0,-0.025590902731801,0,0,-0.089306670238263,-0.00590274508690141,0,0.0182667791659338,0,-0.03712313985758,0,0,0,0.011320868081525,0,0,0,-0.0715811211315042,0,-0.158366407576994,0,-0.0594332569484177,0,0,0,-0.0440994141412645,0,0,0,0,0,0,0,-0.0427814384863111,0,0,0.0442858541063625,0,0,-0.0200681473519996,-0.0382334502423021,0,0,0,0,0,0.12171127116389,-0.0588245522929107,0,0,0,0,0,-0.00509371744362274,0,0,0.139597194460518,-0.109189754989931,0,0,0,0,0,0.0374104693371989,0,0,0,-0.0295995674579555,0,0,0.0411775867272579
0,0,0,0,-0.0673850789172297,0,0,0,-0.118865684571853,0,0,0,0,1.32124407364705,0.164325049223935,0,-0.0909909088882392,0,0,0,0,0,-0.093075720784548,0,-0.0766818886050434,0,0,0.00972075382070354,0,0,0,0,0,0,0,0,-0.0511436081182464,0,0.0806787195996808,0,-0.00483952052392666,-0.0852204534952685,-0.0383226093863767,-0.0359119588342804,0,0,-0.0237633960468707,0.0218842418685321,-0.13390187573063,0,-0.0858048334224191,0,0,0,0,0.0243996619167323,0,0,0,0.0252246512210022,0.00148798080658385,0,0,0,0,0,0,0,0,0,-0.0677104896302683,-0.00859208623122525,-0.128061744444881,0,0.111024259140477,0,-0.0323915016735509,0.134716951775645,0,0,0,0,0,0,0.0438232755894527,0.109338123690926,0,0,0,-0.0999187743460928,0,-0.00958728092820383,-0.0593123502105588,0,-0.21212032181241,0,0,0,0,0
-0.0236615008904686,0.0381489279383195,0,0,-0.0263044447212396,0,-0.0388765808357481,0,0,0,0,0,0.0693958193331054,0.164325049223935,1.53013955646699,0,-0.128766045716379,0,0,0,0,0,0,0,0.219529985486963,0,0,0.0140542250138688,0,0,0,0,0,0,0,0,-0.0394625695684846,0.0916641079762701,0,-0.0177283502276371,0.0726178353946146,0,0.033877550798892,0.0166300896268294,0,-0.00079029608358998,0,0,0,0,0,0.204216657366483,0,0,0,-0.194051881556481,0,0.0509470631523758,-0.0650693323884365,0,-0.0668533878648995,0.194435196804488,0.142250940763287,0,0,0,-0.0304553652574167,-0.0370127553015725,-0.0689555355001897,0,0,0,0,-0.225696747327327,0,0,0.169230563408826,-0.0683881470162278,0,0,0,-0.0388626549821246,-0.0098694259506898,0.0558342330323285,-0.00571899214904636,0,0,-0.0447794232772844,0.0585397477969152,0.0246068915717157,0,0,-0.0286330140182496,0.166135682466225,0,-0.174564207322402,0,0,0,0.0841106717694068
0,0,0,0,0,0.0620174031643733,0,0,0,0,0.013819415532539,-0.0181195721691,0.126370558298136,0,0,1.14351615653765,0,0,0,0,-0.00145059205379682,0,0,0,-0.00830782819166371,0,-0.0933715415218718,-0.0105680628415263,0.00407060595460965,0,0,0,-0.0396347233208457,0,0,0,-0.120412165573454,0,0,0,0,0,0,0,0,0,0,0,0,0,0.0123245010574808,0,0,0,0,0.0148724005615043,0,0,-0.0389469851456476,0,0,0,0,0,0,0,0,-0.022536199190704,-0.0258418246008308,0,0,-0.187742525883484,-0.0933425343164696,0,0,0.0749795691948299,0.186503102825121,0,0,-0.0275640604702741,0,-0.00533668719283155,0,0,0,-0.0106604663673972,0,0.00265032309044879,0,0,0,0,0,0,-0.0060881126673811,0,-0.066834530435437,0,0,0.0578661379186913
0.0751078169599718,0.229699969413636,0,0,-0.0340670831351617,0,0,0,0,0,0,-0.0171323588333899,-0.112605478156547,-0.0909909088882392,-0.128766045716379,0,1.40151491315926,0.000521041346913874,0,-0.00883910078678337,0,0,0,0,-0.016196076885212,-0.0475062800111633,0,0,-0.0512668061241994,0,0,0,0.0218582675520628,0,-0.141637198568004,0,-0.110471843727924,0,0,-0.0122434665167339,0,0,0,0,-0.122320973425966,0,0,-0.127756765782639,-0.00934280058650698,-0.0873666095796877,0,0,0,0,0,-0.090697521771829,0,0.0151989265006953,0,0,-0.0862452199422069,0,0.173323558264268,0,0,0,0.00917771507768213,0,0,-0.231386421805695,0,0.128554153274177,-0.106305980118075,-0.180401540392953,0.0823289121736683,-0.0125782429169506,0,0.166777071716232,0,0,0,0,-0.0513228286666224,0,0.124126596513041,0,0,0,0,0,0,0,0,0,0,0,0,0,0,0
0,0,-0.113450290610948,0,0,0,0,-0.125243263512527,0,-0.00136728875845254,0,0,-0.0573035988318345,0,0,0,0.000521041346913874,1.34589473685618,0,0,0,0.0418382115797799,0,0,0,-0.0329703801690643,0,0.0134631049686159,0,0,-0.0110256557393877,-0.0874839922046007,-0.0966628933339568,0.0291744974597121,0,0,0.0614619074677746,0,0,0,0,-0.06597372025236,-0.0700723507075991,0,0,0,0,0,-0.0259378721006577,0,-0.000922108737208584,0,0.0467526967841753,0,0,-0.0394795057763613,0,0,-0.0563989657639691,0,0.315663810428473,0,-0.199827402407461,-0.0328224713496575,0,0,0,0,0,0,-0.09176358549733,0,0,0,-0.035494931709379,0,0,0,0,-0.0163046739345774,0,-0.00454284630216426,0.132427041272905,0,0,0,0,0,0,0,-0.209722285948355,0,-0.0845929654748328,0,-0.0311834000708614,0,0,0.0174754173619184,-0.0104542462686113,0
0,0,0.174946462109514,0,0,0,-0.130172517629028,0,0,-0.00680509527206314,0,0,0,0,0,0,0,0,1.21468820624566,0,0,0,0,0.233876300705624,-0.0791008432777776,0,-0.0381176583293459,0.0101718078800375,0,0.0470900554904591,0,0.0249595359183416,0,0,0,-0.124246496257378,0.154021891390667,0,0,0,0,0,-0.0059169692168348,0,-0.0683075552746459,-0.0251996631753044,0,0.208317449263848,0,0,0,0,0,0,0,0,0,-0.0288713678683985,0,0,0,0,-0.0367030865489733,0,0,0,0,0,0,-0.0738513521649101,0.0924330891795403,0.00522356907251609,0,0,0,0,0.0132357539838599,0,0,0,0,0,0,-0.0377475954204497,-0.00122501216337119,-0.012204463052282,0,0,0,0,0,0,0,0,0,-0.0398974936929017,0,0,0,0.0721185752276887
0,0,0,-0.0233006801277566,0,0.0137383679249006,0,0.0130800389489996,0,0,0,0,0,0,0,0,-0.00883910078678337,0,0,1.10233462514503,0,0,0,0,0,0.0745714516327859,0,0,-0.0560085036548757,-0.0793035525074689,0,0,0,0,0.0436802380500662,0,0,0,0,0,0,0,0,0,-0.0585354742479484,0,0,-0.091857605879711,0,0.047115608496219,0,0,0,0,0,0,-0.0816772868959806,0.00557481091584558,0.0559955033591733,0,-0.079069864809531,-0.0501784197542459,0,0,-0.0506041095237233,0,-0.000394222452862962,0,-0.0457792737265795,0,0,0,0,0,0,0,0,-0.00735285727612798,0,0,0,0,0,0,0.164442773414434,0,0.0296019478573824,0,0,0,0,0,0,0,0,0,0,0,-0.0531725162327633,0.0752650965445878
0,0,0.0172761317753582,-0.0517268946139061,0,0,0.0820508166506232,0,0,0.0205978022416866,0.0456861113187746,0,0,0,0,-0.00145059205379682,0,0,0,0,1.11076335881253,0.0600995845080288,0.175955591641228,0,0,0,0,0,0,0,0,0,0,0,-0.111971110448612,0.0229934657392045,0,0,-0.0950699667814755,-0.0881265716276163,0,0,0,0,0,0,0,0,0,0,0,0,0,0,0,0,0,0.0566589777523245,0,0,-0.0117402404353604,-0.0010382888521917,0,0,0.0130671264635597,0.105269466108446,0,0,0,0,0,0,0,0,-0.0718650690816519,0,0,0,-0.0013025897345252,0,0,0,0,0,0,0,0,0,0,0,0,-0.0162200923330647,0,0,0,0,0,0,0,0
-0.0236960533421901,0,-0.113021174250646,0,0,0.0133020505783912,-0.0683115276609474,-0.037492113759973,0.0873811635222979,0,0,0,0.0116543721655943,0,0,0,0,0.0418382115797799,0,0,0.0600995845080288,1.12718928302861,0,0,0,0,0.0253591052436535,0,0.00045674399259675,-0.0340696680691411,0,0,0,0,-0.013507490940242,-0.0854742644041598,0.0517470621656201,0,0,0,0,0.0184100552346685,0,0,0,0,0,0,0,0,0.0957344434528731,-0.0776501858536309,0.0562921586613473,0,0.0540802249276675,0,0,-0.10656522347256,0,-0.0457214675415513,0,0,0,0,0,0,0.0283421924842114,0,0,0,0,0,0,0,0,0,0,0,0.0374778316291348,0.0595699943462484,-0.0777098800128846,0.0965877809338425,0,0,0,0.00267523598994887,0.0173130245457375,0,0.0175934239318104,0,0,0,0,0,0.023269895507502,-0.0737332505835961,0.0386491824488749,0,0.0235097464054269,0
0,-0.0348238281752464,0,0,0,0,0.0530514286916521,0,0,0,0.0186911484354589,-0.171799589256126,0,-0.093075720784548,0,0,0,0,0,0,0.175955591641228,0,1.33159632584455,0,0.00425771602576227,0,0,0.0300757702490787,0,0.0472928904728089,0.00770386481990748,0,0,0,0.223587747323838,0,0,0,0,0,0,0,0,0,0.011644098022518,0,0.00829490759050329,0,0,0,0,0,0,0.0040925723850914,0,0,0,0,0,0,-0.0402416375076035,-0.0273886069101626,0.0225081412217457,0,-0.100208588049559,0,0.00895136323208285,-0.0230514369336405,0,0,0,-0.13342574051698,0,-0.063793349753468,0,0,0,-0.019977844001042,-0.0113226897393291,-0.0181064085256698,0,0,0,0,0.120631776873323,0,0,0,-0.0939015342141612,-0.261450167588731,0,0,0,0,-0.0537896243228375,0.0181253814396112,0,0.170400979850744,0,0.0552067929354773
0,0,0,0,0,0,0,0,0,0,0.0639901966461103,0,-0.0435033449895334,0,0,0,0,0,0.233876300705624,0,0,0,0,1.15410298695471,0,0,0,0,0.00129661496965424,0,0,0,-0.0103955675801641,0,-0.0428169812578432,0.0653011855215488,0,0,-0.0115928637423621,0,0.0277937898039219,0,0,0,0,0,0,0.013406206326912,0,0,0,0.208603795204796,0,0,-0.0219696794522003,0,0,0,0,0,0.00362239191327239,0,0,0,0.0715053776739846,0,0.0485035379159522,0.0423602460564219,-0.0334500638209573,0,0,-0.115731463916437,0,0.150956675133949,0,0.0718257643646117,0,0,0,0,0,0,0,0.0191662865420652,0,0.0434782502844856,-0.0363699989047438,-0.0421791796349565,0.0126245363733162,-0.0164007483691486,0.00805341710402747,0,0,0,0,0,0,0,0,0
0,0,-0.106202100290295,0,0.00309278202621217,0.11111826591588,0,0,-0.00142438252307623,0.107644673272205,0,0,0,-0.0766818886050434,0.219529985486963,-0.00830782819166371,-0.016196076885212,0,-0.0791008432777776,0,0,0,0.00425771602576227,0,1.21928335318459,-0.0220327014309005,0,0,0,0,0,0,-0.0386589795955785,0.174360101365947,0,-0.0245613045508836,0,-0.0159421087150423,0.00978742414493086,0.0341935443056013,-0.0679277457438297,0,-0.0452307874519028,0,0,0,0.0224920770585543,0,-0.046415995683241,0,-0.0249774609245577,0,-0.0276960479194864,0,0,0,0,0,0,0,0.0397458718235836,0,0.0120011311290616,-0.118250890774014,-0.080123684920799,0.00590480010778061,0,0,0,0,-0.050096873797708,0,0,0,0,0,0,0.0254343873212525,0,0,0,0,0,-0.0552337129078843,0,0,0,0.120998853560909,0,-0.0194051839702984,0,0,0,0.0604761825479036,0,0,0,0,-0.0639606987949073,0
0,0,0,0.0403403331618851,0,0,0,0.0733303025275974,0,-0.00833882947608934,0,0,0,0,0,0,-0.0475062800111633,-0.0329703801690643,0,0.0745714516327859,0,0,0,0,-0.0220327014309005,1.13903472046519,0,0.04005962975336,0,0,0,-0.176572878029027,0,0,-0.026396392219056,-0.0132542065305135,0,0,-0.00386669507380015,0,-0.13039392643306,-0.078528333501872,0,0,0,0.0499453274255381,0,0,0,0,0,0,0,0,-0.0592094334188337,0,0,0,0,0.00269182045831325,0,0.115723275398045,0,0,0,0,0,0,0.0316857914283751,0,0,0,0,-0.0464268987918247,0,0,0,0,-0.0427611167403708,0,0,0,0,0,-0.184315593029836,0,-0.0121818716891649,0,-0.0137828859296086,0,0,0,0,0,0,0,0.114553194650832,0,0,0
0,-0.0464959553986991,0,0,-0.046933106395528,-0.195880452811798,-0.105725921197331,0.088392925326897,0,0,0,0,0,0,0,-0.0933715415218718,0,0,-0.0381176583293459,0,0,0.0253591052436535,0,0,0,0,1.11838630879247,0,0.0128207880736676,0,0,0.00346219905450566,0,0,0,0.0540561891708205,0,0,0,0,0,0,-0.115929983297627,0,0,0.00318679243587705,0,0,0,-0.0459916121439825,0,-0.0101868698588553,0,0,0,0,0,0.00398705509968089,0,0,0.0625033311916984,-0.0576880634409,0,0,0,0,0,0,0,-0.0682026866997511,0,0,0.025695732723848,0.0371272874466731,0,0,0,0,0,0,0,0,0,0,0,-0.0303085329014348,0,0,-0.0171795656622379,0.0786564432669676,0,0.0466675131837071,0,0.0689352639276146,0,0,-0.00717526863391424,0,0,0
0,0,-0.0386868143461598,0,0,0,0.0328822146028038,0,-0.00355912855872328,0.015609542854015,-0.0180040571252878,0,0,0.00972075382070354,0.0140542250138688,-0.0105680628415263,0,0.0134631049686159,0.0101718078800375,0,0,0,0.0300757702490787,0,0,0.04005962975336,0,1.0855282101836,0,0,0,-0.123728049928642,0,-0.112638283551545,0,0.0398782228528503,0,0.0621370726935158,0,0,0.061587045122756,0.0234518750998669,0,0,0,-0.00847334033950956,0,-0.0234904216477612,0,0,-0.034415909548942,0,0.10634669839384,0.00520021445712838,0,-0.0230053397716463,0,0.0458345648081302,0,0,-0.0749120651740219,-0.0497951510158493,-0.00665237785384968,0,0,0,0,0,0,0,0.0235168152311923,0.00247559440387342,0,0,0,0,0,0,0,0,0,-0.0263619197037369,0,0,-0.0306294914614309,0,0,0.00976045314251,0,0,0,0.109486643132848,0,0,0,0,0,-0.0115151598458793,0,0
0.00876440259874707,-0.0562029556911564,0,0,0,-0.00351025641775925,0,-0.00264952767548859,0,0,-0.0619039703700638,0,0,0,0,0.00407060595460965,-0.0512668061241994,0,0,-0.0560085036548757,0,0.00045674399259675,0,0.00129661496965424,0,0,0.0128207880736676,0,1.19239769512003,0,0,0,0,0,0.0156181725360842,0,0,-0.151990017424267,0,0,-0.183767064106927,0,0,0,0,-0.13956993995788,0,0,0,0,0,0.0393233911495922,0,-0.0902881103474345,0,0,0,0,0,-0.00563181198650259,-0.0701946828853361,0,0,-0.00182309126748455,0,0,0,0.0330175954637378,0,0,0.100493767894732,0.202505442729582,0,-0.0608840738431784,0,-0.0207535574465634,0.00619889807676233,0,0,0,-0.0455177550239733,0,-0.00139525606486894,0,0.0184339964077683,0,0,0,-0.0468820850025068,0,0,0.0726948873969313,0,0,0,0,-0.0412320068794958,0,0,0
0,0.0706372518999593,-0.0316902354504688,0,-0.0604984570497533,0,0,0,0,0,0,0,0,0,0,0,0,0,0.0470900554904591,-0.0793035525074689,0,-0.0340696680691411,0.0472928904728089,0,0,0,0,0,0,1.39200327764326,-0.12646113432222,0,0,0.0305714187594338,0,0,0,-0.0455487530413326,-0.1548625853315,0,0,0,0,0,-0.0954902259836727,-0.118066311805257,0,-0.15585808643128,0,0.0104715288651008,0,0,0.1095454943223,-0.0627729689218629,-0.0512753056042898,-0.108704972335534,0,-0.00926517792657606,0,0,0,0,-0.0200965484078137,0.0917052649171723,-0.183664689841785,0,0,0,0,-0.047094100869821,0,0,0.0469104787392228,-0.0775702489508804,0,0.0908105383863072,0,-0.109568784484791,0,0.0328160154647847,-0.129874143297464,0,0,-0.0182970309053863,0.178747118324265,0,0,0,0,0,0,0,0.047184884451702,-0.0924249991361619,0,-0.12135922390651,0,-0.0466677858234728,0.0965111989453022,0
0,0,-0.0237136258660246,0,0,0,0,0,0,0,0,0,-0.025590902731801,0,0,0,0,-0.0110256557393877,0,0,0,0,0.00770386481990748,0,0,0,0,0,0,-0.12646113432222,1.16812332020988,-0.126615282365471,0.0033036638714482,0.0401992850800638,-0.0361524167868723,0.00229810772381262,0.0181118940674568,0,-0.0618664386718172,0,0,0,0,0,0,0,0,-0.0891749307450314,0,0,0,-0.0668493547330647,0.0690608415255458,0,0,-0.0235538326279042,-0.0398117096626776,-0.0311473726824808,-0.00678627392360367,0,0,0,-0.225138488668886,0,0,0,0.0367887192290392,0,0,0,0.0669777879725181,0,0,0,-0.0434948421485315,0,0,0,0.0175050849613384,0,0,0.0940592878175072,0,0,0,0,0.0324085508651077,0.0653328079376087,0,0,-0.0325879351923759,0,0,-0.0693512230157287,0,0,0.0228512221672865,0,0,0
0,0,-0.144420316864566,0.130297636209775,0,0,-0.0442219649181621,0,0,0,0,0,0,0,0,0,0,-0.0874839922046007,0.0249595359183416,0,0,0,0,0,0,-0.176572878029027,0.00346219905450566,-0.123728049928642,0,0,-0.126615282365471,1.19379758496125,-0.0362412646757547,0.0751391768344072,0.0529385021185921,0.0937492720123223,0.0819281714054295,0,0,-0.101495830081515,0,-0.0947095538421936,0,0,0,0,0,0,0,0,-0.0474302963207628,-0.0446679614103183,0.00755731431414439,0,-0.00407414008391825,0,0,0,0,-0.0614396177810464,0,0,0,-0.0426421468240148,0,0,0,0,0,0,-0.00498214965699393,0,-0.0644740110495087,0.0180779970683592,0.0135380409937023,0,0,0,-0.0842002964891423,0.0144566927702453,0,-0.010666252693788,0,0.00896981211451742,0,0,0,0.0153803981129385,0,0,-0.00795297977176651,0,0,0,0,0,0,-0.0441273876438715,0,-0.0172210098653721
0.0255809795993488,0,0,0,0,0,0,0,0,0,0,0,0,0,0,-0.0396347233208457,0.0218582675520628,-0.0966628933339568,0,0,0,0,0,-0.0103955675801641,-0.0386589795955785,0,0,0,0,0,0.0033036638714482,-0.0362412646757547,1.35977053948139,-0.0868721009986587,0.0408245512088544,0,0,-0.0185948767152774,0,0,0,0,0,0,0,0,0,0.312867398037723,0,0,-0.0104767376772075,0,-0.0275871423908649,-0.0551459102939888,0,0,0,0,-0.0323348298404766,0,0,0,0.000305180764284605,0,0,0,0.0308443711383825,0,0,0,-0.339804071882253,-0.0209713013666736,-0.00652923366885738,0,0,-0.103432983350224,0,-0.0644997336787432,0,0,0,0,0,0,0,0,0,0.0455215156533756,0,-0.0114164766304222,-0.256053979152702,0,0,0,0,0,-0.0854819865466626,-0.0428070504517202,0,0
0,0,0,-0.0123653045847684,-0.0502042038028255,0,0,0,-0.0504964071922453,0.0558460754855342,-0.00514638528999489,0,-0.089306670238263,0,0,0,0,0.0291744974597121,0,0,0,0,0,0,0.174360101365947,0,0,-0.112638283551545,0,0.0305714187594338,0.0401992850800638,0.0751391768344072,-0.0868721009986587,1.17702844952443,0,0.0232128003968644,0.0698514717824928,0.10214863969795,0,0,-0.00557831880960816,0.0466989283171429,0.0207884958122935,0,0,0,-0.0920845080336467,0,0,-0.0965486874954578,0.0255205991269505,0.0978158902558222,0,0,0,0,0,0,0,0,0,0.0700362988207248,0,0,-0.145791038319284,0,-0.0113284454706928,0,-0.0598848561065129,0,0,0,0,-0.0311176214186443,0,0,-0.00991630728286981,0,0,0.0473125758507566,0,0,0,-0.0691776303577712,0,0,-0.0112207290683946,0.0162125142872541,0,0,0.0693691959595527,0,0.0363523539661479,0,0,0,0,-0.0485759479213178,0,0
-0.123758908586992,0.0420893717623111,0.110111688941821,0,-0.0881200381830257,0,0,0,0,0,0,0,-0.00590274508690141,0,0,0,-0.141637198568004,0,0,0.0436802380500662,-0.111971110448612,-0.013507490940242,0.223587747323838,-0.0428169812578432,0,-0.026396392219056,0,0,0.0156181725360842,0,-0.0361524167868723,0.0529385021185921,0.0408245512088544,0,1.50764469224673,-0.0331835676286202,-0.0280002109854072,0,-0.133537700046377,0,0,0,0,0,0,0,-0.0720285383274693,-0.033036884411494,-0.0814404464988639,0,-0.0286353222813133,0,0,-0.0469070591115928,0,-0.137625455201956,-0.240513901519765,0.000857273086744775,0,-0.0440244576531741,0.103721966100734,0,-0.10544034588213,-0.25533681792899,0,0,0.025883377870946,0,0,0,-0.0234981592948692,0,0,0,-0.0545807616453731,0,0.020056498725847,0,0,0,0,0,0,0,-0.0111275260429361,0.0456976644358897,0,0,0,0,0,0,0,0,-0.123297540220095,-0.454187950897475,0,0,0,0
0,0,0.0472493767539001,0,0,0,0,0,0.050748401742886,0,0,0,0,0,0,0,0,0,-0.124246496257378,0,0.0229934657392045,-0.0854742644041598,0,0.0653011855215488,-0.0245613045508836,-0.0132542065305135,0.0540561891708205,0.0398782228528503,0,0,0.00229810772381262,0.0937492720123223,0,0.0232128003968644,-0.0331835676286202,1.17008642934107,0,0,0,0,0,0,0,0.0650877154331073,-0.0410284617087176,0,0,0,-0.223000295357896,0.140276266491218,0,0,0,0,-0.120412568653487,0,0,0,0,0,0.0918137636548714,0,0,0,0,0.0061805340428717,0,0,0,0.00564836687344781,0,0,0,0,0,0,0,0,0,0.0437052673648149,-0.0840997351595695,0,0,0,0,0,0,0,0.0832013625198965,0,0,0,0,0,-0.0330752927040583,0,0,0.018989308086615,0,0
0,0,0.03557450640655,0.0267732788512575,0.0404050382559436,0,0.0614533542597122,0.282462285518177,0,0,0.116932527466422,0,0.0182667791659338,-0.0511436081182464,-0.0394625695684846,-0.120412165573454,-0.110471843727924,0.0614619074677746,0.154021891390667,0,0,0.0517470621656201,0,0,0,0,0,0,0,0,0.0181118940674568,0.0819281714054295,0,0.0698514717824928,-0.0280002109854072,0,1.26693657276077,0,0,0,-0.00679763995481352,0,0,0.0908344405782007,-0.0674560385334617,0,-0.0738552866660461,0,0,0.00971314631474061,0,0,0,0,0,0,0,0.0785192711683337,0.0328728594192969,0,0,0,0,0,0,0,0,0,0.00647286437334411,0,0,0,0,-0.0408940466874876,0,-0.0946022467435718,0,0.0639891789542097,-0.0478612827391151,-0.0313783098876138,0,0,-0.0232916140490817,0,0,0.077571462595811,0.134138372332863,0,0,0,0,0,0.102363691601517,0,0,0.0188803302238674,0,0,0,0.052691578228044
0,0,0,0,0,0,0.160983911224079,-0.0944790192887943,0,0,0,0,0,0,0.0916641079762701,0,0,0,0,0,0,0,0,0,-0.0159421087150423,0,0,0.0621370726935158,-0.151990017424267,-0.0455487530413326,0,0,-0.0185948767152774,0.10214863969795,0,0,0,1.22186525831468,-0.0686470484069255,0,0,0,0,0,0,0,0.00919205011185828,0,0,0.00607693237391749,0,0,0,-0.00051178822765385,-0.147838502114425,0,-0.0328376349089962,-0.0423766452701403,0.00423787280121348,0.0376066341560819,-0.00603814122702868,0,0,0,0,0.0201234996421708,0,0,0,0,0,0,0,0.0228441572334129,0.102595103286413,0.00688132161969933,0,0,0,0,-0.115378327268474,0,-0.0923572569511555,0,0,0,0,0,-0.0855286735012374,0,-0.0332288073751204,0,0.0579825799438622,-0.106688576418825,0,-0.080177370122033,0,0,0,0
0,0,0.396312218187993,-0.069041918233675,0.0597379722702509,0.0247970963378834,0,-0.152407464975765,-0.0225099588474207,0.0304967107949605,0,0,-0.03712313985758,0.0806787195996808,0,0,0,0,0,0,-0.0950699667814755,0,0,-0.0115928637423621,0.00978742414493086,-0.00386669507380015,0,0,0,-0.1548625853315,-0.0618664386718172,0,0,0,-0.133537700046377,0,0,-0.0686470484069255,1.3863262615003,0,0,0,0,0,-0.0248200721202356,0,0,0,0,-0.0564395410294031,0,0,0.0325888850426402,0,-0.12919890377069,-0.0126989363212174,0.152848710875301,0,0.137940327277629,0,0,0,-0.151560738723962,0,0,0,0,0.00944680775757631,-0.0104034299360943,0,0,-0.0243975588881337,-0.0844174780297631,0,0,0,0,-0.106910828083868,0,0,0,0,-0.0687080137992405,0.0905760069961399,0,0,0.0793401094547777,0,-0.0856391263206176,0,0,0.0152635178245117,0,0,0,0,0,0,0,0
-0.0208370643331434,-0.0701901592452599,0,0,0,-0.0523043333173648,0,0,0.0498682562244308,0,-0.0724637165487998,0,0,0,-0.0177283502276371,0,-0.0122434665167339,0,0,0,-0.0881265716276163,0,0,0,0.0341935443056013,0,0,0,0,0,0,-0.101495830081515,0,0,0,0,0,0,0,1.16389537860303,0,0,0,0,0,-0.136195381127671,0,0,0,0,0,0.075616790544602,0.0103731007035596,0,0.0253462946810271,0,0.00990099785895074,0,0,0,-0.165528475312581,0,0,0.0777386001992847,0,0.115880068702667,0,-0.00549759725281654,0,0,0,0,0.105131880082615,0,0,-0.0374624093624573,0,0.0744232376495712,0,0,0,0,-0.0565845569281327,0.0123171009750251,0.0502642924191375,-0.0646001275292129,0,0,-0.0484401904926823,0,0,0,0,0,0,0,0,0,0,0
0.179236725936926,0.0260646733722046,0,0,0,-0.0142253379485238,0,0,-0.0586225143193461,0,0,0,0,-0.00483952052392666,0.0726178353946146,0,0,0,0,0,0,0,0,0.0277937898039219,-0.0679277457438297,-0.13039392643306,0,0.061587045122756,-0.183767064106927,0,0,0,0,-0.00557831880960816,0,0,-0.00679763995481352,0,0,0,1.23627092763651,0,0,0,0,0,0,0,0,0,0,0,-0.0462733805677923,0,-0.00475120029680616,0,0,-0.0139049168587426,0,-0.254428113387554,0,0,0,-0.0575981999827231,-0.0184015754713853,0,0,0.0827638808419634,0,-0.0797501607368997,0,0,0,0,0,0,0,0.0276889149600004,0,-0.0798207332860128,0,0.0567056909287682,0,-0.165402740991531,0.0657616651027876,0,0.0336628947507627,0,0,0,0.0804830202367644,0,0,0,0,0,0,0.0646829180518338,0,0
0.105450861651634,0,0,0,-0.0528375840195137,0,-0.120630816088484,0,0,0,0.0495952241464479,0,0,-0.0852204534952685,0,0,0,-0.06597372025236,0,0,0,0.0184100552346685,0,0,0,-0.078528333501872,0,0.0234518750998669,0,0,0,-0.0947095538421936,0,0.0466989283171429,0,0,0,0,0,0,0,1.17794242469293,0,0,-0.0494145798827057,0,0,-0.00173250650389864,0,0,0.0447549066438153,0,0,0.0422892463196456,0,0,0.0540621189458064,0.10026726482869,0,0,0,0,0.0185789061871199,0,0,0,0,-0.0401730506175452,0,0,0,-0.102867333757611,0,0.0655020443686949,0,-0.103613863977019,0,0,0,0,-0.0693268717137685,0,0,0,0,0,0,-0.0283714792650626,0,0,-0.0539781316995559,0,0.060618923214648,0,0,0,0,0,-0.198606802012543,0
-0.00719783073962822,0,0,0.0315944870229123,0,0,0,0,0,0,0,0,0.011320868081525,-0.0383226093863767,0.033877550798892,0,0,-0.0700723507075991,-0.0059169692168348,0,0,0,0,0,-0.0452307874519028,0,-0.115929983297627,0,0,0,0,0,0,0.0207884958122935,0,0,0,0,0,0,0,0,1.22829089815978,0,0,0.133767939621284,0,0,0,0,-0.0232512099903254,-0.138913276035973,0,0,0,0,0,0.0377480804002503,0,0,0,0,0,-0.022198484615195,0,0,0.0830065468192034,0,0,0.0411945571852611,-0.245222617813003,0,-0.043870813452318,0.00748341684338177,0,0,0,0,-0.0781322406564342,0,0.000502732122195036,0,0,-0.0574312247916474,0,0,0.0686787575328414,0,0,0.0190428052682086,0,0,0,0.0895419313601995,0,0.0894692401418026,0,0,0,0
0,0,0,-0.15851498163689,0,0,-0.0914184938670818,0,0,-0.0572193117788934,-0.0404974456291364,-0.0826054374710474,0,-0.0359119588342804,0.0166300896268294,0,0,0,0,0,0,0,0,0,0,0,0,0,0,0,0,0,0,0,0,0.0650877154331073,0.0908344405782007,0,0,0,0,0,0,1.33721486863534,0,0.07252355821347,0,0,0.0912878082240932,0,-0.227211552229378,-0.0319844125953866,0,0,-0.0396685833329811,0,0,0.0537406598534024,0,-0.174491837341289,0,0,5.98991494871854e-05,-0.0658188096336521,0,0,0,0,0,0,0,-0.0926238721051411,-0.0227392313380974,0.0304257384369153,0.00377966968301317,0,0,0,0,0.110140691559421,0,0,0.128827478732854,-0.155889041240258,0,0,0,0,0,-0.143884693361432,0,0,0,0,0,0,-0.121705960014598,0,0,0
0,0.032197076937074,0,0.0382514881911447,0.0147314702695978,0,0,0,-0.144372501256897,0,0,0,0,0,0,0,-0.122320973425966,0,-0.0683075552746459,-0.0585354742479484,0,0,0.011644098022518,0,0,0,0,0,0,-0.0954902259836727,0,0,0,0,0,-0.0410284617087176,-0.0674560385334617,0,-0.0248200721202356,0,0,-0.0494145798827057,0,0,1.2359139905129,0,0,0,-0.240420849371475,0,-0.0120266274682824,0,0.0727604173271815,0,-0.0993882994244736,-0.078657555282196,0,0,0,0.0416862683389766,-0.0143306001893716,0.14352275349582,0,0,0,0,-0.0900015375844565,0,0,0,0,0,0,-0.125952071319709,0.000920199599170264,0,0,-0.0540952964726242,0,0,-0.049953590869012,-0.0288295718342951,-0.0527381499671902,0,0,0,0.00358451515634501,0,0,0,-0.0416771791938642,0,0,0,0,0,0,0,0,0
0,0,0,-0.174631497684088,-0.0228821506100737,0,0,0.0244677521898988,0,0,0.11377270969593,0,0,0,-0.00079029608358998,0,0,0,-0.0251996631753044,0,0,0,0,0,0,0.0499453274255381,0.00318679243587705,-0.00847334033950956,-0.13956993995788,-0.118066311805257,0,0,0,0,0,0,0,0,0,-0.136195381127671,0,0,0.133767939621284,0.07252355821347,0,1.44512382588406,-0.121228426532196,0.0447510737746319,0,0,0.0538643393375555,0.0403301737090543,-0.174694480483697,-0.0435145144407911,0,-0.272085714423006,0,-0.0211025563037332,0,-0.153993867587526,-0.100862981683916,0,0,0,-0.118131608512451,-0.0169163524646617,0,-0.112793542426345,0,-0.075503297596424,0,0,0,0.0929747095740551,0.12319618188081,0.0114351959797247,-0.0740515441579857,-0.0481964408110514,0,-0.105619688593492,-0.109356398953215,0,0,0,0,0,0.129356559576979,0,0,0,0,0,-0.0191334729649971,0,0,0,-0.0375594693613231,0,0,-0.0554276128727881
0,0,0.0617082437924253,0,0,0,0.0197574388450486,0,0,-0.0332218381381232,0,-0.0444599841333993,-0.0715811211315042,-0.0237633960468707,0,0,0,0,0,0,0,0,0.00829490759050329,0,0.0224920770585543,0,0,0,0,0,0,0,0,-0.0920845080336467,-0.0720285383274693,0,-0.0738552866660461,0.00919205011185828,0,0,0,0,0,0,0,-0.121228426532196,1.24290086859067,0.114876371790283,-0.110143646333733,0,-0.0300320573658472,0,0.0791221454547665,0,-0.0118871168624843,0,0.0455051675897712,0.067335292830404,0.0231054240685941,0,0,0,0,0,-0.0206374270269913,-0.167103372827019,-0.0557281956204943,0,0,0,0,0,-0.00367854157331771,0,0.0696070062188286,0,-0.0826018696494472,0.143037895687925,0,0.0522944012759587,0.0942042491236954,-0.0199766547082041,0,0,-0.119283428459384,0,0,-0.0345284028588783,0,-0.0215186866838911,0,0,0,0,0,0,-0.225139029313903,0,0,0
0,0,-0.0509935713014391,0,-0.0660230806281219,0.0573286538172196,0,0,0.0444352541840143,0.00915849591114887,-0.133196371180293,0,0,0.0218842418685321,0,0,-0.127756765782639,0,0.208317449263848,-0.091857605879711,0,0,0,0.013406206326912,0,0,0,-0.0234904216477612,0,-0.15585808643128,-0.0891749307450314,0,0.312867398037723,0,-0.033036884411494,0,0,0,0,0,0,-0.00173250650389864,0,0,0,0.0447510737746319,0.114876371790283,1.34971714712448,0,0,0.0960750702562277,0,0,0,0,0,0,0,0,0,-0.155356824412214,0,0,0,0,0,0,0,0,0.00194165585510846,0,0,0,-0.0715289004750968,-0.0955742229047609,0,0,0,0.0161904688871966,0,0,0.0515022019559541,0,0,0,0,0,-0.0116938039864997,0,0.0983952624373184,0,0,0,0,-0.0378447345679928,0,0,0,0,0
-0.0354285430509888,0,-0.116458354693062,0,0,0,0.0161897360914308,0,0,0,-0.0129403047139182,-0.125170508700276,-0.158366407576994,-0.13390187573063,0,0,-0.00934280058650698,-0.0259378721006577,0,0,0,0,0,0,-0.046415995683241,0,0,0,0,0,0,0,0,0,-0.0814404464988639,-0.223000295357896,0,0,0,0,0,0,0,0.0912878082240932,-0.240420849371475,0,-0.110143646333733,0,1.49944654868051,0,0,0.0380734915049353,0,0,0,-0.0818670748539265,0,0,0,0.0284386143813292,0,0,0,0.0855605054302145,0,0.0692071231880514,-0.146312146815545,-0.024907880047585,0,0.0611171658116505,0,0,0.365016534430806,-0.0282647139618953,0.0350735925042605,0,0,0,0,0,-0.0653157952079848,-0.115347416798826,-0.0509264533660279,0,-0.0920110998647746,0.114785350346273,-0.0664607151298381,0,0,0,0.187162938197762,0,0,0,0,0,0,0,0,0
0.0406999200770485,0,-0.044849142248529,-0.120177114895222,0,0,0,0,-0.0659720052128327,0.0715030046695403,-0.117549230188428,0,0,0,0,0,-0.0873666095796877,0,0,0.047115608496219,0,0,0,0,0,0,-0.0459916121439825,0,0,0.0104715288651008,0,0,0,-0.0965486874954578,0,0.140276266491218,0.00971314631474061,0.00607693237391749,-0.0564395410294031,0,0,0,0,0,0,0,0,0,0,1.14256874253095,0,0.060445654112117,0,0.000408357099055077,-0.106718335777501,0,0.0502602024258081,0,0,-0.0626423779580104,0.0456573920565218,0,0,-0.00731828731263938,0,-0.092491951359141,0,0,0,0,0.0423984004672577,0,0,0.0479650208635641,0,0,0,0,0,0,0,0,0,0,0,0,0,0,0,0,0,0.0495014747971598,0,0.0623788337652805,0,0,0.0411905666250368,-0.125900081051804,0.0237437813007753,0
0,0,0,0,0.0698762457499945,-0.0534290175374018,0.103918436370952,0,0,-0.00223575143797395,0,0,-0.0594332569484177,-0.0858048334224191,0,0.0123245010574808,0,-0.000922108737208584,0,0,0,0.0957344434528731,0,0,-0.0249774609245577,0,0,-0.034415909548942,0,0,0,-0.0474302963207628,-0.0104767376772075,0.0255205991269505,-0.0286353222813133,0,0,0,0,0,0,0.0447549066438153,-0.0232512099903254,-0.227211552229378,-0.0120266274682824,0.0538643393375555,-0.0300320573658472,0.0960750702562277,0,0,1.26779613642755,-0.0880410257983668,0,0,0,0,-0.0601990059175329,0.0322769685837329,0,0.108250904857643,0,0,0,-0.0194121668408109,0.0445422450462012,0.0466715540875046,-0.131767241888866,0,-0.0355986227961111,-0.0634980569822918,0,0,0,0,0,0,0,0,0,0,0.0346448313926431,0,0.00332709768362836,0,0,0,0,0,0.0275884632396469,-0.0631172511215636,0,0,0,0.0155469489930284,-0.243781960221719,0,-0.0329096381627296,0.0773957560491844,-0.0278095047605334,0
