"X1","X2","X3","X4","X5","X6","X7","X8","X9","X10","X11","X12","X13","X14","X15","X16","X17","X18","X19","X20","X21","X22","X23","X24","X25","X26","X27","X28","X29","X30","X31","X32","X33","X34","X35","X36","X37","X38","X39","X40","X41","X42","X43","X44","X45","X46","X47","X48","X49","X50","X51","X52","X53","X54","X55","X56","X57","X58","X59","X60","X61","X62","X63","X64","X65","X66","X67","X68","X69","X70","X71","X72","X73","X74","X75","X76","X77","X78","X79","X80","X81","X82","X83","X84","X85","X86","X87","X88","X89","X90","X91","X92","X93","X94","X95","X96","X97","X98","X99","X100"
1.21787770969405,-0.0835821249405631,0.0478706920046411,0,0,0,0,0,0,0,0,0,0,0,0,0,-0.0332410639095429,0,0,0,0,0,0,0.151006759112996,0,0,0,0,0.0811771021644604,0.135690233112651,0,0,0,0,-0.00857654458654173,0,0.13263469682288,0,0,-0.0494310641404857,-0.0275382160911999,0,-0.0377863507861328,0,0,0,0,0,0,0.00122167950442167,0,0,0.0688554654996973,0,0,0.058080504263892,0,0,0.0088721164520572,-0.0837917188463614,-0.200831499514929,0.0262476029668705,0,0,0,-0.158817109808495,0,-0.027744358769453,0,0,0,0,0.120626784400216,-0.0681305164767089,0,0,0.000526354365862919,0,0,0,0,0,0,0,0,0,0,0,0,0,0,0,0,-0.112566513238682,0,0,-0.0904249884998764,0,0.0600855196421521,0
-0.0835821249405631,1.30791222474544,0,0,0,0,0,0,-0.112270827960644,-0.108218622256676,-0.0320249893868403,-0.0274427753585206,-0.00273928269217458,0,0,0,0,0,0,0,0.117816534457085,0,0.00499809693432252,0,0,0,0.130100723631206,-0.0928241975316865,0,0,0,-0.0899410872362288,0.0553754263990517,0,0,0,0,0,0,0,0,-0.0940480435020584,0,0,0,0,0,-0.0803949417424298,-0.0160318578637383,0,-0.0226935943470383,0,0,0.034074042237464,-0.0608930734522355,0.0928496833754933,0,-0.0284896094642771,0,0,0,0,0,0,0,0,-0.0671281801209737,-0.0482650504129868,0,0,-0.110609816799198,0,0,0,0,-0.143158206631297,-0.197992595813856,-0.0299995147501104,0.00563116899041836,0,0.132422892414114,-0.033738216019683,0,0,0,0,-0.062289923478363,-0.120553373640179,0,0,0,0,0,-0.00514637910805418,0.0876115768178703,-0.0862595436592524,-0.17616879284702,0,0,0
0.0478706920046411,0,1.38602949051163,0,0,0,0,0,0.0355067193660912,0,0,-0.0555626114443381,-0.0103121859683099,0,0,0,0,0,0,0,0,0,0,-0.00594102281786148,-0.118044873038663,0,0,0,0,-0.177854195540298,0,0,0.13282251432185,-0.10885017284884,0,0,0.107642370135486,0,0,0.0419724421591352,-0.089512600341207,0,0,-0.0100595470868582,0,0,0.0199026361046787,0,-0.145651061291654,0,0,-0.0861040418581203,-0.0506385255758878,-0.0712552554874206,0,0,-0.0749144379485199,-0.105692174238243,0,0,-0.0123278848079031,0.00259478870408487,0,0,0,0.0806428131719795,0,0,0,0,0,0,-0.00157467576719354,-0.0820058238865276,0,-0.027900871881936,0,0,0,-0.0411823853133765,0,-0.149100653418158,0,-0.086278811380015,0,-0.101109175956867,0,0,-0.0453224664317833,0.0174759117880101,-0.14613325194027,0.12796987736196,0,-0.0465768006772586,-0.181856656828416,-0.0996064903843063,-0.0988248617833275,0,-0.0335316385386931,0
0,0,0,1.14806933852238,0,0.00890978914849502,0.0872844663044257,0.163500783680157,0,0,0.15048097898373,0.0476384806448632,0,0,0.0432007728956682,0,0.119936425070742,0,0,0,0,0,0,0,0,0,0,0,0.0329560442049754,0,-0.0226874212496474,0,-0.0106836665710026,0,0,0,0,0,0,0,0,0.204126162551003,0.00321620181359973,0,0.00331511677103535,0,0,0,0.0626287068807561,0,-0.0430295369186528,0.00054018979165953,-0.0275987411895981,0,0,0.0469971238193498,0,0,-0.039791502011676,0,0,0.00943041925432306,0,0.0489225996728618,0,0,0,-0.0107187006691004,-0.0283585065759312,0,-0.022644715171935,0,0,0,0,0,0,0,0,0,0,0.0155345877353446,0,0.0503980760533476,0,0,0,0.0505077126835404,0,-0.0149224384813268,-0.0734223698288746,0,0,0,0,-0.0768281481769919,0,0.0261584838567991,0,0
0,0,0,0,1.21002396825968,0,0,0,0,0,0,0,0,0,-0.0464371877672831,-0.191997892031657,0,0,0,0,0,0,0,0,0,-0.00561698681563484,0,0,0,0,0.0171729118553691,0.0409022726185723,-0.0170035394301803,0,-0.103850439636375,0,0,0,0,0,0,0.0837133779304124,0.00931518932981763,0,0,-0.0316970024580154,0,0,-0.180741685168769,0,-0.0605248767074817,0,0.0580183225639054,-0.0158258921617369,-0.0125201984862522,0,0,0,0,0,0.0655137604972133,0,0,0,0.0639439509518411,0.0963435252670292,0,0,0,0,0,0,0,0,0,0.0676889256897401,-0.0264314969646005,0.0921270131109445,0,0,0,0,-0.0320440413229878,0,0,0,0,0.0797231273909757,0.000456945973953579,-0.0606615789022939,-0.0440471760688201,0,0,0,0.123784558696944,0,-0.150439918345843,0,-0.0179083085546525,0
0,0,0,0.00890978914849502,0,1.1217546555955,-0.032090237904122,0,0,-0.0628927154607547,0,0,0.0958067639966012,0,0,0,-0.0903671897427296,0,-0.0654549272374177,0,0,0,0,0,-0.0649231200400532,0,0,0.00315558278405041,0,0,0,0,0,-0.0379619958979295,0,0,-0.0195112169487478,0,0,0,0,0,-0.125408056108593,-0.00967408486108879,-0.0342387643122694,-0.060127287608656,-0.0309046913260002,0,0,0,0.0435558272255987,0,0,0,0,-0.0786682381137529,0,0,0,0,-0.0988226852891018,0,-0.0843860272655561,-0.0862055125971248,0,0,0,0,0,0.0699170523464037,0,0,-0.016734288951145,0,0,0,0,0,0,0.00256356365764841,0,0.0784840148708771,0,0,0,0,0,0,0.0608241606968169,0,-0.00304431665000503,-0.034212891257141,-0.0531301711533099,0,0,0,0,0,0,0
0,0,0,0.0872844663044257,0,-0.032090237904122,1.12813133205089,0,0.0178673900007854,0,0.0101645547462815,0,0,0.0881527713038346,0,0,0,0,-0.056914940716173,0,-0.05781361631086,0,0,0.147239512035462,0,0,0,0,0,0,0,0,0,0,0,0.00293301198992678,0,0,-0.0197115517886658,0,0,0.0173741664621749,0,0,0,0.0434032230281784,0,0,0,0.145531457509858,0,0,0,0.049976979022678,0,-0.0201255036551879,0,0,0.00594017266904758,0,-0.00730005996377229,0.0943450607935824,-0.0294873575835011,0,0,0,0,0,0,0,0,0,0,0.155088353789101,0,0.0266925338341523,0.023956698580522,0,0,0,0,0,0,0,-0.124215668809351,0,0,0,0,0.0123028482032096,0,-0.0372744679522339,0,0,-0.0302911358385212,0,0,0,0,0
0,0,0,0.163500783680157,0,0,0,1.34013928832554,-0.0104651733911991,0,0,0,-0.0684285415465395,0,0,0,-0.189279347572493,0,0,0,0,-0.112844474213491,0,0,0,0,0,0,-0.0838880214538722,0,-0.117988387047603,0.105246850532761,0.0141703219766036,-0.0209847018465026,-0.0411575422896436,-0.160295494930138,0.258395216964244,0,0,0,0,0,0,0,-0.027931068468794,-0.0236281984726731,0,0,0,0,0,0,0,0,0,0,0,0,0,0,0,0,0,0,0.117652113228167,0,-0.0816566176694824,0,0.0454689984941152,0,0,0.135006196991433,0,0,-0.129528069397885,0,0,0.0249927365837115,0,0,0.0163595989612708,-0.0810411791833236,0,0,0,0.0163428109930253,0.167817111653404,0.101781894377841,0,0,0,0,-0.112251438846588,0,0,-0.0508752677537419,-0.0232570376854652,0,0,0
0,-0.112270827960644,0.0355067193660912,0,0,0,0.0178673900007854,-0.0104651733911991,1.15252839764505,0,-0.052543488098987,0.0758047058837674,0,0.120540180076117,0.125300706252434,-0.0578354984238874,0,0.0174279665453125,0,-0.0435760717532642,0,0,0,0,-0.00126978626027377,0.0773954225149046,-0.0355860768053842,0,0,0,0.0170068583071153,0,0,0,0,0,0,0,0,0,0,0,0,0,0,-0.0481608941215235,0,0,0,0,0,0.0512629911634144,0,0,0,0.045722589307125,0,0,0,0,-0.0231684806375301,0,0,0,-0.0319038915675311,0,0,0,0,0.115816855422507,0,0,0,0,-0.032335225118114,0,0,0,-0.0855575768588258,0.0177519755524214,0.104902347902963,0,0,0,0.0437325220643278,-0.0346666949913153,0,0,0,-0.0415303372666661,0,0,0,0.0118776057511561,0,-0.179208604229886,0,0,0.0800481644194812,0
0,-0.108218622256676,0,0,0,-0.0628927154607547,0,0,0,1.4904726773468,0,-0.0699956565106564,0.0252206331573568,0,0,0,0,0,-0.0613080848163498,0,0,-0.0632320242522746,-0.0673014555966001,-0.105230304480931,0,0,0,0,-0.056328828403336,0,0,0,0,0.209254246624519,0,0,0,0,0.0537293787592557,0.00279759032734813,-0.0509327229858282,-0.199666691358562,0,-0.0313217298962585,0,-0.112647504244063,0,0.0112179068099985,0,0,0,0,0.0155110147747173,0,0,0.0457093594977591,-0.0222144717690667,0,0,0,0,0,-0.0303393381515314,0,0,0,0,-0.039191826623113,0,0.074029194336429,0,0,-0.00687077060802989,-0.068335437208127,0,0,0,0,0,0,0,0,-0.22813536132387,0,0,0,-0.308602861947447,0,0,0,0,0,-0.0234802447602331,-0.247054638513633,0,-0.130209842593602,0,0,-0.0190414928482473,0
0,-0.0320249893868403,0,0.15048097898373,0,0,0.0101645547462815,0,-0.052543488098987,0,1.21837973536409,0,-0.0511427057758075,-0.0338452366493391,-0.0122709520126671,0,0,0,0.0610482089193664,0.0113316380031315,0,0.0110107459872539,0,0,0,0.00307209920725071,0,0,0,0,0,0,-0.0270676925727149,0,-0.168431269672695,0,0,0,0.112948100154574,0,0.0381619305933014,0,0,0,0,0.0286432067015284,0,0,-0.118313842614492,0,0,0.0105237817284961,0,-0.0442284284491042,0,0,0,0,0,0,0,0,-0.0184747833669236,0,0,0,0,0,-0.044950169659833,-0.162663121649326,0,-0.127548306203927,0.0408485765887794,0,0,0,0,-0.0163034613622856,-0.0806836699983319,0,0,-0.0179771184384928,0,0,0,0,0,0.0497264674605639,-0.000340262230584755,0,0,0,0.0421482025213098,0,0,0,-0.145241443963919,-0.0135356231606062,0.000607995975945147,0.20172605417267
0,-0.0274427753585206,-0.0555626114443381,0.0476384806448632,0,0,0,0,0.0758047058837674,-0.0699956565106564,0,1.10542538953152,0,0,0,0.0730691110975874,0,0,0,0,0,0,0,0,0,0,0,0,-0.0506102341593234,0,0.0614330146620022,-0.0227132861100512,0.0147533006183749,-0.113652685813791,0,0,0,-0.00755351375392133,0.0902703619393967,0,-0.0544520706838074,0,-0.00620026451602496,0,0,0.0643286075415311,0.026822594014496,0,0,0.0868187560554289,0.0140596458741697,0,0,0,0,0,0,0,0.107467049202206,0,0,0.0254392773142171,0,-0.00285976778734929,0,0,0,0,-0.102815168642722,0,0,-0.0562581192612341,0,0,0,-0.032822163078577,0,0.0261242586442763,0,0,0,0,0.0622500699309367,0,0,0,-0.0332831557950394,0,0,0,0.0309078635788428,0,0,0,-0.0391818666277224,0,0,0,-0.0103500507425048,0
0,-0.00273928269217458,-0.0103121859683099,0,0,0.0958067639966012,0,-0.0684285415465395,0,0.0252206331573568,-0.0511427057758075,0,1.14388616233665,0,0,0,0,0.0304009298287692,0,-0.139658186994847,0,0,0,0,0,0.0205021950570584,0.0808565444810481,0,0,-0.0646253922744567,0,0,0,0,0,0,0,-0.0606578269646346,0,0,0,0,0.0231358354166406,-0.0973040888749339,0,0,0,0,0,0,-0.0897555905851632,0.0978811207689811,0,0,0,-0.0932872715360528,0,0,-0.0774640515385309,0,0,0,0,0,0,0,0,0.105437461017511,0.117082302265135,0,0,0,0.0254368324166124,0,0,0,0,0,0.00860759105234951,0,0,0,0,0,0,0,0,0,0,0,0.0427698658908535,0,0.00877497462547859,0,-0.0972837374133762,-0.0189191529475548,0,0,0.036498408443847,0
0,0,0,0,0,0,0.0881527713038346,0,0.120540180076117,0,-0.0338452366493391,0,0,1.21542033027604,0,0,0,-0.000379695223873623,-0.0140132097246704,0,0,0,0.000464860777665574,-0.169041072734084,-0.160553691541353,0,0,0,0,0,0,0.000471239056621622,0,0,0,0,0,0,0.039116601778048,0,-0.0379303578903499,0.0221349389972413,0,0,0,0,0,0,0,-0.0174643208341737,0,0,-0.0313480910269247,0,0,0,0.0355696268672923,0,0,0,0,0,0,0,0,-0.084298430181909,-0.0681738723404733,0,-0.0094549275186416,0,0,0,0,0.0613767910560768,0,-0.18105934227094,-0.0419367523898021,0,0.0504856476757868,0,0,0,0,0,0,0,-0.161145524408807,0,0,0,0.014143404544961,0.0231617252133757,-0.170513689670892,0,0,0.0422215057885248,0,0,0,0.0847891043702988
0,0,0,0.0432007728956682,-0.0464371877672831,0,0,0,0.125300706252434,0,-0.0122709520126671,0,0,0,1.44712223339566,0.119724444539716,0,0.202251710876715,0,0,0.0633778772267321,0,0,0,0,0,0,0,0.156877291323752,0,0,0,0,0,-0.179206276144039,0,0,0,0,0.0521682702526113,0.137276578614479,0.0295946300375577,0,0,0,0,0,0.014948884099552,0,0,0,0,0.0564720587107065,-0.0372354437186392,0,-0.196516763442221,0,0,-0.144313281861581,0.0481360509436185,-0.149210566613206,0,-0.0497982161975204,-0.175500442477039,0,-0.0701510265524359,0,0,0,0,0,0.00590816967218366,0,0,0,0,-0.00563371404126809,-0.0878984850235164,0,0,0,-0.168350532946406,0.0541669722026301,0,-0.120920546276808,0,-0.0107195938745935,0,0,0.229275836030995,0.12737420920017,0,0.0825395315010404,0,0.113796784244413,0,0,0,0,0
0,0,0,0,-0.191997892031657,0,0,0,-0.0578354984238874,0,0,0.0730691110975874,0,0,0.119724444539716,1.22663253226228,-0.148589983333939,-0.0215283389594722,0.0263358194924195,0.142513245145931,0,0.0444966056265633,0,0,-0.00331722511262915,0,0,0.031568236703325,-0.0326786853778819,0,0,-0.0115780322548049,0,-0.0630669685795248,0.0180947226668603,-0.042774080358027,0,0,0,0,0,0,0,0,0,0,-0.0266419209663174,-0.0517184506809792,0,0,-0.00587550851269953,0,0,0,0,0,0,0,0,0,0,0,0,0,0,0,0,0,0,0,-0.15794073145715,0,0,0,0,0,0,0,0,-0.0653503841514324,0.113250296565245,0,0,-0.155089345174911,0,0,0.00483383259412358,0,0,0,0,0,-0.00854070501851379,0,0.0626360250755466,0,0,0,0,0
-0.0332410639095429,0,0,0.119936425070742,0,-0.0903671897427296,0,-0.189279347572493,0,0,0,0,0,0,0,-0.148589983333939,1.59796385328611,0,0.061684631521499,0,0,0,0,0,0,0,-0.0791746699206636,0,0,0,0,0,-0.0134077245493176,0,0,0.024268210953513,0,-0.0232938115202212,-0.20225711543763,-0.223687889111292,-0.022709718955764,-0.0501367466090462,-0.109162334476492,0.121654826766791,0,0,-0.181746539157017,-0.132576145268057,-0.0795609318249955,0,0,0,0,0,0,-0.0133552438041319,0.0112391602886991,0,0,0,0,0,-0.0532154576084591,0,0,-0.103467489730896,0,0,0,0,0,-0.183281180454363,0,-0.174552342720741,-0.293853062705391,0,0,0,0,-0.0796151467576681,0,0,0,-0.0713767609418025,-0.0888742495335112,0,0,0,0,-0.0485230467204592,0,-0.222571961128286,0,0,-0.117200426660653,0,0,0,0.0795228457461102,0
0,0,0,0,0,0,0,0,0.0174279665453125,0,0,0,0.0304009298287692,-0.000379695223873623,0.202251710876715,-0.0215283389594722,0,1.12054038971065,0,0,0,0.0493846770917326,0,0,0.013438255560725,0,-0.107773529195357,0.02493773014753,0,0,0,-0.0329230295283676,0,0,-0.0491410147735149,0,0,0,0,-0.0664524460731365,-0.0161659387397582,0,-0.0183769976112809,0,0,0,0,0,0,0,0,0,0,0,0,-0.0486642139448518,0,0,0,0,0,0,0,0,0,0.0207785159425786,0,-0.102559850666487,0,0,0,0,0,0,0,0.0208652140068566,0,-0.207680069712568,0,0,0,-0.0775614003818385,0,0.0394075108709253,0,-0.0113799111877077,0,0,0,0,0,0,0,0,0,0,0,-0.00549109082515183,-0.0105956166202508,0
0,0,0,0,0,-0.0654549272374177,-0.056914940716173,0,0,-0.0613080848163498,0.0610482089193664,0,0,-0.0140132097246704,0,0.0263358194924195,0.061684631521499,0,1.22962446109513,-0.0564400468483614,0,0,0,0.0210297689749997,-0.0497874805106635,0,-0.120950241866631,-0.00681353352871487,0,0,0,-0.0166286553139108,0,0,0.12596406198291,0,-0.00222905484818516,-0.00102591903254371,0,0,0,0,0,0,0.0657082507080894,-0.0166000514955701,0,0,0,0,0,0,0,0,0.00713965711094104,0,0,0,0,0,-0.103326632436033,0,0,0,0,0,-0.0554595083462985,0.111852112604193,0,0.0722540684926721,0.191448423151507,0,-0.0343409863846212,0.149747608436182,0,-0.117710919982374,0,0,0,0,-0.120603978346971,0,0,0,0,-0.0859139078216942,0,0,0,0,0,0,0.0680324818955999,0,0,0,0,0,-0.0288324915367456,0
0,0,0,0,0,0,0,0,-0.0435760717532642,0,0.0113316380031315,0,-0.139658186994847,0,0,0.142513245145931,0,0,-0.0564400468483614,1.2400442511313,-0.0954924727275308,-0.037891336323237,0,0.0462560824603244,0,0,0,-0.0385568757005103,0,-0.346280643559174,0,0,0,0,0,0,0,0,0,-0.0436410788670035,-0.0928605689479123,0,0,0,0,0,0,0,0,0,0,0,0.0133855932448043,0,0,0,0,0,0,0,-0.0333703840702971,-0.00654154862110653,0,0,0,0,0,0,0.0570245119841473,0,0,0,0,0,0,0,0,0,0.111923297365895,0,-0.0131068051813506,0,0,0,0,-0.0123834657344228,0,0,-0.0397429020285503,-0.0522124021760469,0,0,0,0,0,-0.00455199715490684,0.153293119518928,0.02282033813097,0,0
0,0.117816534457085,0,0,0,0,-0.05781361631086,0,0,0,0,0,0,0,0.0633778772267321,0,0,0,0,-0.0954924727275308,1.14906478851685,0,0,0,0,0,0,0,0,0,0,0,0,0.104072901526348,0,-0.0696146338944277,0,0,0,0,0,0.100678654964344,0,0,0,0,0,-0.0561094033446966,-0.0603482745246042,-0.0647532171343608,0,0,0.0131235160570138,0.0209350234156593,-0.170873615601042,0,0,0.0303405365878912,0,0,0,-0.0391510687944185,0,0.0680852807158908,0,0,-0.0925163911396823,0,0,0,0,0,0,0,0,0,0,0,-0.0831481481617533,0,0,0,0,0,-0.00858934411188928,0.0125611889342338,0.134990711463314,0,0,0,0,0,-0.0782819958956663,0,0,-0.0484791856981689,0,0,-0.0783676443107874,0
0,0,0,0,0,0,0,-0.112844474213491,0,-0.0632320242522746,0.0110107459872539,0,0,0,0,0.0444966056265633,0,0.0493846770917326,0,-0.037891336323237,0,1.16204075900738,0,0,0,0,0,-0.0273296306486761,0,-0.0895918933739408,-0.0200205966862378,-0.00651902142174914,0,0,0,0,0.0121256420499738,0,0,0,-0.0212240050655493,0.0765775804928952,0,0,0,-0.0376994325794447,0,0.0400829277437863,-0.0189401498523462,0,0,-0.165185095121998,0.0923354303090179,0,0.0342626877440977,0,0,0,0,-0.102312927810159,0.126758406229165,0,-0.0490186932920384,0,0.0144960523513842,-0.11814658795831,-0.0131355531279237,-0.0691149123218522,0,0,0.0263918162393465,0,0,0,-0.0164089258971639,0,0,0,0,-0.0141932887189239,0,0,-0.0170901227400683,-0.118982421470581,0,0,0,-0.00759601786365393,0,0,0,-0.0137403311029568,0,-0.00247230176621611,0,0,0.0248399409982159,0,0,0
0,0.00499809693432252,0,0,0,0,0,0,0,-0.0673014555966001,0,0,0,0.000464860777665574,0,0,0,0,0,0,0,0,1.09910618392737,0,0,0,-0.0200711099107698,0,0,0,-0.00376721730611251,0,0,0,-0.0345038343604441,0,0,0,0,0,0,0,0,0,0,0,-0.0278149040616893,0,-0.0254161834425138,0,0.0333095230249597,0,0,0,0.0972815075042348,0.106542296351484,0.0208391016924073,0,0,0.0323556410620336,0,0,-0.0613977671559203,0,0,0,0.0302073798717509,0.0352024303178602,0,0,0,0,0.0499772353495571,0,0,0.0670295813750965,0,0,0,0.00546476696861711,0,-0.0575859985479716,0.0250259333784006,0,0.0667218501152952,0,0.0467680419218197,0,0,0,0.116663041907414,0,0.147847578707078,0,0,-0.109907300307993,0,0,0,0
0.151006759112996,0,-0.00594102281786148,0,0,0,0.147239512035462,0,0,-0.105230304480931,0,0,0,-0.169041072734084,0,0,0,0,0.0210297689749997,0.0462560824603244,0,0,0,1.37841484196213,-0.0061771269760656,0,0,0,0,0,0,0,0.0415347913439904,0,0.0108062177943494,0,-0.133880639368047,0,0.0786662488243216,0,-0.0543048381301966,-0.112016864494993,0,0,0,0,0,0,-0.0287036456449948,-0.00729441395644844,0,0,0,0,0,0,0,-0.00679910806694435,0,0,0,0,0,0,0,0,0,0,-0.186735634215496,0,0.0254801419124506,0,-0.0159132698357984,0,0,0,-0.241348782971981,0,0.0362044100158151,0,0,-0.0232858868391236,-0.138950490370337,0,0.0626391209780747,0,0,0.0176246752240574,0,-0.0543966154395469,0,0,-0.0299804321196433,0,0,0,0,-0.0686837620985314,-0.145439195627579,0.00350118355806732
0,0,-0.118044873038663,0,0,-0.0649231200400532,0,0,-0.00126978626027377,0,0,0,0,-0.160553691541353,0,-0.00331722511262915,0,0.013438255560725,-0.0497874805106635,0,0,0,0,-0.0061771269760656,1.23715126847295,0,-0.01908522447398,0,0,0,0.0725168097080084,0.0425271812919818,0,0,0.0470581406504021,0,-0.205460981681341,0.0958622386689264,0,0,0,0,0,0,0.0284664636530481,-0.144698729195963,0,0,0,-0.082358022622367,0,0,0,-0.0089263684626957,0,-0.00547656242599848,0,-0.120047497677013,0.019732319755772,0,-0.0575840434188986,-0.0754063461048875,0,0,0,0,0,0.0948272124554158,-0.0410258437138648,0.00896100992367356,0,0,0,0,0,0,0,0,-0.156876496437895,0,0,0,0.000333115633613843,-0.106514292315213,0.018458508743137,-0.0659053110968296,-0.0646384411638482,0,0,0,0,0,0,0,0.0148497843247811,-0.0178719334947393,0,0,0,0
0,0,0,0,-0.00561698681563484,0,0,0,0.0773954225149046,0,0.00307209920725071,0,0.0205021950570584,0,0,0,0,0,0,0,0,0,0,0,0,1.16362784111121,0,0,0,0,0,0,0,0,0,0,-0.0456340535362781,0.0142557745373595,0,0,-0.105388168787148,0.197440269163952,0,0.0399248674919706,0,-0.103646693659459,0,0,0.0294490482673474,0,-0.0216669703707966,0,0,0,0,-0.223655806311487,0.0244614675848857,0,0,0,-0.055314933517195,0,0.0538939790125868,0,0,0,0,0,-0.017090407169121,0,0,0,0,0.0393853800406525,-0.0321104380910348,0,-0.0589560101354228,-0.0446330920799503,0,0,0,0,0,0,0,0,0,0,0,-0.031738126113646,0,0,-0.0840694519723485,0,0,0,0,0,-0.119327975225823,0
0,0.130100723631206,0,0,0,0,0,0,-0.0355860768053842,0,0,0,0.0808565444810481,0,0,0,-0.0791746699206636,-0.107773529195357,-0.120950241866631,0,0,0,-0.0200711099107698,0,-0.01908522447398,0,1.15452534255725,-0.0101679820630004,0,0,-0.00401849893317633,0,0,0.0482769790740972,0,0,0,0,-0.133306865746878,0,0,0,-0.047476588376037,0,0,0,0,0,-0.0216709117926414,-0.0187377677416341,0,0,0,0,0,0,0,0,0,0,-0.0453235215943454,-0.0340990901319381,0,0,0,0,0,-0.0461220827055632,0.063569007240736,0,0,0,0,0,0.0203022269152535,0.024210769577046,0.0276234342942449,-0.000797196110751845,0,0,0,-0.128923267944765,-0.137346162916208,0,0,0,0,0.120963201714183,-0.0307772825769609,0,0,0,0.00819510751793127,0,0,0,0,0.0586147624972262,0,0
0,-0.0928241975316865,0,0,0,0.00315558278405041,0,0,0,0,0,0,0,0,0,0.031568236703325,0,0.02493773014753,-0.00681353352871487,-0.0385568757005103,0,-0.0273296306486761,0,0,0,0,-0.0101679820630004,1.15507894074273,0,0.114931301702518,0,0.0177446273761156,-0.0180518332661122,0.0615227680110789,0,0,0,0,0,0,0,0,0.0758176393697921,0,0.0240228043175901,0,0.0164135658489725,0,-0.101827216277207,0,0,0,0,0,0,0.0639601902771131,0,0,0,-0.121892121635858,-0.112043194448968,-0.0294283410652184,0.0923115182152647,0,0,0.0208712255623511,0,-0.0218591740561471,0,0,0.0856053798111903,0,0,-0.173029193652779,0,0,0,0,0.064540054936761,0,-0.0763505929717045,0,0,0,0,0,0,0,0,0,0,0,0,0,-0.0848543394397573,0,0,0,0.0683651198205271,0
0.0811771021644604,0,0,0.0329560442049754,0,0,0,-0.0838880214538722,0,-0.056328828403336,0,-0.0506102341593234,0,0,0.156877291323752,-0.0326786853778819,0,0,0,0,0,0,0,0,0,0,0,0,1.26343917061861,0,0,0,0,0,0,0,0,-0.0300721322019538,0,0,0,0,0,0,0,-0.0790518222791155,0,-0.0142520888826367,0,0,0,0,0,0,0,0,-0.0684661710505456,0,0,-0.00881388043300603,0.157920152957863,0,0,0,0,0,0,0,0,0,-0.214867399327322,0,-0.0327172572146478,0.00026505522106383,0.0470679575604239,0,-0.0994643910182181,0.203916249285078,0,0,0.0568238056401516,0,0,0,0.101116163687086,0,0,-0.0116902440330208,0,0.040205031642618,0,-0.0744507710583338,0,0,0,0,0,0,-0.10323285574412,0
0.135690233112651,0,-0.177854195540298,0,0,0,0,0,0,0,0,0,-0.0646253922744567,0,0,0,0,0,0,-0.346280643559174,0,-0.0895918933739408,0,0,0,0,0,0.114931301702518,0,1.63780747741844,0,0,0,0,-0.00301438515689315,0,0,-0.0840516689401272,-0.0330614643331911,0,-0.0128644427401091,0,-0.0835773686778573,0,0,0,0,0.0325625976510869,-0.336639090723329,0.0231941052503055,-0.110805592444265,-0.109909667429959,0,0,0,-0.182032127085283,0,0,0,0.0276011852768906,0,0,-0.00877019011713465,-0.0884912396145219,0,0.0201680566761857,-0.206471535886473,0,0.00191844576601012,0,-0.0605616441577576,-0.0122146740001043,-0.067817459376533,0,0,0,0.128468839841016,0,0,-0.0149650506464042,0,0,0,-0.0322862817382538,0,-0.186844913494188,-0.0920976600552349,0,0,-0.0474196038997969,-0.00309870378882768,0,0,0,0,-0.165614454786929,0,-0.0254293939422532,-0.0252964981010014,0
0,0,0,-0.0226874212496474,0.0171729118553691,0,0,-0.117988387047603,0.0170068583071153,0,0,0.0614330146620022,0,0,0,0,0,0,0,0,0,-0.0200205966862378,-0.00376721730611251,0,0.0725168097080084,0,-0.00401849893317633,0,0,0,1.15956482685833,0,0,0,0,0,-0.0250996274296861,0,-0.076805815229072,0,-0.0574812757123746,0,0,-0.111025451073906,-0.0476745208577622,-0.159785323335624,-0.00235510087053369,0,-0.108746800421488,0,0,0,0,0,0.16553533990115,0,-0.0717305616657884,0,0,0,0,0,0,0,0,-0.012554872661764,0,-0.104674734039453,0,-0.00139723925544676,0,0,0.00533054527164323,0,0.0975950484555664,0,0,0,0.00620104313333603,0,0,-0.0587102535791181,0,0.11526680285277,-0.0363658250626546,0,0,-0.00203964974477233,0,-0.0551310509978264,0,0,0,-0.0371462107462126,0,0,0,0,0,0
0,-0.0899410872362288,0,0,0.0409022726185723,0,0,0.105246850532761,0,0,0,-0.0227132861100512,0,0.000471239056621622,0,-0.0115780322548049,0,-0.0329230295283676,-0.0166286553139108,0,0,-0.00651902142174914,0,0,0.0425271812919818,0,0,0.0177446273761156,0,0,0,1.30270371441779,0,-0.0568959776235467,0,-0.0391652361330368,0,-0.160870355453903,0,0,0,-0.0931831190071745,0,0,0,0.0183016234420207,-0.0711385833377937,0,0,0.0347926951671219,-0.0192887994239366,0,0,0,-0.103723026762566,0,0,0,-0.0712965480194644,0,-0.0239234322154885,0,-0.0721490478814288,0,0,0,-0.0592426535222801,0,0,0,0,0,0,-0.0212979895046514,0,0,0,-0.301819009392584,0,0,-0.119009188944843,0,0,0,0,0,-0.0818296899569149,0,0,0,-0.167142119318038,0,0,0,-0.138864224517702,-0.0546793419504693,0,-0.0547581670983492,-0.112818869687505,0
0,0.0553754263990517,0.13282251432185,-0.0106836665710026,-0.0170035394301803,0,0,0.0141703219766036,0,0,-0.0270676925727149,0.0147533006183749,0,0,0,0,-0.0134077245493176,0,0,0,0,0,0,0.0415347913439904,0,0,0,-0.0180518332661122,0,0,0,0,1.15012895580608,0.169371549607314,-0.0552687208084614,0.043695399222223,0,0,0,0,0,0,0.0353529899727485,0,0,-0.0218180828196112,0.0251060400048527,0,0,0,0,0,0,0,0,0,0,0.0382396329374572,0,0,0.00438162738099829,-0.0590520996693936,0,0,-0.0429492824681246,0,0,0,0.0320023667933626,-0.0101749648442809,0,0,0,0,-0.13017672952826,0,0,0,-0.0729786140662177,0,0.139447696871629,0,0,0,0,0,-0.0570965065730984,0,0,-0.0603877488203351,0,0,0,-0.0114789652281923,-0.162623849840728,0,0,0.0609181639919935,0,0
0,0,-0.10885017284884,0,0,-0.0379619958979295,0,-0.0209847018465026,0,0.209254246624519,0,-0.113652685813791,0,0,0,-0.0630669685795248,0,0,0,0,0.104072901526348,0,0,0,0,0,0.0482769790740972,0.0615227680110789,0,0,0,-0.0568959776235467,0.169371549607314,1.36605727218969,0,0,0.209851492216482,0,0,0,0,0,-0.0432076391904002,0,0,0,-0.0111315351289807,-0.110921758490696,0,-0.0765980549797533,0,0,0,0,-0.0150590667233258,-0.0727765672408219,-0.0804199534807354,0,0,0.0213834386234782,0,0,0,0,0,0,0.0628852627518473,0,0.0470301160368769,0,0,0,0.105320695782517,-0.0606046001697386,0.00548627615014019,0.0986744733363559,0.0696877586333465,0,-0.123680501222428,-0.080278267272612,0,0.0434696573361466,0.107876132809654,-0.190027480054776,0,0,0,0.0629928942289579,0,0,0,0,0,0,-0.00767697958768485,0,-0.0315878637836495,-0.0690325529070316,0,0
-0.00857654458654173,0,0,0,-0.103850439636375,0,0,-0.0411575422896436,0,0,-0.168431269672695,0,0,0,-0.179206276144039,0.0180947226668603,0,-0.0491410147735149,0.12596406198291,0,0,0,-0.0345038343604441,0.0108062177943494,0.0470581406504021,0,0,0,0,-0.00301438515689315,0,0,-0.0552687208084614,0,1.6133320109622,0,0.0459877388543196,0,0,0,0,0,0,0,0,0,0,0,-0.347369024766482,0.284910146652708,-0.124481584649147,0,0.104895040235733,0,0,-0.0660463251758468,0.156626798016411,-0.121944730175719,0,0,-0.117025575933107,0,0,0,0.205400751199518,0,0,-0.0508313417714157,0,0,0,0,0,0,-0.141896458916814,0,0,0,0,0,0.16383213375215,0,0,0.117093631784057,0,0,0,0.0142644577567712,0,0,0.0100126433732612,-0.0547192530655079,0,0,0,-0.251566943318291,0,0,0,0
0,0,0,0,0,0,0.00293301198992678,-0.160295494930138,0,0,0,0,0,0,0,-0.042774080358027,0.024268210953513,0,0,0,-0.0696146338944277,0,0,0,0,0,0,0,0,0,0,-0.0391652361330368,0.043695399222223,0,0,1.17951303834614,0,0,0,0,0,-0.00659279684074521,0,0,0,0,-0.0192421143062333,-0.0544721729309477,-0.0725229899662285,0,0,0,0.0184792852631924,0.201772589197326,0,0.0603276281191216,-0.089898922350405,0,0,0,0,0,0,0,0.00685945642633506,0,0,0.0192016071112481,0,0,0,0,0,0.0309192376662133,0,0,0,0.111168735450124,0,0,-0.0678214472725806,0,0,0.00747663601983998,0.0116489210728786,-0.0219093429689352,0,0,0.0029177663412688,0,-0.107175923771691,0,-0.0460642376505298,-0.0125228800078949,0.118021679662363,0,0,-0.0770037560103188,-0.103947404477478,-0.028122430156998
0.13263469682288,0,0.107642370135486,0,0,-0.0195112169487478,0,0.258395216964244,0,0,0,0,0,0,0,0,0,0,-0.00222905484818516,0,0,0.0121256420499738,0,-0.133880639368047,-0.205460981681341,-0.0456340535362781,0,0,0,0,-0.0250996274296861,0,0,0.209851492216482,0.0459877388543196,0,1.42173249929012,-0.112938708430672,-0.0659978566073069,-0.143954458262714,-0.111949614590055,0,0,-0.0840134439957161,0,0,-0.0930538403955036,0,0,0.0450386439454327,0,0.0438417679511302,0,0,0.0533094291110425,0,0,0,0.0086099499092529,-0.00497839202829478,0,0,-0.0389390591090136,-0.141281504247294,-0.0222306014168976,0,-0.0650705092747894,0.00618611836286969,-0.00173293725198659,-0.0553160067569664,0,0,0,0,0,-0.0787109908892086,-0.0621917768106143,-0.0280342038809185,0.0234327056167455,0.12337028149,-0.137950993682298,-0.0951581878347905,-0.010996994988718,0,0,0,0,-0.00883777950295931,0,0,0,0,0,0,0,0.0211388671677891,0,-0.0815600293722733,0,0
0,0,0,0,0,0,0,0,0,0,0,-0.00755351375392133,-0.0606578269646346,0,0,0,-0.0232938115202212,0,-0.00102591903254371,0,0,0,0,0,0.0958622386689264,0.0142557745373595,0,0,-0.0300721322019538,-0.0840516689401272,0,-0.160870355453903,0,0,0,0,-0.112938708430672,1.21121038523264,0,0,-0.0293092622456398,0,0,0,0,0,0,0,0,0.0194087106361503,-0.0323457971580109,0,0,-0.064241597901084,0,-0.0947440879833816,-0.00276522780480658,0,0,0,0,0,-0.0434154289254527,0,-0.159577187211019,0,-0.0647239428028663,0,0,0,0,-0.042648350462827,0,0,0,0,-0.0387543418879181,0,0,0,0,-0.0089260816965649,0,0,0,-0.0311535584169729,-0.138010819691719,0,-0.00991867622621126,0,0.02090789656063,0,0.016168989025532,-0.0452812369558388,-0.0478000794154802,0.203151484070219,0,-0.0991771126533364,0,0
0,0,0,0,0,0,-0.0197115517886658,0,0,0.0537293787592557,0.112948100154574,0.0902703619393967,0,0.039116601778048,0,0,-0.20225711543763,0,0,0,0,0,0,0.0786662488243216,0,0,-0.133306865746878,0,0,-0.0330614643331911,-0.076805815229072,0,0,0,0,0,-0.0659978566073069,0,1.49014788392704,0,0,0,-0.0417785221904614,0,0.207745804560365,-0.151289609163629,0,0,-0.142297787559773,0,0,-0.131110137230013,0,0,0,-0.182045228085867,0,0.0284969152211095,0,0,-0.125393479202128,0,0,-0.0747689993772395,0.143856059248176,0,-0.12860730638244,0,0,-0.12444095578212,0,0.101465005982118,-0.0915279451553165,0,0,0,0,-0.0739794122919897,0,0,-0.0396630811376036,-0.0659485487962843,0,0,0,0,0,0,-0.108036436690905,0,-0.0275271168450995,-0.154217894952519,0,0,0,0,0,0,0.119007579540703,-0.0831779417781857
-0.0494310641404857,0,0.0419724421591352,0,0,0,0,0,0,0.00279759032734813,0,0,0,0,0.0521682702526113,0,-0.223687889111292,-0.0664524460731365,0,-0.0436410788670035,0,0,0,0,0,0,0,0,0,0,0,0,0,0,0,0,-0.143954458262714,0,0,1.12876214910458,0,0,-0.0531624575195543,0.0498445578930653,0,0.0340605517513834,0,0,0,0,0,0,0,0.0249126702390999,0,-0.0362463905129508,0.010126510330903,0,0.0697829382812167,0,0,0,0,0,0,0,0,0,-0.12938741817032,0,0,0,0,0,0.103410839863851,0,0,-0.0625607413574707,0,0,0,0,0,0,0,0,0,0,0,0,0,0,0.0251276374152732,0,0.0436060302799539,0.0274408750113194,0,-0.00675621907396603,-0.091346821360134,0
-0.0275382160911999,0,-0.089512600341207,0,0,0,0,0,0,-0.0509327229858282,0.0381619305933014,-0.0544520706838074,0,-0.0379303578903499,0.137276578614479,0,-0.022709718955764,-0.0161659387397582,0,-0.0928605689479123,0,-0.0212240050655493,0,-0.0543048381301966,0,-0.105388168787148,0,0,0,-0.0128644427401091,-0.0574812757123746,0,0,0,0,0,-0.111949614590055,-0.0293092622456398,0,0,1.20893033307842,0.0694932498943402,-0.0921776830733914,0,0,0,0,0,0,0,0,0,0.0468474371145649,0,0.0306565784914267,0,0.0239711331437707,-0.0107709453936391,0,-0.0899843959359485,-0.0280888695950279,0.0669432060009841,-0.0126851447302039,0,0,-0.00330773879547977,-0.0661791141496728,0,0,-0.16277070632166,0,0,0,0,0,0,0.181353801981311,0.0261170291413648,0,0,0,0,0,0,0,-0.142866950538467,0,-0.0433855900023717,0.0992497137479183,0,0.0270256068006733,0,0,0,0,0,0.0112679395358222,0,0,0.0255845582918883
0,-0.0940480435020584,0,0.204126162551003,0.0837133779304124,0,0.0173741664621749,0,0,-0.199666691358562,0,0,0,0.0221349389972413,0.0295946300375577,0,-0.0501367466090462,0,0,0,0.100678654964344,0.0765775804928952,0,-0.112016864494993,0,0.197440269163952,0,0,0,0,0,-0.0931831190071745,0,0,0,-0.00659279684074521,0,0,0,0,0.0694932498943402,1.39009478449087,0,0,0,0,0,0.00608643116161285,0,0.120575318599655,0,0,0,0,0,0,-0.129548738562589,0,0,0,0,0,-0.0936317008952536,0,0,0,0.0605997124726169,0,0.0893875468394176,0,0,-0.00651385247003219,0,0,0,0,-0.0121119682117257,0,0.074847903263374,0.0323940785243618,-0.035407190802321,0.0991752250550468,-0.0711312407367103,0,0.224017474047841,0,0,0,-0.00455781614960714,0,0,0,0,-0.153661474207443,0,0,0.0074268055439063,0,0,0
-0.0377863507861328,0,0,0.00321620181359973,0.00931518932981763,-0.125408056108593,0,0,0,0,0,-0.00620026451602496,0.0231358354166406,0,0,0,-0.109162334476492,-0.0183769976112809,0,0,0,0,0,0,0,0,-0.047476588376037,0.0758176393697921,0,-0.0835773686778573,0,0,0.0353529899727485,-0.0432076391904002,0,0,0,0,-0.0417785221904614,-0.0531624575195543,-0.0921776830733914,0,1.12005575990712,0,0,0,0,0,0,-0.0562642675039933,0,-0.0737440618405956,0,0,0,0,0,0,0,0,0,0,0,0.0543790670657407,0,-0.114928770826547,0,0,0.00268389119241598,0.0263229658649919,0,0,0,0,0,0,0,0,0,0,0,0,0.0210652892428673,0,0,-0.025120645223515,0,-0.0282522219501871,0.0483872505786863,0,0,0,0,-0.0463611005769747,0,0,0,0,0,0
0,0,-0.0100595470868582,0,0,-0.00967408486108879,0,0,0,-0.0313217298962585,0,0,-0.0973040888749339,0,0,0,0.121654826766791,0,0,0,0,0,0,0,0,0.0399248674919706,0,0,0,0,-0.111025451073906,0,0,0,0,0,-0.0840134439957161,0,0,0.0498445578930653,0,0,0,1.12209186363107,0,-0.0159260980260004,0,0,0,0,0.0121105038596812,0,-0.0568723533971712,0,0,0,-0.00955257060075236,-0.107235329093175,0,0,0,0,-0.0309944809199077,-0.0890410935877115,-0.0383476294182717,0,0.0242873717815015,0,0,0.168165878502438,0.0184795673607936,0,0,-0.0487123257372263,0,-0.0219750996864112,0,0,0,0.00890640704406013,0,0,0,0,0,0,0.109546769709421,0,0,0,0,0,0,-0.0227957854854046,-0.0622120851248741,-0.0474340963165721,0,0,0,0
0,0,0,0.00331511677103535,0,-0.0342387643122694,0,-0.027931068468794,0,0,0,0,0,0,0,0,0,0,0.0657082507080894,0,0,0,0,0,0.0284664636530481,0,0,0.0240228043175901,0,0,-0.0476745208577622,0,0,0,0,0,0,0,0.207745804560365,0,0,0,0,0,1.28892686458113,0,-0.057587981498665,0,0,0,0,0,0,-0.00640375049179307,0,0,0,-0.154520140796292,0,-0.0590204418323305,0,0,0,-0.137243039657919,0.052883085363015,-0.12967619359276,0.116548496212365,-0.0460443290476864,0.0398211125956604,0,-0.306020403403076,0,0.0308471279327402,0,0,0,0,-0.247569067511709,0,0,0.000384510901420846,0,0,0,0,0.0709355864612822,0,0,0,0,0.0322557710178529,0,0,0,0,0,0,0.00378066934534713,0,0
0,0,0,0,-0.0316970024580154,-0.060127287608656,0.0434032230281784,-0.0236281984726731,-0.0481608941215235,-0.112647504244063,0.0286432067015284,0.0643286075415311,0,0,0,0,0,0,-0.0166000514955701,0,0,-0.0376994325794447,0,0,-0.144698729195963,-0.103646693659459,0,0,-0.0790518222791155,0,-0.159785323335624,0.0183016234420207,-0.0218180828196112,0,0,0,0,0,-0.151289609163629,0.0340605517513834,0,0,0,-0.0159260980260004,0,1.36425301971713,0,0.049962203161528,-0.00158392011487473,0,-0.085945920646484,0,0,-0.0435396174172,0,-0.0883261918181064,0,0,-0.0792590660685937,0,-0.0268364877815695,-0.187102309887635,0.0789578405135331,0.0176139463449539,0,0,0,0.112970559348309,0,0.0170372434238528,0.0478142055149943,0,0,-0.00482612868699082,-0.185820233108668,0.090585856994305,-0.0709737962568452,0,0,0,0.190198811366059,-0.0777611529927845,0,0,0,-0.0716549028116995,0,-0.0178669729945853,0,0,0,0,0,-0.0853052703787641,-0.0546994824588542,0,0,0,-0.0994062306201722,0
0,0,0.0199026361046787,0,0,-0.0309046913260002,0,0,0,0,0,0.026822594014496,0,0,0,-0.0266419209663174,-0.181746539157017,0,0,0,0,0,-0.0278149040616893,0,0,0,0,0.0164135658489725,0,0,-0.00235510087053369,-0.0711385833377937,0.0251060400048527,-0.0111315351289807,0,-0.0192421143062333,-0.0930538403955036,0,0,0,0,0,0,0,-0.057587981498665,0,1.21542424704532,-0.0986701161346586,0,0,0,0.046945071799625,0.0464311838455001,0,0,0,0.0338214024241976,-0.05298619052526,-0.0130292508204505,0,0,0,0,0,0,-0.0164083729142576,0,0,0,0,-0.100521440406376,-0.10839003162322,0,0,0,0,0,0,0,0,-0.0219695318112257,0.112736744752263,0,-0.00141066547431986,0,0,-0.0924714955927413,0,0.0563236089021507,0,0,-0.104985676082986,-0.171347172057595,0,0,-0.0128187694903187,0,-0.00689033421278893,0,-0.165374985703782
0,-0.0803949417424298,0,0,0,0,0,0,0,0.0112179068099985,0,0,0,0,0.014948884099552,-0.0517184506809792,-0.132576145268057,0,0,0,-0.0561094033446966,0.0400829277437863,0,0,0,0,0,0,-0.0142520888826367,0.0325625976510869,0,0,0,-0.110921758490696,0,-0.0544721729309477,0,0,0,0,0,0.00608643116161285,0,0,0,0.049962203161528,-0.0986701161346586,1.14784705579125,-0.0384660909941497,0,-0.0568017081903601,0.0726607009137377,0,0,0,0,0,0,0,0,0,0.0434656337000643,0,0,-0.0169628669571674,0,0,0,0,0,-0.0562217388289486,0,0.0564889215786847,0,0,0,0,0.0547325471315585,0,-0.00687997748189289,0.0620767087635169,-0.0189278786949655,0,0,-0.0854240576646479,0.0447653495947355,0,0.110898077948639,0.0945485112872189,0,0,-0.044082684982969,0,0,0,-0.0499085638606029,-0.00728190538183798,0,0,0
0,-0.0160318578637383,-0.145651061291654,0.0626287068807561,-0.180741685168769,0,0,0,0,0,-0.118313842614492,0,0,0,0,0,-0.0795609318249955,0,0,0,-0.0603482745246042,-0.0189401498523462,-0.0254161834425138,-0.0287036456449948,0,0.0294490482673474,-0.0216709117926414,-0.101827216277207,0,-0.336639090723329,-0.108746800421488,0,0,0,-0.347369024766482,-0.0725229899662285,0,0,-0.142297787559773,0,0,0,0,0,0,-0.00158392011487473,0,-0.0384660909941497,1.59900251245271,0,-0.0812367275090822,-0.10411599320138,0,-0.0858531017645581,0,0,0,0,0.1536276872373,0,0,0,0,-0.0719870517337802,0.0906667918416753,0,0,0,0,0,0,0,0,0,0,0,0,0,0.0308364908946804,0,0,-0.144183083783661,0,0,0,0,0,0,-0.0582487729241211,0,-0.0867359082340174,0,0,0,-0.0454945047012815,-0.0263777600763018,0,0,0,0
0.00122167950442167,0,0,0,0,0,0.145531457509858,0,0,0,0,0.0868187560554289,0,-0.0174643208341737,0,0,0,0,0,0,-0.0647532171343608,0,0,-0.00729441395644844,-0.082358022622367,0,-0.0187377677416341,0,0,0.0231941052503055,0,0.0347926951671219,0,-0.0765980549797533,0.284910146652708,0,0.0450386439454327,0.0194087106361503,0,0,0,0.120575318599655,-0.0562642675039933,0,0,0,0,0,0,1.23902611961703,0.0577953554620819,0,0,0,-0.00471267131754127,0.0550253015860419,-0.0132196982467887,0,-0.0955992125382518,0,0,-0.190858371513628,0,0,0,0,0.0113413832915312,0,0,0,0,0,0,-0.0979106208518628,0.043371418914352,0.0102004172380166,0,0,-0.0708454340624325,-0.00276010855064515,0,-0.0270199482518074,0.030989971686526,0,-0.0606876701459589,0.00781824918645922,0,0,0,0,0,0,0,0.00786458011367614,0,-0.121938313946256,-0.0535360022829222,-0.00638560424952108,0,0.00554693410181818
0,-0.0226935943470383,0,-0.0430295369186528,-0.0605248767074817,0.0435558272255987,0,0,0,0,0,0.0140596458741697,-0.0897555905851632,0,0,-0.00587550851269953,0,0,0,0,0,0,0.0333095230249597,0,0,-0.0216669703707966,0,0,0,-0.110805592444265,0,-0.0192887994239366,0,0,-0.124481584649147,0,0,-0.0323457971580109,0,0,0,0,0,0.0121105038596812,0,-0.085945920646484,0,-0.0568017081903601,-0.0812367275090822,0.0577953554620819,1.15293513378588,0,0,-0.0751794419402734,-0.024590915585081,-0.0932426802795677,0,0,0,0,0,0,0,0.0549944566182802,0,0,0,-0.0113285254608621,0,0,0,0.146858861369693,0.0385568007865367,0.0436302738434562,0.0265760512209658,0,0,0,0,-0.0525792134266605,0,0,0,-0.008140714680907,0.0237934573956278,0,0,-0.00274525598856772,0,0,0,0,0,0,0,0,0,0,0,-0.0267912955757658
0,0,-0.0861040418581203,0.00054018979165953,0,0,0,0,0.0512629911634144,0,0.0105237817284961,0,0.0978811207689811,0,0,0,0,0,0,0,0,-0.165185095121998,0,0,0,0,0,0,0,-0.109909667429959,0,0,0,0,0,0,0.0438417679511302,0,-0.131110137230013,0,0,0,-0.0737440618405956,0,0,0,0.046945071799625,0.0726607009137377,-0.10411599320138,0,0,1.38712039839199,0.0231490692613717,-0.0218034400542562,0,-0.102957136630324,-0.0355724559029999,0,0,0,0,0.172704671196417,-0.0315905436649079,-0.0919223498675534,0,-0.102498184528735,0,-0.115323327548896,0,0,0,0,0,-0.0125604427535989,0,0,0,-0.101023334092197,-0.0143248513391605,-0.0762799396790879,-0.0414610296340435,0,0,0,-0.252873712497232,0,0,0,0,0.119761129713522,0,0,0,0,0,-0.194721959853477,0.0156959586466057,0,0,0
