"X1","X2","X3","X4","X5","X6","X7","X8","X9","X10","X11","X12","X13","X14","X15","X16","X17","X18","X19","X20","X21","X22","X23","X24","X25","X26","X27","X28","X29","X30","X31","X32","X33","X34","X35","X36","X37","X38","X39","X40","X41","X42","X43","X44","X45","X46","X47","X48","X49","X50","X51","X52","X53","X54","X55","X56","X57","X58","X59","X60","X61","X62","X63","X64","X65","X66","X67","X68","X69","X70","X71","X72","X73","X74","X75","X76","X77","X78","X79","X80","X81","X82","X83","X84","X85","X86","X87","X88","X89","X90","X91","X92","X93","X94","X95","X96","X97","X98","X99","X100"
1.13828190680369,0,0,-0.0269249686378907,0,0,0,0,0,0,0,0,0,0,0,0,0,0,0,0.111130894229209,0,0,0,0,0,0,-0.0143575796984045,0.0323466390212014,0,-0.101677168080935,0,0,0,-0.0585753496574175,-0.191805934188042,0,0,0,0,0,0,0,-0.00178131131885709,0,-0.0134388309049297,0,0,0,0,-0.012654434593141,0,0,0,-0.0613376808990383,0,0,0,0,0.00704129516710112,0.0900571389269383,0,0,0,0.00421096485898856,0.00705743005560286,-0.0414056700720424,0,0,0,0,0,0.0073923093886178,0,0,0.0960311966217202,-0.106295617821639,0,0,0,0,0,0,0,-0.054833627869787,0,-0.0652420405367827,0,0,0.143833990763324,0,0,0,-0.0661129670838063,-0.0796115230602992,0,-0.113579403069679,0,0,0,0
0,1.20553764506763,0,-0.0134749458284002,0,0.10530706536658,0,0.111406798257224,0.0581692157638028,0,0,0,-0.122703979180164,0,-0.105513411782427,0,0.0130883817364688,0.00572246619084968,-0.00195986202427348,0,0,0,0,0.0113879688456772,0.0335685248598062,-0.0820932073423006,0,0,0,-0.176563272557842,0,0,0,0,-0.0185225530887953,0,0.00438063536305558,0,-0.0412484667621448,0,0,0,0,0.0112904115417217,0,0,0,0.103034155429247,0,0,0,0,0,0,0,-0.166527217913945,0,0,0,0,0.118203753345503,0,0,0,0,0,0,0,0,0,0,0,0,0,0,0,0,0,-0.0351735809494834,0,0,0.000968080459525352,0,-0.119275827620312,0,0,0,0.0504038683755007,0,0.145292183764215,0,0,0,0,0,0.00503889768632639,0.0679983512838023,-0.0397841668443916,0,0
0,0,1.47978851431297,0,0,0,0,0.0937703925471026,-0.0290670788759355,0,0,0,0,-0.029276195080231,0,-0.174990190871135,-0.0235693729799911,-0.0303077520431711,0.102772193794008,0,0.149303280785726,0.0211177784134231,-0.0287762825972234,-0.0313472100207448,0,0,0,0,0,0,0.169608916791514,0,0,0.00500853395877728,0,0,0.0308027523939213,0,0,-0.0969226743679526,-0.0507454583820789,0,0,0,0,-0.0916587217098926,-0.170008656110704,0,0.29561533808614,-0.159536455905701,0,0,-0.0197901206982079,0,0.00944785252780241,0.0508268710102413,0,0,0,0,0,0,-0.0583254586899,0,0,0,0.0663550134433267,0,0,0,0,0,0,-0.140088523963795,0,0,-0.0256685891661993,0.088997517059984,0,0,0.139312021314491,-0.0216086799473668,0,0,0.00138512384227957,0,0,0.086038516508474,0.0469243760422387,0,-0.119394320335754,0,0.0811973455726023,0,0,-0.187101346211486,0.184553513779575,-0.0765788028464185,0,-0.128064514430165
-0.0269249686378907,-0.0134749458284002,0,1.12386713393642,0,0,0,0,0,0,0.0879691003266505,0,0,0,-0.0558388708929143,-0.0830090673418654,0,0,0,0,-0.0148146786092884,0,0.00788721849728766,0,-0.00511263219741228,0,0,0,0,-0.0358517422062462,0,0,0.073762586613502,0.0218334123597832,0,-0.0728962124375275,0.0101918991469707,0,0,0,0,0,-0.0613698648361719,0.0933676215570557,0.00168958732547674,0,0,0,-0.00381417747899927,0,-0.188347045261263,0,0,-0.0100218345025311,0,-0.00915365172721009,0,0,0,0,-0.0459487416562269,0,0,0,0.0314046794710267,0,0,0,0,0,-0.0407355668245168,-0.151122583665712,0,0,0,0,-0.0152263355482671,-0.141703776502998,0,0,-0.0113843039438358,0,0,0,0,0,0,-0.00312084006569396,0,-0.020116283793848,0,0,0.0485688658670929,0,-0.0223939057778904,0,0,0,0,0
0,0,0,0,1.18656303735998,0,0,0,0.0370025823390859,0,0,0,-0.081044273200093,-0.0941040897752958,0.140316809007228,0,0,0,-0.0283935575283069,-0.0736626563441635,0.0720823781750553,0,-0.116522650790207,-0.00456381266693627,0,-0.0117022572329834,0,-0.0962331683776304,0,0,0,0,0,-0.158113648836325,0,0,0,0,0,-0.0123430462126821,0,0,-0.0333093572084139,-0.0819031570164013,0.0458413537383198,-0.0561352238172772,0,-0.119979963817922,0,0,0,0,-0.0171623492005566,0,-0.0328731709147482,0,0.0785608301751392,0,-0.0133547472324669,0.061289430386096,0,-0.00512257026882463,0,0,-0.0377503347944336,0,0,0,0,0,-0.0166493306284247,0,0,-0.0663105409475331,0,0,0,-0.100529089941725,0,0,0,-0.0205500148602365,0,0,0.0389946659202257,0,-0.0278677438063296,0,0,0,0,0,-0.0297439788785325,0,0,0.0503993181768054,0.0375506849383254,0,0.064455373367028,-0.0160462548855559
0,0.10530706536658,0,0,0,1.29609496238952,-0.167021554608069,0,0,-0.231487212143577,0,0,0,-0.0487600886181967,0,0,0,0,0,0,0,0,0,-0.19738148719994,0.112817046166963,-0.00617068965874325,-0.0598678168320514,-0.0820411921169235,-0.124833140489506,0.100664933216178,0,0,0,0.0571378384607793,0,0,0,0.000758037306543152,0,0,-0.0831342663601907,0,0,0,0,-0.0135165544451051,0,0.0847827011878553,0,0,0,0,0,0,-0.0875498884412212,0,0,0,0,0,-0.0288414024662141,0,0,-0.128300245838534,0,0,0,0,0,0,0,0.144718334901485,-0.00937727967014203,0.000629205932264442,-0.0555300027662469,-0.0750082288537943,-0.069826002239885,0,0,0,0,0,0,0,0,0.0144580645588435,0,0.0172043528836109,0,-0.0861230476335051,0,0,0,-0.0158001020566393,0.0574896917895516,0,0,0,0,0
0,0,0,0,0,-0.167021554608069,1.1424706558853,0,0,0,0,0.118591642225479,-0.0232650963890934,-0.0657108297617915,0,-0.0788704516386597,0,-0.0517450755496552,0,0,0,-0.100682115080937,0,0,0,0,0,0,-0.0731865974773033,0,0,0,-0.0650235128760955,-0.0307150077546082,0.0160102184505387,0.0314078234478768,-0.0840673610848438,0,0,0,0,0,0,0,0,0,-0.0172066895408466,0,0,0,0,0,0,0,0.0563084766183542,0,0,0,0,0,0,0,0,0,0,0,-0.0971777165058861,0,0.0223911874543333,0,0,0.0222910519381184,0,0,-0.0587342725237713,0,0,0,0,0.0130909463943103,0,0,0.0244138306676998,0,0,0,0,0,0,0,0,-0.0323237124917776,0.0744637142993249,-0.0526199195116599,0,-0.121193484833916,0,0.0245585164858834,0,0
0,0.111406798257224,0.0937703925471026,0,0,0,0,1.33158927308426,0,-0.0238901466982917,0,-0.00288864425738952,0.308110716981763,0,0,0,0.127109357795896,-0.193529404140617,0,0,0,-0.0143284369550488,0,0.0381561509635984,-0.0169983616729926,0,0.0322422634712664,0,0,-0.0722709520819526,0.0478030393573778,0,0.0418847040264663,0,0.147465426293677,0,0.13857598120782,0.0110198451699616,0,0,0.135302876560439,-0.0760024029799254,0.0878062084156228,0,0.0238716592531439,0,0,0.0478709837875666,0,0,0,0,0,0,-0.0154267617555753,0.0961848223611429,0,-0.11220070001574,0,0,0,0.035340239024684,0,0,0,0,0,0.00971595828389339,0,0,0,0,0,0,0.143662261629001,0.0136946893437303,-0.0121057439679763,-0.214576860689561,0,-0.00820081274153667,-0.080000673171812,0,0.0703953668428412,0,0.0634948104840588,0,0,0,0,0,0,0,0,0,0,-0.04538025729495,-0.0501488083484614,0,0,0.0229683492385266
0,0.0581692157638028,-0.0290670788759355,0,0.0370025823390859,0,0,0,1.24576732928078,-0.0316679372019584,0,0,0,0,0,0,0,-0.205801242647264,0,0,0,0,-0.0485415247560641,0,0,0,0,0,0,-0.214591330630462,-0.0219161044153985,0,0,0,0,-0.0306270453532475,0.0260990011345669,0,0.00986267262629784,-0.174750983649233,0,0,-0.0349959195637458,0,0,-0.0129192674886111,0,0,0.135088332738063,0,0.0361988516002032,0,0,-0.0150979414176476,-0.0112930182237207,-0.0901600264074725,-0.0536839377578621,0,-0.130887959808657,0,0.00917427113212822,0,0,0,0,0,0,0,0,0,0,0,0,0,-0.057231789457362,-0.0424493476394737,0,0,0.0623276109917403,0,0,0,0,0,-0.171259437123418,0,0.101959638079113,0,0,-0.0462590176757465,0,0.0175263297761259,0,0,0.0607872317019143,0,-0.0655850335901273,0,-0.0450991579562396,0
0,0,0,0,0,-0.231487212143577,0,-0.0238901466982917,-0.0316679372019584,1.22729457869601,0,-0.0806482885502811,0,0,0.0465162476958877,0,0,-0.0494179473625202,-0.00160450759026251,0,0,0,0,0,0,-0.0497553303448509,0,0,0,0,0.0156981796933987,0,0,-0.0263787654991509,0,-0.163975178087051,0,0.0335659202840746,0,0,0,0,0,0,0,-0.0600311876051907,0,0,-0.0813557412514326,-0.00160154825872272,-0.195278301966033,0,0.0773194839506244,0,0,0,0,0,0,0,0,0.0456780612157859,0,-0.0293982921824716,-0.00225455397139682,0,0,0,-0.0412808661920267,0,0,0,0,0,0.0569571237365348,0,0,0.0976612322947279,0,0,0,0,0,-0.106958113961331,0,-0.0574777396302977,0,0,0,0,0,0,-0.136092413819952,-0.0238765189755307,0,0,-0.0167028853068493,0,0,-0.0244317340431046
0,0,0,0.0879691003266505,0,0,0,0,0,0,1.31900920727145,-0.0284179659849261,0,0,0,-0.0482154472447164,0,0,0,0,0,0,0,-0.0652624980912615,-0.0275464195941807,0,-0.118617276619255,0.182458050101259,-0.0576299197167792,-0.0420531158172876,-0.207735224038024,0,0,0,0,-0.111069075963832,-0.0277679915524192,0.090509472328512,0,0,0,0,0,0,0,0,0.116192084885016,0,0.106226852381815,0,0,0.104361804091213,0,0,-0.0381746029854388,-0.126865220641076,-0.0416965721916028,-0.0800669235467678,-0.00539562822265894,0,0,0,0,0,0,0.0318670476121231,0,0,-0.0519325548925755,0.0276500449698128,0.118558952676011,0.0244468138674133,0,-0.0281357953742214,0,0,0,-0.00766743687528414,0.0438623446480891,0,0,0,0,0,-0.0127288675053131,0,-0.0048913192925455,0.149061251484035,-0.164827605390517,0,0,-0.164707068295977,-0.084963603650376,0,0,0,0,0,-0.0113971511517806,0
0,0,0,0,0,0,0.118591642225479,-0.00288864425738952,0,-0.0806482885502811,-0.0284179659849261,1.23438913205978,0,0,-0.0661471425190912,0,-0.0427005819124334,0,0,0,0,-0.0665907934881789,0,0,-0.0495797948707772,0,-0.0185160423661824,0,-0.0401739226674166,0,0,0.062868013417014,0,-0.0292770957617226,0,-0.0183116090770964,0,0,0,0,0.0205436418115395,0,0,0,0,-0.0312045978855262,0,0,-0.126234002439499,0,0,-0.108960648155507,0,0,-0.0574758878059961,0,0,0,0,0,0,0.0263631983148868,0,0,-0.0416318075671204,0.06636358982211,0,0,0,0.017420033500801,0,0,-0.0302159855302197,-0.32979496157546,0,-0.0400408629629477,0,0,0.187361063945612,0,0,0,-0.0675137469597712,0,0,0,0,0,0,0,0,0,0.126701643118483,0,0,0,0,-0.0237176468836489,0,0
0,-0.122703979180164,0,0,-0.081044273200093,0,-0.0232650963890934,0.308110716981763,0,0,0,0,1.21683889603783,0,0.10328964828121,-0.0248187961536828,0,0.0480456228945646,0,0,0,0,0,0,0,0,0,0,-0.0640488531871256,0,0,0,0,0,0.00991317995816808,0,0,-0.00438613103932991,0.0778321626480794,0,0,0,0,0,0,0.135137181861408,0,0,0,0,0,-0.00847106610415935,-0.0166130000175451,-0.00311335210060716,0,0,0,-0.0299461700324324,-0.0210017252139343,0,0.0672226781564102,0,0.0355057226510857,0,0.00855962377803574,0,0,0,0.0179848018405156,0,0,-0.104527109938723,0,-0.0314733474730913,0,0,0,0.0999675841836155,0,0,-0.0952715689510738,-0.0563611834342841,0,0.0381990572832443,0,0,0,0,0,-0.000946335555911531,0,0,0,0,0,0,0,0,0,0.0582929203585549
0,0,-0.029276195080231,0,-0.0941040897752958,-0.0487600886181967,-0.0657108297617915,0,0,0,0,0,0,1.26813534951017,0,-0.318574411091776,0,0.0310111654054961,-0.0140915469321084,-0.0262706610244835,0,0,0,-0.0223951695583503,0,0,0,0,-0.00603475120496217,0,0,-0.0930145462652224,0,-0.0256082919741857,0,0,0.00363104371429063,0.14991119818964,0.118168650226667,0,-0.13572124796217,0,-0.0421703943466899,0,0,0,-0.0502793329519548,0,0,-0.0388584716870822,0,0.0149756744426887,-0.0152384006279749,-0.0385812259014254,0,0,0,-0.011699876486704,0,0,0,0,0,-0.0471721961686167,-0.0547949061813599,-0.0679093065459183,0,0,0,-0.0313330674825083,0,0,0,0.071100671831937,0,0,0,0,-0.086483072459719,0.109726936185318,0,0,-0.0804289499130413,0,0,0.0437849631923593,0,0,-0.0631565415286582,0,-0.0112960434012887,0,-0.0263597577284495,0,0,0,0,0,0.020948049026113,0
0,-0.105513411782427,0,-0.0558388708929143,0.140316809007228,0,0,0,0,0.0465162476958877,0,-0.0661471425190912,0.10328964828121,0,1.26750674512027,0.00226898096870549,-0.0312319470552515,0,0,0.0194128511407209,0,0,0,0,0.00190657291898983,0,0,-0.0407993163554603,0,-0.138935031819653,0.0430722604765993,0.031704164025428,-0.0779544642486462,0,0,0,0,0,-0.0737710850505398,0,0,0,0,0,0,0,0,0.101025191576799,0,0,0,0,0,0,-0.11396783188623,0,0,0,0,0.0437162024636378,-0.0550708920275964,0.0366647557615443,0.111965426088436,0,0.140186812347356,0.0794517367819738,0,0,0,-0.0346111687048423,-0.0300233938351981,-0.0955876052631328,0.0134580137377728,0,0,-0.0681143028676973,0,0,0,0,0.0551440673180176,0.00685304027529114,0,0,0.156174590948817,-0.00857774017651183,0,0.0949729283013815,-0.0209589431038927,0,0,0,0.047548483758935,0.0610922506382773,0,0,0,0,0,0
0,0,-0.174990190871135,-0.0830090673418654,0,0,-0.0788704516386597,0,0,0,-0.0482154472447164,0,-0.0248187961536828,-0.318574411091776,0.00226898096870549,1.35014946577059,0,0.10153806761922,0,-0.0915908338941819,-0.125143504654502,0,-0.00941414370858861,0,0,-0.0668930011741988,0.0401484876245512,0,0,0,-0.0948436531428459,0,0,0.0293821649759039,0,0,0,0,0,0.00108824250678321,0,0,0,0,0,0,0,0,0,0,-0.0127075392308819,0,0,0,0,0,0,0,-0.256052852455122,-0.0859463607514583,0,0,-0.0681989910129813,0,0,0,0,0,0,0,0,0,0,-0.0873113622697888,0,0,0,-0.0711422510189259,0,0.0247090079158939,0,0,0.00731316634273339,0,0.208762430721298,-0.0211623145144817,0.114076164886606,0,0,-0.0783414893233584,0,0,0,0,0,0,0.0817623719524817,0,0,-0.0470550938560909
0,0.0130883817364688,-0.0235693729799911,0,0,0,0,0.127109357795896,0,0,0,-0.0427005819124334,0,0,-0.0312319470552515,0,1.53022733193201,0.0200539517283443,0,0,-0.0523735675161106,-0.0270866787143626,0,-0.169287772580509,-0.0765494778472642,0.0381494348733559,0,0.129287481784786,-0.0763070701924475,0,0.209494844192161,0,-0.104926550566797,0,0,0.0668771029514779,0,-0.14308154185522,0,-0.217745442940169,-0.0239381447060189,0,0,-0.0288312692465131,0,0,-0.0217625695316194,0,-0.314959493902828,-0.057479990882903,0,-0.029876931160533,0,0,0,0,-0.0885034895584947,0,-0.0460665459525946,-0.0383593568738103,-0.265423939259793,0,0,0.0203840340096686,-0.194339719668572,0,-0.0508276386053228,-0.01250309779501,0,-0.020086677621757,-0.0538047394204394,0,0,0,0,-0.0857349624400733,0,0,0,0,0,0,0,0.0420908450091423,-0.15154040336112,0,0,0,0,-0.0968415834726785,0,0,0,0,0,0.298655267651564,-0.01420717498313,0,0.00178638520785346,-0.118480531967837
0,0.00572246619084968,-0.0303077520431711,0,0,0,-0.0517450755496552,-0.193529404140617,-0.205801242647264,-0.0494179473625202,0,0,0.0480456228945646,0.0310111654054961,0,0.10153806761922,0.0200539517283443,1.30193679516263,0,0,0.0845392453412018,0,0,0,0,0,0,0,0,0,0,0,0,-0.0233066408448121,0,0,0,0,0,0,0,0,0,-0.043182798345891,0,-0.0422731129545707,0,-0.00312105106399753,0,0,0.0241337087765522,0,0.0315353046248208,0,0,0,-0.0293175974695338,0,0,-0.01621059010276,0,0.113762771411153,0,0,0,0,-0.035232228235738,0,0,0,-0.0716081236521071,0,-0.0453249455481477,-0.0801640571170357,-0.112308368882322,0,-0.154652954470232,0,-0.0643547006003334,-0.0409023780557667,0.164890714727024,-0.0365107033646173,0,-0.185127649257913,0,0,0,0,-0.033600670970826,0,0,0.0476623421675188,0.0531689209721965,0,0.0800000628479194,-0.0567070689585541,-0.0776621622060931,0.10743686727161,0,0
0,-0.00195986202427348,0.102772193794008,0,-0.0283935575283069,0,0,0,0,-0.00160450759026251,0,0,0,-0.0140915469321084,0,0,0,0,1.26087705416468,-0.0257591551721698,0,0,0,0,0,-0.0376686026877848,0.071738490087883,0,0,0,0,0,0,0,0.0206189104396868,0,0,0,0,0,0,0.0746345172076103,0.108838707216374,0,0.105917057226723,0,0,-0.106823077768721,-0.0766109619532175,0,0.00560611264258403,0,0,-0.115827768606348,0,0,0,0,0,0,0,-0.0428344671485863,-0.130950567097636,0,-0.083679632087631,-0.226605492279282,0,0,0,0.017888711395592,-0.193977911753449,0,0,0,0,0.03548787986845,0,0,0,0,0,0,0,0,0.03283580192376,0,0,0,-0.120524732699413,0,0,0.0614642561793734,0,0,0,0,0.091208665223622,0,0.00600970246327394,0
0.111130894229209,0,0,0,-0.0736626563441635,0,0,0,0,0,0,0,0,-0.0262706610244835,0.0194128511407209,-0.0915908338941819,0,0,-0.0257591551721698,1.17108674225392,0,0,0,-0.123181974563428,0,0,0,0,-0.157021672094206,0,0,-0.0112831036420742,0,0,0,-0.0890763076282817,0.0260366153958858,0,0,0,0,0,0.0235998058839682,-0.0244331789741704,0,-0.145088775409358,0,-0.00886179734059708,0.0161023627734623,0,0.0237583584589173,0,0,0,0,0,0,0,-0.107576428018725,0,0,0,0,0.000993359368344156,0,0,0.00492663934374283,0,0.0245604854996659,0.0330887719498068,0,0,0,0,0,0,0.00420088421132255,0,0,0,0.0149943774214956,0,0,0.0345181587208361,0.0025524264096119,0.00521345702828293,0,0.00243276643973155,-0.0656253852594529,0,0,0,0.176205589428171,0,0,0,0.00432644056657395,0,-0.0111731335575764,0
0,0,0.149303280785726,-0.0148146786092884,0.0720823781750553,0,0,0,0,0,0,0,0,0,0,-0.125143504654502,-0.0523735675161106,0.0845392453412018,0,0,1.19265430529957,0.00842337174699361,0,0,-0.0115017123808381,0,0,0.00160777088534049,0,0,-0.00295750628727118,0,0,0,0,0,-0.0482825147292991,-0.0383316272017664,0.0289659847759675,0.0469302928956328,0.068233079762803,0,-0.0341697825469995,-0.0513229222221642,0,0,0,0,-0.180677501471899,0,0,0,0,0,0,0,0,0,0,0.027663414576329,0,0,0,0,0,0,0,-0.0958861308537004,0,0,0.0763309624145776,-0.00383076934048887,0,0,0,-0.014492039676978,0,0,0,0,0,0,0,0,0,0,0.00311747157428751,0,0,-0.0333012739393645,0.144461638358109,-0.106864489727693,0,0,0,0,-0.062425977786079,0.0494465199028632,0,0.128770384817482
0,0,0.0211177784134231,0,0,0,-0.100682115080937,-0.0143284369550488,0,0,0,-0.0665907934881789,0,0,0,0,-0.0270866787143626,0,0,0,0.00842337174699361,1.1403334512941,-0.113728859926643,0,0.0148571772376921,0,0,0,-0.105784844230134,0,0,0,0,-0.0587278843161935,-0.0546957387952316,0.00249560841000654,-0.0677959338698312,0,0,-0.090953427834661,0.00703036678401578,0,0,0,0,0,0,0,0,0,0,0,0,0,0,-0.133921143091185,-0.117465805592913,0,0,0,-0.0267619990896591,0,0,0,0,0,0,0,0,0,-0.0659727148715558,0,0.0900399096177504,0,-0.0467760420596855,0,0,0,0,0,0,0,0.0263380535482964,0.105303428703758,0,0,0,0,0,0.0175663482478353,0,-0.0984608989688792,0,0,-0.0154281485194046,0.0253440809333116,0,0,-0.0230836157843515,0
0,0,-0.0287762825972234,0.00788721849728766,-0.116522650790207,0,0,0,-0.0485415247560641,0,0,0,0,0,0,-0.00941414370858861,0,0,0,0,0,-0.113728859926643,1.12370686847754,0,0,0,0,0,0,0,0,0,0,0,-0.079270448323648,-0.0254676765178093,0,0,0.0272846776529939,0,0,0,0,0,0.00455964468547423,0,0.0941546451519861,0,0,0,0,0,0,0,0,0,0,0,0,0,0,0,0,0,0,-0.0780764453556665,0,0,0,0,0,0.0226325630472695,-0.0198349451734532,0.018120241550053,0,0,-0.0120255541560459,0.102838980712634,0,0,-0.0281754102132003,0,0,0,0.105978776943024,0,0,0,-0.0062990450566513,0.104381226690781,0,0,0,0,0,0,0,-0.0101393028092595,0,-0.175737950183785
0,0.0113879688456772,-0.0313472100207448,0,-0.00456381266693627,-0.19738148719994,0,0.0381561509635984,0,0,-0.0652624980912615,0,0,-0.0223951695583503,0,0,-0.169287772580509,0,0,-0.123181974563428,0,0,0,1.27989385687589,0,0,0,0,-0.000572367092753178,0.075075309770415,0,0,0,0,0,0,0,0,0.00499354107845477,0,-0.100588760828096,0,0,-0.0970166660017784,0.00267105368849296,-0.0338176985230424,0,-0.0707307835531776,0,-0.133817487414152,-0.0700228573012393,0.0254784453739089,0.0956582177269171,0,0,0.0492825653242781,0,0,0,0,-0.0521807550935242,0,0,0,0,0,0,-0.068458307764935,0.0351450603678813,0,0,0,0,0.0331487896654193,0,-0.00818115723956137,0,-0.0902586853742816,0,0,0,0,0,0,-0.00164521855963265,0,0,0,0,0,-0.00679432458793513,-0.0291815983257385,0,0,0,-0.125929547428976,0,-0.0543437265724598,0,-0.184675673591731
0,0.0335685248598062,0,-0.00511263219741228,0,0.112817046166963,0,-0.0169983616729926,0,0,-0.0275464195941807,-0.0495797948707772,0,0,0.00190657291898983,0,-0.0765494778472642,0,0,0,-0.0115017123808381,0.0148571772376921,0,0,1.11140501088734,0,0,0,0,-0.0766723044914032,0,0,0.043710972111856,0,0,0,0,0.104235318640194,0,-0.0652916154856198,0,-0.0564020575096345,0,0,0,0,-0.0444133079311677,0,0,0,0,0.0249925227316609,-0.0147241778397108,0,0,0,0,0,0,-0.0642300425262353,-0.0717593631093895,0.0238790374317243,0,0,0,0,0,0.0183621957414124,0,0,0.0808606080142034,0,0,0,0,0,0.0217712534009798,-0.0437968261009264,0,0,0,0,0,0,0,0,0.0653652167737384,-0.15689687259627,0,-0.0228297848864392,0.0152637179165448,0,0,0,0.0797863008669721,0,0,0,0,0
0,-0.0820932073423006,0,0,-0.0117022572329834,-0.00617068965874325,0,0,0,-0.0497553303448509,0,0,0,0,0,-0.0668930011741988,0.0381494348733559,0,-0.0376686026877848,0,0,0,0,0,0,1.24393755316677,0,0,0,0,0,-0.0882201717664433,0.0637483340529182,0,0,0,0.180777669510969,0.0889795860149839,0,0,-0.0151678590127988,0,0,-0.137299900049008,0,-0.222091737744634,0,-0.136085682392269,0,0.053354426414333,0,0,-0.0655173704978404,0,0,-0.0670728605524701,0,-0.0917122585203211,0,0,0,0.0725454386654368,0,0,0,0,-0.0253109850506152,0,-0.028424328081932,0,0,0,0,0,0.107982690624262,0,0,-0.00759184389634939,-0.067386058556218,0,-0.0650747993806655,0.0187277880337362,0,0,0,-0.105555062877986,0,0,-0.00446162045138891,0,0,0,0,0.0752932379826557,0,0.0908104194433509,0,0.0515118392161459,0.0163533262345451,-0.0124087135789575
-0.0143575796984045,0,0,0,0,-0.0598678168320514,0,0.0322422634712664,0,0,-0.118617276619255,-0.0185160423661824,0,0,0,0.0401484876245512,0,0,0.071738490087883,0,0,0,0,0,0,0,1.14917362098843,0,0,0,0,0,-0.14755849875818,0,-0.00125934673956652,0,-0.00561935334461687,0,0,0,0,0.0564222569286299,0,0,0.0723589422522085,0,-0.0476338904140256,0,0,0,0,0,0,0,0,-0.113373245528391,-0.0334085624866738,-0.0240933669893433,0,0,0,0.0516548333512687,0,0,0,0,0,0,0,0.00499071600989852,0.0203069213054888,0,0,0,-0.0242814765156592,-0.0252041948461483,-0.0307515684981999,0,0,0.11934778676644,0,0,0,0,-0.135123929980115,0,-0.013798235581345,0,0,0,0,0,0,0,0.0989714923494185,-0.064637160974723,0,-0.0772043518655104,-0.0470640547196779,0
0.0323466390212014,0,0,0,-0.0962331683776304,-0.0820411921169235,0,0,0,0,0.182458050101259,0,0,0,-0.0407993163554603,0,0.129287481784786,0,0,0,0.00160777088534049,0,0,0,0,0,0,1.18381801830464,0,0,-0.0312987151883277,-0.216178164566304,0,0.0662637967171182,-0.0758769788686022,0,0,0,-0.016554600689831,0,0,0,0,0,0,0.174036050950823,0,0.0061775724950727,0.00246039758657491,0,0,0,0,-0.0827045353713106,0,0,0,0,0,0,0,0,-0.0335689784828391,-0.0743221007122407,0.00507473107992761,0,0,0,-0.00909483733611277,-0.0919581849636358,0,0,0,0,0,-0.0385102878423212,-0.100736059940297,0,0,0,0,0,0,0.00282618077407804,0,0,0,0,0.0313586612921765,-0.0925385076853888,0,0,0,0,0,0.0477571232599763,0,0,0,0
0,0,0,0,0,-0.124833140489506,-0.0731865974773033,0,0,0,-0.0576299197167792,-0.0401739226674166,-0.0640488531871256,-0.00603475120496217,0,0,-0.0763070701924475,0,0,-0.157021672094206,0,-0.105784844230134,0,-0.000572367092753178,0,0,0,0,1.21502028685838,0,-0.084561694195179,-0.120925216766223,0,0,0,0,0,0,0,0,0,0,0,0,-0.0970432241064661,0.0632633000431945,0,0,0,0,0,0,0,-0.259837751109092,0,0,-0.0173453598227487,0,-0.00100246215828605,0.0160353047473184,0.00219778006531615,0.0606859677725734,0.0106498424807212,0.0839057118553571,0,0,0,0,0,0,0,0,0,0,0,-0.0388539683512047,0,0,0,-0.0425929307643265,0,0,-0.0490861853449822,0,-0.0407039873187344,0,-0.0685180476777472,0,0,-0.019767088059805,0,0.0768207118950494,0,0,0,0,0,0,0.0299121853421758,0.0608664256158727
-0.101677168080935,-0.176563272557842,0,-0.0358517422062462,0,0.100664933216178,0,-0.0722709520819526,-0.214591330630462,0,-0.0420531158172876,0,0,0,-0.138935031819653,0,0,0,0,0,0,0,0,0.075075309770415,-0.0766723044914032,0,0,0,0,1.36980878809717,0,0,-0.0540952675666185,0,0,0,0,-0.136683558633091,0,0,0,-0.229632157880459,-0.0743943215732532,0,0,-0.0159312341283492,-0.0710854643747385,0.115466746363162,0,0.00975709617444393,0,0,-0.0233562559137633,-0.0840437298634892,0,-0.204158835243084,-0.098195531712327,0,0,0,0,0,0,0,0,0.0403216562250823,0.0453417294429201,0,0,0.0224900217610452,0.0157759351065084,0,0,-0.121237835280662,0,0,0.00760244210018151,0,0,0,-0.0384138787706397,0,0,-0.0428919964144702,0.0980051535705817,0.0883970962434416,0,0.0867132472251011,0,0,0,0,0,0,0,0,0,0,0.0250700189317942,0
0,0,0.169608916791514,0,0,0,0,0.0478030393573778,-0.0219161044153985,0.0156981796933987,-0.207735224038024,0,0,0,0.0430722604765993,-0.0948436531428459,0.209494844192161,0,0,0,-0.00295750628727118,0,0,0,0,0,0,-0.0312987151883277,-0.084561694195179,0,1.31737402373004,0,0,0,0,0,0,0,0,0,0,-0.23787447306746,0,0,0,0,0.00245666177628809,-0.306813130548101,0,0.144603085698919,-0.0834838977625456,0,0.0630313857292212,0,-0.0296396472723398,0,0,0,0,0,0,0,0,0,-0.0496846712430649,0,0.0149357211304073,0,0,0,0,0.0521996649921864,0,-0.0801047586231054,0,0,0.0651465355373491,0,0,0,0,0,0,-0.0326824203622012,0,0,0,-0.077546117516935,0,0,0,0,0,0,-0.0229475524918791,0,0,0.0250693985211161,0,0
0,0,0,0,0,0,0,0,0,0,0,0.062868013417014,0,-0.0930145462652224,0.031704164025428,0,0,0,0,-0.0112831036420742,0,0,0,0,0,-0.0882201717664433,0,-0.216178164566304,-0.120925216766223,0,0,1.29639688292926,0,0,0,-0.194361833120605,0,0,0,0.0224498083754909,-0.12470101037002,0.050092377228521,-0.00381967891657081,0,-0.0857748909859683,0,0,0,-0.0711390728274014,-0.12835820519444,0,0,0,0,0,0,0,-0.0374335417565827,-0.0976875845318759,0,0,0,0,0,0,0,-0.0353368596429133,0,0.124394866527943,0,-0.00708083982607343,0.102338834072018,0,0.0234076434589078,0.000880910267661355,-0.00424256888134953,0,0,-0.0231075897136219,-0.166133849069627,0,0,0,0,0,-0.0307841674691592,-0.111823649269313,0.0346074583183535,0,0,0,0,0,0,-0.0973923843456193,-0.0140673022148891,-0.0888062357094536,0,0,-0.000673594934507889
0,0,0,0.073762586613502,0,0,-0.0650235128760955,0.0418847040264663,0,0,0,0,0,0,-0.0779544642486462,0,-0.104926550566797,0,0,0,0,0,0,0,0.043710972111856,0.0637483340529182,-0.14755849875818,0,0,-0.0540952675666185,0,0,1.3657738586913,0,0.0230497891137644,0,-0.110450658587646,0,-0.0157516331611628,0.103867044301968,0.161027507528828,0,0,0.00658508533783864,0,0,0,0,0,0,0,0,0.0688736664860604,-0.128419708446666,0,-0.108030915113663,0,0,0,0.105738165336266,0,-0.018534340934803,0,0,0,0,0,0,0,0.122556570225297,0,-0.00771016708944447,0,-0.151407046817074,-0.362614469023742,0,-0.0471317576332856,0,-0.026124510445791,0,0,0,0,0,0,0,0,0.0723205059053453,0,-0.128427086252896,0,0.108050596554273,0,0,0,-0.0692445472640967,0,0,0,0
-0.0585753496574175,0,0.00500853395877728,0.0218334123597832,-0.158113648836325,0.0571378384607793,-0.0307150077546082,0,0,-0.0263787654991509,0,-0.0292770957617226,0,-0.0256082919741857,0,0.0293821649759039,0,-0.0233066408448121,0,0,0,-0.0587278843161935,0,0,0,0,0,0.0662637967171182,0,0,0,0,0,1.19591698090769,0,0.0402490218832524,0,0,0.0115254648576686,0,0,0.0950421039643745,-0.182304759738349,0,0,0,0.0710117505220765,0,0,0.0288286865204489,0,0,0,0,0.0320379107286964,0.202241594145113,0,0,0,-0.0433668249497945,0,0.00807865427993409,0,0,0,0,0,0.0217634267361456,0,0,0.0048673594090168,0,0,0,0,-0.063336624056337,-0.0205031558522693,0.0119388674107899,0.0260165989754042,0,0.0412443157839946,0,0,0,0,0,0,-0.218028413460391,-0.00336203958503702,0,0.0274829127947937,0,0,0,0.0795500921715166,-0.0368995003388231,0,0,0,0
-0.191805934188042,-0.0185225530887953,0,0,0,0,0.0160102184505387,0.147465426293677,0,0,0,0,0.00991317995816808,0,0,0,0,0,0.0206189104396868,0,0,-0.0546957387952316,-0.079270448323648,0,0,0,-0.00125934673956652,-0.0758769788686022,0,0,0,0,0.0230497891137644,0,1.43298833304165,-0.0829571028608593,0,0,-0.0920942846141286,0,-0.0560435833985653,0,0,-0.168920206599159,0,0,0,0,0,-0.045351501578418,0,-0.113828472655566,-0.000805230234754705,0,0,-0.0931560079537271,0.0230665450460853,0.0464790866364484,0,0,-0.145535660761647,-0.0312634123543908,-0.0808284126436811,0,0,0,0.0761952126053007,0,-0.0319280927476795,-0.156150239351848,0,0.00552711851219943,0.00805745232754448,0.0424767890386516,-0.351798674266106,0,0,-0.174250336145599,0,0,-0.0950027517222493,-0.0880875061756096,0,-0.0238969419974741,0,-0.00529728625627624,-0.0266690627345342,-0.0359096056917934,0,0,0,0,0,0,0,0,0,-0.0879634714588906,-0.00298968898486676,0
0,0,0,-0.0728962124375275,0,0,0.0314078234478768,0,-0.0306270453532475,-0.163975178087051,-0.111069075963832,-0.0183116090770964,0,0,0,0,0.0668771029514779,0,0,-0.0890763076282817,0,0.00249560841000654,-0.0254676765178093,0,0,0,0,0,0,0,0,-0.194361833120605,0,0.0402490218832524,-0.0829571028608593,1.2445761710455,0,0.000813158063693175,0,0,0,0,0,0,0,0,0,0,0,0,0,0,0,-0.000384219994381216,0,-0.117749288186852,0,-0.0217649465376222,-0.0607075466711829,0.0633723280419152,0,0.0642529515950144,0,0,0,-0.12500011170336,0,0,0,0.050951705239141,0,0,-0.0983444505058427,-0.0267364934372054,0,0,0,0,0,0,0,-0.190192934102051,0,0,0,-0.00213549798330491,-0.0857798245878621,0.0122391111500273,0,0,0,0,0,0,0,-0.0852753030073336,0.0544409472815815,0,0,0
0,0.00438063536305558,0.0308027523939213,0.0101918991469707,0,0,-0.0840673610848438,0.13857598120782,0.0260990011345669,0,-0.0277679915524192,0,0,0.00363104371429063,0,0,0,0,0,0.0260366153958858,-0.0482825147292991,-0.0677959338698312,0,0,0,0.180777669510969,-0.00561935334461687,0,0,0,0,0,-0.110450658587646,0,0,0,1.31097023242412,0,0,0,0.0609107012105423,0,-0.124278359514371,0,0.127296563344971,0,0.0388071960470835,0,-0.10411911217419,0,0,0,0,0,0,-0.0968253476180788,0,-0.0193413309516523,0,0,-0.0101857615531973,0,0,0.11181768542914,-0.0736473896743009,0,0,0,-0.0110542883221877,0,0,0,0,0,-0.0217013011701331,0,0,0.0211084003557324,0,0.00886199698057475,0,-0.0115855264916852,0.271046048842343,0,0.0685573989240107,0,0,0,-0.227773175154891,0,0,-0.0461177426870359,0,0,-0.00415186451175777,0,0,0,0,0
0,0,0,0,0,0.000758037306543152,0,0.0110198451699616,0,0.0335659202840746,0.090509472328512,0,-0.00438613103932991,0.14991119818964,0,0,-0.14308154185522,0,0,0,-0.0383316272017664,0,0,0,0.104235318640194,0.0889795860149839,0,0,0,-0.136683558633091,0,0,0,0,0,0.000813158063693175,0,1.19496157427578,0,0,0.01688892861422,0,0,0.0261277909314662,0,0,-0.00611464896954049,0,0,0,0,0,0,0,0.115920209438024,0,-0.127968741205433,0,0,0,0,-0.194359672752616,-0.113723095336914,0,0,0,0,0,0,0.00310603023441512,-0.0162555423212385,0,0.0332372505660317,0,0,0,0,0,-0.0253439647021796,-0.0466933926787034,0.0583645895162598,0,0,0,0,0,-0.00387447749477378,-0.0618658069892698,0,0,0.0444473679549061,0.00722751044534334,0.00619451978739315,0,0,0,0,0,0,0
0,-0.0412484667621448,0,0,0,0,0,0,0.00986267262629784,0,0,0,0.0778321626480794,0.118168650226667,-0.0737710850505398,0,0,0,0,0,0.0289659847759675,0,0.0272846776529939,0.00499354107845477,0,0,0,-0.016554600689831,0,0,0,0,-0.0157516331611628,0.0115254648576686,-0.0920942846141286,0,0,0,1.56332083444764,0.194516746490011,-0.0639742585285399,0,0,0,-0.0485982569668013,0,0,0,-0.0293576647575303,-0.121087315091142,0,0,0,0,-0.0337649392197988,-0.413402969512971,0,0.287758105594779,0.147847536681179,0,-0.0369999953275103,0,0,0.0128567270186402,0,0,0,0,0.0213412644558369,0,0,0,-0.114840280298072,-0.0115154547248232,0,-0.035487925772908,0,-0.231879674717686,0,0.0313193477741418,0,0.184817972106648,0,0.0202539507443026,0.00674155057629305,-0.123452070029584,0,0,0.00955835428802188,0,-0.0315714826971909,0.000891938495651342,0,0,-0.189272801774207,0,0,0,-0.0171271331953497,0
0,0,-0.0969226743679526,0,-0.0123430462126821,0,0,0,-0.174750983649233,0,0,0,0,0,0,0.00108824250678321,-0.217745442940169,0,0,0,0.0469302928956328,-0.090953427834661,0,0,-0.0652916154856198,0,0,0,0,0,0,0.0224498083754909,0.103867044301968,0,0,0,0,0,0.194516746490011,1.32442375364411,-0.0173318097263513,-0.0451395550164888,0,0,0,-0.0233965978513084,-0.0533167261415858,0,0,0,0.091672823167875,0,-0.0706964822687651,0,0.0851052860534935,0,0,-0.0329978934185572,-0.109937839330845,-0.0254158705305602,0.186820355062814,-0.0848283888877018,0,0,0,0,0.0345303924352621,0,0,0,0,0,0,0.0638025467339474,0,0,0.0280558038612042,0,0.00695436882727434,0,0.028823594523916,0,0,0,-0.140867195654341,0.0463052303511254,0,0,-0.00734865914381709,0,-0.0518026531752013,-0.0587749814234237,0,0,0.0595460478136991,0,0,0,0.0983463613125999,-0.0591558595004422
0,0,-0.0507454583820789,0,0,-0.0831342663601907,0,0.135302876560439,0,0,0,0.0205436418115395,0,-0.13572124796217,0,0,-0.0239381447060189,0,0,0,0.068233079762803,0.00703036678401578,0,-0.100588760828096,0,-0.0151678590127988,0,0,0,0,0,-0.12470101037002,0.161027507528828,0,-0.0560435833985653,0,0.0609107012105423,0.01688892861422,-0.0639742585285399,-0.0173318097263513,1.24394376581125,0.0895284051219136,0,-0.0385761320810648,-0.000259023812721118,0,0,0,0,0,-0.00496493421346116,0.053969782357359,-0.0406221555015006,0.0381898060164363,-0.087495727504158,0,0.101044023272209,0,-0.0686398304067901,-0.000919267434716613,0.0197415138058833,0,0,0.0128811258382217,-0.10563715183682,0,0,0,0,0,0,0,0,0.0140115992192899,0,0,0.00331222900075611,0,0,0,0,0.106744477497138,0,-0.146724501437705,0,0,0,0,-0.0727855580455187,0,0,0,-0.0828923824393829,0,0,0.0415540257425295,0,0,0,0
0,0,0,0,0,0,0,-0.0760024029799254,0,0,0,0,0,0,0,0,0,0,0.0746345172076103,0,0,0,0,0,-0.0564020575096345,0,0.0564222569286299,0,0,-0.229632157880459,-0.23787447306746,0.050092377228521,0,0.0950421039643745,0,0,0,0,0,-0.0451395550164888,0.0895284051219136,1.24512677737604,0,0,0,0,0,0,0,0,0,0,0,0.102886435925429,0,0,0,0,0.0423602982145586,0,-0.149444390313935,0,0,0,0,0,0,0,0,-0.147551145399655,0.0707541343623989,0,0,-0.00850619787360692,-0.117447504807764,0,0.0301157870474013,0,0,0,0,0,0,-0.0462854542677209,0,0.0273222485298893,0,0,0.0869974135012429,0,-0.0847688435560744,0,0,-0.0244501398412046,0,0,0,-0.017941587549276,0,0.0798104641388598
-0.00178131131885709,0,0,-0.0613698648361719,-0.0333093572084139,0,0,0.0878062084156228,-0.0349959195637458,0,0,0,0,-0.0421703943466899,0,0,0,0,0.108838707216374,0.0235998058839682,-0.0341697825469995,0,0,0,0,0,0,0,0,-0.0743943215732532,0,-0.00381967891657081,0,-0.182304759738349,0,0,-0.124278359514371,0,0,0,0,0,1.23047547996177,0.0450185549836059,0,-0.0371144032954897,0.0501200168102977,-0.126454990975256,-0.0108070284591582,0.0816260798319994,0,0.0115646410710961,0,-0.188430085035279,0.00427024886192189,-0.0429217996308331,0,-0.215546581241095,0,0,0.0186346166192167,0,0,0,0,0,0,0,-0.117888732073033,0,0,-0.0192286424322752,0,0,0,0,0,0,0,0,0,0,0,0,0,0,0,0,-0.00781307892636211,-0.031024402914668,-0.0579199025846987,0,0,0,0,0,-0.0181693865361853,0.0721579591772662,0.00390000902050479,0
0,0.0112904115417217,0,0.0933676215570557,-0.0819031570164013,0,0,0,0,0,0,0,0,0,0,0,-0.0288312692465131,-0.043182798345891,0,-0.0244331789741704,-0.0513229222221642,0,0,-0.0970166660017784,0,-0.137299900049008,0,0,0,0,0,0,0.00658508533783864,0,-0.168920206599159,0,0,0.0261277909314662,0,0,-0.0385761320810648,0,0.0450185549836059,1.16363251786996,-0.0233790488883583,0,0,-0.00250242765767812,0,0.0196410260419915,0,0,0,0,0.0057751941940508,0,0,0.0522017932383923,0,-0.00367030370945745,0,0,0,0,0,0,0,-0.137980348909718,0,0,-0.0319378371096395,0,0,0,0,-0.058625183038819,0,-0.0939946232757294,0,-0.151822843229323,0,0,0,0,0,0,0,0,0,0,0,0,-0.0446386294280791,0.00876538737978892,-0.0156852992059102,0,0,0,0,0
-0.0134388309049297,0,0,0.00168958732547674,0.0458413537383198,0,0,0.0238716592531439,0,0,0,0,0,0,0,0,0,0,0.105917057226723,0,0,0,0.00455964468547423,0.00267105368849296,0,0,0.0723589422522085,0,-0.0970432241064661,0,0,-0.0857748909859683,0,0,0,0,0.127296563344971,0,-0.0485982569668013,0,-0.000259023812721118,0,0,-0.0233790488883583,1.10924922221963,0,0,0,0,0,0,0,-0.0348850734211849,0,0,-0.065515623010934,0,0,0,-0.0437426378691938,0,-0.0706600475176153,0,0,0.0152687924705336,0.0172994873885501,0,0,0.0585716952930794,0.0465815122040315,0,0.0678071148508964,0,0,0,0,0.0245356268116841,-0.0512346841455346,0.0560687382427261,0,0,0,0,0,-0.0327864753036245,0,0,-0.0352488089179549,0,-0.0630942447467457,0,0,-0.0420810335825157,0,0,0,-0.0958453714708857,0,0,0
0,0,-0.0916587217098926,0,-0.0561352238172772,-0.0135165544451051,0,0,-0.0129192674886111,-0.0600311876051907,0,-0.0312045978855262,0.135137181861408,0,0,0,0,-0.0422731129545707,0,-0.145088775409358,0,0,0,-0.0338176985230424,0,-0.222091737744634,0,0.174036050950823,0.0632633000431945,-0.0159312341283492,0,0,0,0,0,0,0,0,0,-0.0233965978513084,0,0,-0.0371144032954897,0,0,1.29168377510428,-0.0891325625972982,0,0,0,0,0.0488857054424901,-0.0290353279150488,0,0.0724008843234829,0,0,-0.0588320974401349,-0.00563847961964233,0,0,-0.0550401653338449,0.0387218639885576,-0.11491964363624,-0.138722118589078,0,0,0,0,0,0,-0.0686454031634218,0,0.0302559121362736,-0.134188488213015,-0.012960999760893,0,0,-0.150131619413914,0.0117353329958059,0.0157220039606326,0,0,-0.0610463600311194,0,0.15773471723433,0,0.01116733389059,-0.056410897073839,0.0364290627429982,0,0,0,0,0.0783532438008679,0,-0.0173772295419594,0,0,-0.0830389018910271
0,0,-0.170008656110704,0,0,0,-0.0172066895408466,0,0,0,0.116192084885016,0,0,-0.0502793329519548,0,0,-0.0217625695316194,0,0,0,0,0,0.0941546451519861,0,-0.0444133079311677,0,-0.0476338904140256,0,0,-0.0710854643747385,0.00245666177628809,0,0,0.0710117505220765,0,0,0.0388071960470835,-0.00611464896954049,0,-0.0533167261415858,0,0,0.0501200168102977,0,0,-0.0891325625972982,1.16667561617195,0,-0.0502304442301207,0.0734195528977631,0,0,-0.00515092577434309,0.0101496087860539,0,0,0,0,-0.083171167576105,0,0,0,0,0,0,0,0,-0.0262647771461344,0,0.0578225381344577,-0.0381007480128865,0,0,0,-0.0278206196499829,-0.00248828839780508,-0.0304539960729162,0,0,0,0,0,-0.00322321885399115,0,0.0891160125427283,0.146149072970248,0,-0.0496009732157086,0,0,0,0,0,0,0.0278495046391853,-0.0230647455922696,0,0,0,0.169713937889806
0,0.103034155429247,0,0,-0.119979963817922,0.0847827011878553,0,0.0478709837875666,0,0,0,0,0,0,0.101025191576799,0,0,-0.00312105106399753,-0.106823077768721,-0.00886179734059708,0,0,0,-0.0707307835531776,0,-0.136085682392269,0,0.0061775724950727,0,0.115466746363162,-0.306813130548101,0,0,0,0,0,0,0,0,0,0,0,-0.126454990975256,-0.00250242765767812,0,0,0,1.46208977756068,-0.0839558808161023,0.00727865808152548,-0.114132987525618,0,0,0,0,0,-0.0345124005336415,0.0135846563841204,-0.145339154184285,0,0,0,-0.000249127537829968,0.10384268445888,-0.0389988903243761,-0.156056682515988,0,0,-0.146475682207012,0,0,0,0,0,0,0,0,0,-0.00254674450692898,0,0,-0.108859508528212,0,0,0,-0.10531545329044,-0.0264186325757743,0,-0.100925866485552,0,-0.0688146570135832,0.0437656524990273,0,0,0,0,0,0,0,-0.126893810247668
0,0,0.29561533808614,-0.00381417747899927,0,0,0,0,0.135088332738063,-0.0813557412514326,0.106226852381815,-0.126234002439499,0,0,0,0,-0.314959493902828,0,-0.0766109619532175,0.0161023627734623,-0.180677501471899,0,0,0,0,0,0,0.00246039758657491,0,0,0,-0.0711390728274014,0,0,0,0,-0.10411911217419,0,-0.0293576647575303,0,0,0,-0.0108070284591582,0,0,0,-0.0502304442301207,-0.0839558808161023,1.55067283524513,-0.108974369547599,0,-0.0345650451389321,0,0,0,-0.216301182266132,0,0,-0.0266504356173923,-0.0708131647239097,-0.13000077810403,0.0110338640044402,0,0,-0.0095792135743208,0,-0.103976978689565,0,0,0,-0.0502810387521086,0.0746616203474273,-0.00936067389664997,0,0,0,-0.0320368459659914,0,0.0519248975183167,0,0,0,0,-0.110308010373572,0.0928364933158242,0,0.00536011876735863,-0.0632775165087263,0,0,0,0,0,0,0,-0.0500441107815118,0,0.31598723302707,0,0
-0.012654434593141,0,-0.159536455905701,0,0,0,0,0,0,-0.00160154825872272,0,0,0,-0.0388584716870822,0,0,-0.057479990882903,0,0,0,0,0,0,-0.133817487414152,0,0.053354426414333,0,0,0,0.00975709617444393,0.144603085698919,-0.12835820519444,0,0.0288286865204489,-0.045351501578418,0,0,0,-0.121087315091142,0,0,0,0.0816260798319994,0.0196410260419915,0,0,0.0734195528977631,0.00727865808152548,-0.108974369547599,1.1954687014466,0,-0.00788060642035285,0,0,0.0157550519099753,0,0,-0.0713904206270709,0,0,-0.0266496555079383,-0.0237218110887428,0,0,0,0,0,0.122263905329552,0.0671272823628462,-0.106517234172133,0,0,0,0,0.08424628557511,0,-0.0062687088231316,0,0,0,-0.0273022027304015,-0.083494657138495,0,0,0,0,0,0.00153851372793511,0.00968834202791553,0,0,-0.00891346209083846,0,-0.0874561744035489,0,-0.102310071269031,0.00706926808239963,0,0,0
