"X1","X2","X3","X4","X5","X6","X7","X8","X9","X10","X11","X12","X13","X14","X15","X16","X17","X18","X19","X20","X21","X22","X23","X24","X25","X26","X27","X28","X29","X30","X31","X32","X33","X34","X35","X36","X37","X38","X39","X40","X41","X42","X43","X44","X45","X46","X47","X48","X49","X50","X51","X52","X53","X54","X55","X56","X57","X58","X59","X60","X61","X62","X63","X64","X65","X66","X67","X68","X69","X70","X71","X72","X73","X74","X75","X76","X77","X78","X79","X80","X81","X82","X83","X84","X85","X86","X87","X88","X89","X90","X91","X92","X93","X94","X95","X96","X97","X98","X99","X100"
1.1732480080069,0,-0.156026630746146,0,-0.0430772654726393,0,0.0935049109765611,0,0,0.112361719628253,0,0,0,0,-0.116801175154603,-0.0240653578854124,0.120632622958026,0,-0.0251087704598382,-0.0401298818128563,0,-0.151458801125833,0,0,-0.0240852239639207,0,0,0,0,0,0,0,-0.046116871026891,0,0,0,-0.0480079046213115,0.0278316430946265,0,-0.00263264310804943,0,-0.0949977638014627,0.0416936624068771,0,0.01798442082956,0,0,0,-0.0371851193310499,0,0,0,-0.0014924886312383,0.0261850786481616,0,0,0,0,0,-0.0663946490359407,0,0,0,0,0.0739048044900982,0,0,0,0,0,0,0.110567701575757,0,-0.021596924204465,0,0,0,-0.161592753405435,0,0,0,0.0969936303451361,0,-0.0646675326708998,0,0,0,0,0,0.0358100444622575,0,0,0,-0.0158619148593484,0,0.0131637914928539,-0.0177857394568574,0,-0.107449904614383,0
0,1.15311322210359,0.11234933267373,-0.0312494820128378,-0.0277327987696579,-0.0682466157033367,0,0.186511606991575,0,0,0,0,0,0,0,0,0,0,0,0,0,0,-0.0684685454771951,0.0479601881821498,0,0,-0.0422479486958811,0,0.00342063983568932,0,0,0.0118801189298429,0,0,0,0.00314781836487673,0,0,0,0,0,-0.0331641729439861,0,-0.034131661597349,0,0.0103513675483319,0,0,0.0273037369663617,-0.112876045782655,0,0,-0.0407298491917421,0,0,0,0,0,0,0,0,0,0,0,0.0400209454917009,0,0.0717504660389646,0,0,-0.00944300499886204,-0.00492760905670949,0,0,-0.114197603247088,0,0,0,0,-0.0394443382456636,0,0,-0.0288077445766836,0,-0.111525989814866,0,0,0,0,0,0,0,0,0,-0.0700246436474995,0,0.0085530469175358,-0.0393337827599722,0.0172293509965551,0,-0.139868279530536
-0.156026630746146,0.11234933267373,1.36181520666641,0.0149265449077789,0,0,0,-0.0548967595558109,0,0,0,-0.022610023933262,0.0906307836655245,0,0.287925290238414,0,0,0,0,0,-0.0437230139700045,0,0,-0.0327860293209411,0,0,0,-0.078336743399971,0,0.0314302749060405,0,0,0,0,0,-0.109526823094342,-0.0194482789150521,0,0,-0.245277474966688,-0.141603187822707,0,0,0,0,0,0.0707100590527044,-0.0381784473997049,0,0,-0.0863375036409871,0,-0.0405499512634185,0,0,-0.023234897398901,0.0564404899375209,0,0,0,0,0,-0.00763454123958406,0,0,0,0,0.0130642997659736,0,0.0993196019844698,0,0,0,-0.0362260314094024,0,0.00400389559737212,-0.000875991665218018,0.303412574541733,0,-0.0059379359962203,0,0,0,-0.160310430237962,0,0.0114457003038116,0,0.0632511301609069,-0.108247297657963,0,-0.0619413118394072,0,-0.0883679205331691,0.0103676652692826,0,0,0,0,-0.000879494888534797,0
0,-0.0312494820128378,0.0149265449077789,1.17904238369291,0,0,0,0,0,0,0,0.039238236842748,0,0.0120362065177647,-0.0689813284745349,0.04484060977276,0,0,-0.10002543235137,0,0,0,-0.168897508296047,0,0.0294529710908352,0,0.00543526456855236,0,0,0,0,0,0,0,0,0.0038982321385115,0.146773792448021,-0.0365117424059796,-0.0426460258473257,0,0,0,0,-0.0297830076591752,0,0.0107263500459057,0.0140120496745336,0,0.119567540970112,-0.0909343054002744,0,0,0,0.023487318328528,0,0.0509381950822516,0,0.011937214033449,0,0.0932256699277652,0,0,0,0,0,0,0,0,0,0,0,0,0,0,0,0,0,-0.0907046143447906,0.046597440442749,0,0,0,0,-0.165156207242883,0,0,0,-0.103293120364012,0,0,0,0,-0.0434637647115717,0,-0.00500737599437931,0,0,0,0,0
-0.0430772654726393,-0.0277327987696579,0,0,1.17821162998984,0.0247065385520133,0,0,0,0.063098889721866,0,0,0,-0.118427170536297,0,0,0,0,0,0,0,0,0,0,0,-0.0285070692824234,0,0,0,0,-0.0462710115357209,0,0,0,-0.0567934555638523,0,0,0,0.0640420489374843,0,0,0,0,0,0.0804281490762266,0.126257703158662,0,0,0,0.0391168306041273,0.0197166893558873,0.0598588794380601,-0.0214509714434138,0,0,0,0,0,-0.0345994491510061,0.0227068238392306,-0.0525170457132614,0.040353023156326,-0.0161785092858873,-0.0210448242841422,0,0,-0.0604232527768234,-0.0134161193817303,-0.0180192874974218,-0.0547918998093714,0,0,0,0,0.22227893457534,0,0.0194816432048788,0.143044934040199,0,0,0,0,0,0,-0.0280434278677419,0,-0.0434548238324225,0.00493717176906321,-0.0423594161873285,0,0,0.00638601851632394,0,0,0,-0.120068556116994,0,-0.00851384308328987,0,-0.0606405055752561
0,-0.0682466157033367,0,0,0.0247065385520133,1.21194620059725,0,0,0,0,0.014849311751051,0,0,0.0405475200963953,0.13433928848577,0,0,0,0,0,0,0,0,0,0,0,0,0,0,-0.139884150295617,0,0,-0.0442161141383048,0,0,0,0,0,0,0,0,-0.138283276645557,0,0,0.0203119527688063,0.144505886717601,0,0,0,0.249471849488012,0,0,0,0.0867248538619607,0,-0.175897425516657,0,0.0241646636471788,0,0,0,0.0445774673166898,-0.0238603627362579,0.0880038492600274,0,0,0,-0.0984286368293515,0.00662495784926778,0,0.0109741697577725,0,0,0.0726331774080873,0,0,0,0.0292126828848988,0,0,-0.0135755360001187,0,0,-0.00675457822234249,0,0.0911013494582552,0,0,0,0.0632650210971825,0,0,0.026547652478505,0,0,0,0.00807859086199333,0,0,-0.0323165013484511
0.0935049109765611,0,0,0,0,0,1.11366712072898,0,0,0,0,0,0,0,0,0,-0.166708510849233,0,0,0,-0.00792583182600514,0,0.0845539750977477,0,0.0368954775636375,0,0,0.0450068623612997,0,0.0166094545901813,0,0,0,0,0,0,0,0,0,0,0,0,0.00635410514136591,-0.064526861348059,0,0,0,-0.0454164312240486,-0.0197301147564631,-0.0204041083926567,0,0,-0.0551877407538359,0.0268210251227644,0,0.0721485403821169,-0.15560150012675,0,0.0128434797346981,0,-0.00502823390016972,0,0,-0.0413348401981366,0,0,0,0,0,0.00929797758189321,0.0692576293016596,-0.0197202510854243,0,0,0.0649707815192416,0,-0.0139254607596732,0,0,-0.00970713775999362,0,-0.034860763843737,0,0,-0.0443226347167222,-0.0382271090526284,0,0,0,0,0,0,0,0,0,0,0.00935354553930597,0,0,0
0,0.186511606991575,-0.0548967595558109,0,0,0,0,1.30180392393234,0,0,0,0,0,0,0,0,0,0,0,0,0,0,0,0.145585432639294,0,0,0,0,0,0.00716193527317679,0,0,0,0,-0.0938980237089241,-0.0655562621616887,-0.208285676888027,-0.0251917644093048,0,0,0,0,-0.0295016073139269,-0.0771707028093497,0,0,0,0,0,0,0,0.019343087029544,0,0.0642738577609828,0,0,0.0299768854925539,0.00749220804885447,0,-0.0792821593883862,0,0,0.20240619863338,0,0,-0.0527565314446067,0,0,0.130726391633054,0,0,-0.0617196442541266,0.0373339416843565,0,0,-0.050846627720234,0,0,-0.0070277132593911,-0.0587029489039591,0,0.124815682880665,0,0,-0.0656052993171517,0,-0.133105385114509,0,0,-0.0171308573106622,0,0,0,0.0285663597855811,-0.046968757423569,0.0185983316563475,0,0,0.141174143577968,0.128247736435342
0,0,0,0,0,0,0,0,1.21478851005551,0,-0.065258308493595,0,-0.105138980391845,-0.0156575364389925,0,0,-0.052069196219124,0,0,-0.0212226289358055,0,-0.00122285324876808,0,0,0,0,0,0,0,-0.00594655796865948,-0.0395136035354497,0,0,0.0505938377316904,0.28439003221339,0,0.046217399149185,0,0,0,0,0,0,0,0,-0.012723196956223,0,0,0,-0.11049296752476,0,0,0,-0.00869854805416605,0,0,0,0,0,-0.10566375334975,-0.0211241785896329,0,0,0.0788519937326551,0,0,-0.0699679095708121,0,0,-0.0547123654937689,-0.0242143040572191,0,0,0.119279573027936,0.205861149781408,0,0,0,-0.0201835545353038,0,0.050892318358552,0,0,0,0,0,0,0,0,0,0.00162620007819764,0,0,0.130112607840454,0,0,0.0682201711560433,0,0.0534816187978445,0
0.112361719628253,0,0,0,0.063098889721866,0,0,0,0,1.11686822093064,0.0369042386345272,-0.0135716853464316,0.0199399492143346,0,0,-0.00387925557505767,-0.0233114357241338,0,0,0.00900550221790737,0,0,0.000952532891067214,-0.0349801875247474,0,0,0,0.0102575778238729,0,0,-0.00346617440383949,0,0,0,0,0,0,0,0,0,0,0.0343823949858233,-0.00814261141947303,0,0,0.0217634867779908,0,0,0,0,0,0,0,0,0,0,0,0.0512173378097763,-0.0664648349673972,-0.00390971185833976,0.0734086679984925,0,0,0,0.0451962403803627,0,0,0,0,0,0,0,0,-0.170328911771094,-0.039949275943998,0,0,0.115762577611507,0,0,0,0,0,0,0,0,0,0.0892190977180935,0,0,0,0,-0.0283561876539841,0,0,0.0479758229972474,-0.0752504305408823,0,0.0560965575841678,0
0,0,0,0,0,0.014849311751051,0,0,-0.065258308493595,0.0369042386345272,1.36982420746418,0,0,0,0.278368449508932,0,0,-0.0823568974040884,-0.0115601059391268,0.0226656891292115,0.058207825557309,0,0,0,0.114331692255761,0.0551276211387209,0,0.0299834277811143,0,0,-0.0600730843417858,0,0,0,0,0,0,0.0165448568565989,0,0.00908751857925429,0,0.159458157038665,0,-0.0500282168960023,-0.160439072933125,-0.124747307495007,0,0.00202552429684277,0,-0.0183881459071939,0,-0.0870711607570357,0.0754347681406755,-0.0135561212621703,0,0,0,0,0.121606812770063,0,-0.00981408085235289,0.0346100596749031,0.0522102066282591,0,0.0730967715000377,-0.156941772170952,-0.0152352134726103,0,0,0,0,0,0,0,0,0,0,0,0,0,0.000338436785279059,0,0.10683039729534,0,0,0.0703417301142834,0,-0.0573599951926979,-0.00115735051408729,0,0.134347161226101,0,0,0,0,-0.0145313229714639,-0.204300245782174,0,0,0
0,0,-0.022610023933262,0.039238236842748,0,0,0,0,0,-0.0135716853464316,0,1.15597431604989,0,0,0.118795382108075,-0.0161626274763981,0,0,0,0.054341190605141,0.0233179628328385,-6.74229949792669e-05,0,0.0517181984612348,0,0,0,0,0,0.0153534226703498,0,0,0,0,0,0,-0.0582695308609267,0,0,0,0,0,0,-0.000542146279822737,-0.0447568478337717,0.0122395770104565,0,-0.134179170836698,0.0624573769669839,0,0,0,-0.0259319074125461,0,0.0860214423404886,0,0,0,0,-0.0849310994682166,0,0.00322739462667395,0.0920979291613605,0,0,0,0,0.0782062267039837,0,0,0,0,0.0505181543597474,0,-0.16506216104495,0,0,0,-0.0226293771972998,0,0.0346691129742996,0,0,0,0.0945779258714594,0,0,0.153672256137478,0,0,0,0,-0.0526377347920007,0,0,0.0232905366454741,0,0,0,0
0,0,0.0906307836655245,0,0,0,0,0,-0.105138980391845,0.0199399492143346,0,0,1.228130946416,0,0,-0.0769878263173732,0,0,0,0,-0.00912870235623006,0,0,0.181054359482539,0,0,-0.0328197161970634,0,0,-0.078646981514329,-0.0373240040407112,0,-0.0629116901882835,0,0,0.025262386559079,0,0,0,0,0,0,-0.0183155596586633,0,0,0,0,-0.114425135138488,0,0,0.133003580987396,0.177071202505221,0,0,0,0,0,-0.00929930450716128,-0.0731623122186329,0,0,0,0,0.0400339434940095,0,0.160811991831897,-0.0261900909816332,0.0982282262219239,0,0,0,-0.0348703374718275,0,0.00329505202021668,0,0,0,-0.00462125105825042,-0.0739572605884035,-0.0199234453726716,0.000288769886738664,0,0,-0.0474292126440502,0.07357095990311,0,0.0587290451394549,-0.0237807577618454,0.00440353046607494,0,0.0109787565551673,0,0,0.0245184939165984,0,0,0.0520413384881962,-0.126312886652345,-0.0713542319021676,0
0,0,0,0.0120362065177647,-0.118427170536297,0.0405475200963953,0,0,-0.0156575364389925,0,0,0,0,1.11739608071954,0,0.0848418065161919,0,0.0695986732388561,0,0.0362087366122676,0,0,0,0,-0.0134932068378934,-0.00453870246233481,0,0,0,0,0,0,0,0,0.128829878224164,0,0,0.152925060814317,0,0,0.0277782151080969,0,0,0,0,0,0,-0.0256795489086894,0,0,0,-0.0879485691431548,0,-0.0594267824757448,-0.0501265001987952,0.0292899017703139,0,0,-0.033428096258308,0.0234740703584239,0,0,0,0,0,0,0,0,0,0,-0.0235760646747845,-0.019466704095875,0,0,0,0,0.0397646223635048,0.151048382188985,0,0,0,0.0310847180166114,0,0,0,0,0,0,0.0307427693922155,0.0156026528348883,0,0,0,0,0,0,0,0,0,0
-0.116801175154603,0,0.287925290238414,-0.0689813284745349,0,0.13433928848577,0,0,0,0,0.278368449508932,0.118795382108075,0,0,1.67846450628017,0,0.000470552146147149,0,0,0,0,0,0,0,0,-0.0272276366157073,-0.115251372465727,-0.0142335909806351,0.0969250357988775,-0.176379603061266,0.0368597740884707,0,0,0,-0.0359371064723684,0,0,0,0,-0.142844632605501,-0.0373183836613604,0,0,0,0,0,-0.0269791448031963,0,0.210460603235552,0,0.073049175069807,0,0,0.0882442434873577,0.0894198511778589,0,-0.0204356493808605,0,0,0,0,0,-0.0588950252555171,-0.0273983178777731,0,0,0,0,-0.0496895610279011,0,0,-0.261135204579088,0,-0.131986552248262,0.223445356685029,0,-0.0461939995809423,0,0,-0.0823273832690255,-0.0440020796364716,0,0,0,0,0,-0.0365208557846362,0,0,0,-0.142651742597617,0.0372617562960173,0.0375696592138656,-0.293828752704488,0,0.294924711122776,0,0,0,-0.088384113727437
-0.0240653578854124,0,0,0.04484060977276,0,0,0,0,0,-0.00387925557505767,0,-0.0161626274763981,-0.0769878263173732,0.0848418065161919,0,1.16320968608339,-0.225088878280548,0,-0.0182904630893099,0,0,-0.0163965035366093,0,0,0,0,-0.0773359576130336,0.00787937142676755,0,0.0183995817504755,0,0,-0.00348641929339079,0.0232250712912388,0,-0.10314964118838,0,0,-0.0910606986528518,0,0,0,0,0,-0.0222058780307412,0.0309602388998091,0,-0.0228889498400905,0,0,0,0,-0.0255256264991869,-0.0208087884046055,0,-0.0136628941678836,0.101202742198879,0,0,0,0,0,0,-0.0138013906431794,0,-0.099579485013869,0,0,0,0,0.0139057181546756,0.0305706514914629,0.140356917173632,-0.00312316624654855,-0.009674941696301,0.0255538517130546,0,0,0,0,0,0.115353619743356,0.0214544446779808,0,0,0,0,0,0,0,0.0269652766265702,0.0592423747300422,0,0,0,0,0,0,-0.0333018023863519,0
0.120632622958026,0,0,0,0,0,-0.166708510849233,0,-0.052069196219124,-0.0233114357241338,0,0,0,0,0.000470552146147149,-0.225088878280548,1.33079821610584,0,0,-0.00819920820221512,-0.0483444776744223,-0.0076311726960335,0.0591808221965039,0.119739951873336,0,0.0153754899023723,0,-0.0701169512573003,0.0728049172424164,0,0,0.098064273822594,0,0,0,-0.149283391264611,0,0,0,0,0,0.0382625812124358,0.0456932375757592,-0.16738855295602,0.0368055842334322,0,0.0582683119580618,0,0,-0.0302519515022542,0.0613209198075628,0,-0.0187757793122295,0,-0.0153252751559549,0.0799404131403132,0,0,-0.0371739940918579,-0.0497616428296316,0.135725135506293,0.0222300225876396,0,0,-0.0289627205438022,0,0.108622529429347,0,0,0,0.0236783143155638,0.0356000250584849,0,0,0,0.0272913547360467,0,0.0819319006637834,0,0,-0.0220136676236768,0.0426879685963704,-0.179994679657726,-0.0564700811478576,0,0,0,0,0,0,0.0299818319174021,0.019540119831333,0,0,-0.10175394347609,0,0,0,-0.0586803455614953,0
0,0,0,0,0,0,0,0,0,0,-0.0823568974040884,0,0,0.0695986732388561,0,0,0,1.12621777973684,0,0,0,0,0.0990136131351606,0,0,-0.0542001105629082,0,0,0,-0.109472776517546,0,0,0,0,0,0.0159574780632287,0,0,0,0,0,0,0,0,0,-0.100771215039788,0,0.0744935132507174,0.190701056565958,-0.067776059332356,-0.0538925963322979,0,0.042505300102074,0,0,0,0,0,-0.0294964972050003,0,0,0,0,0,0,0,0,0,0,0.0677756418306644,0,0,0,0,0,0,0,0.0399495514080546,0,0.0527232381456648,-0.0183375434689454,0,0,-0.012106298459768,-0.0627184670307388,0,0.0606617382722052,0,0,0,0.0611266557504463,0,0,0,0,0,0,0,0,0
-0.0251087704598382,0,0,-0.10002543235137,0,0,0,0,0,0,-0.0115601059391268,0,0,0,0,-0.0182904630893099,0,0,1.16037267371131,0,0,0,0,0,0.0821551205036112,0,0,-0.0178878448414071,0,0.00282908525271587,0,-0.0277504673700078,0,0.000140519524761815,-0.136767562243105,0.00118024453584979,-0.00297866713146913,0,-0.0761144847113311,0.00957261296417332,0,0,0,-0.0331992298374423,-0.00926092845434743,0.0493972404767747,0,0.0353606444515211,0.0170381046738902,0,0,0,0,0,0,0,0.0480424529200577,0,0,0,-0.303918362629794,0,0,-0.000961421865714371,0,0,0,0,0,0,0.0525957269566466,0,0,0.0503090240132784,0,0,0,0,0.119221968268978,0,0,0.0296887902540993,0,0,-0.0214768381034392,0,0.0102184349624573,0,-0.0315683958953587,0.0283862839612575,-0.0163727710256854,0.0340099541067237,0,0,0,0,0,0,0,0
-0.0401298818128563,0,0,0,0,0,0,0,-0.0212226289358055,0.00900550221790737,0.0226656891292115,0.054341190605141,0,0.0362087366122676,0,0,-0.00819920820221512,0,0,1.17942204296029,-0.0722165836218463,0,0,0.00934016375055495,0,0.0357789237318423,0,0,0,-0.0658582828374632,0,0,-0.00917068771658727,0,0,0,0.0204730156937535,0.0408526177643272,0,-0.00908300309814395,0,0,0.022860724283474,0,0,0,0,0.0823111482342877,-0.000147128040778103,0,0,0,0.0337509947147338,0,-0.06757936943654,0,0,0,0,-0.0514129379737089,0,0,-0.00803928151416597,0.142329271568339,-0.0787011492634775,0,0,-0.0766052398887735,0,0.0349317530274775,0.0376062265982971,0.150007205312723,0,0.19654517042475,0,0,0,0,0,0.0503781248660033,0,0,-0.0904505207098609,0,0,0,0,0,0.0889094535097857,0,0,0,0.0792839466921828,0,0,0,0.0445742580939476,0,0,0
0,0,-0.0437230139700045,0,0,0,-0.00792583182600514,0,0,0,0.058207825557309,0.0233179628328385,-0.00912870235623006,0,0,0,-0.0483444776744223,0,0,-0.0722165836218463,1.1711461694864,-0.0681977989792506,0,0,0,0,0,0,0,0.0812878712847475,0,-0.0293944992887801,0,0,-0.0397803422453928,0,0.0185135231788523,0,0,-0.0269788691597588,0,0,0,0,0.0762840931159001,0.112203083566065,0,0,-0.00937430273808294,0,0,0,-0.170011789020289,0,0,0,0,0,0,0,0,0,0,0,-0.0278382115354691,0.0416571565378614,0,0.0290324852226057,0,0,0,0,-0.0211207262420043,0.0919732435061153,0,0,0,0,0.0382614937858001,-0.0310061064932911,-0.0377366877972602,0,0,0,-0.117691782680576,0,0,-0.012079720090337,0,0,0,0,0,0,-0.0781806666783335,0.155735602764734,0,0,0,-0.147235006653511
-0.151458801125833,0,0,0,0,0,0,0,-0.00122285324876808,0,0,-6.74229949792669e-05,0,0,0,-0.0163965035366093,-0.0076311726960335,0,0,0,-0.0681977989792506,1.13149031349452,0.0866084386019456,0,0,-0.101629338906049,0,0,0,0.0410216254175453,0,0,0.036285656688831,0,0,0.000542754189343238,0.0689833945086484,0,0,0,0,0,0,0,0,0,0,-0.00242944026269198,-0.0360020503734815,-0.0436563542436377,0,0,0,-0.00331684218479089,0,0,0.0175865874136711,-0.0108821002856331,0,0,0,0,0,0,0,0,0,0,0,0,0,0,0,0,-0.200239830711136,0,0,0,-0.0248117427578328,0,0,0,0,0,-0.189611045153731,0,0.0595132467843064,0,0.0987238151154544,0,0,0,0,0,0,0,0,0,0,0
0,-0.0684685454771951,0,-0.168897508296047,0,0,0.0845539750977477,0,0,0.000952532891067214,0,0,0,0,0,0,0.0591808221965039,0.0990136131351606,0,0,0,0.0866084386019456,1.20617657613456,0.10286274253774,0,0,-0.0501074832483647,0,0,-0.139379066597777,0,0,0,0,-0.131861905342781,0,0,-0.0879299519082106,0,0,-0.138363809176058,-0.0648083833301843,0,-0.0148087800619433,-0.0532703974611669,0,0,0.0465880679113245,0,0,-0.0500093710702394,0.00491548128462117,0,0.116818602914516,0.0186918267223102,-0.0730747601456482,0,0,0.0209448048469647,0.0647184262865154,0.0403922095895177,0.0154300702616546,0,0.0584922234957792,0,0,0,0,0.0765498289270784,0,0,0,0,-0.0207665444882994,-0.00525927847275705,0,0,-0.047454050476184,0,0,0.0149122037743381,0.0172037064587358,0,0,0,0.042517532986558,0,-0.0681100956711695,0,-0.0567047363608707,0,0,-0.0153233297509413,0,0,0,0,0,0,0
0,0.0479601881821498,-0.0327860293209411,0,0,0,0,0.145585432639294,0,-0.0349801875247474,0,0.0517181984612348,0.181054359482539,0,0,0,0.119739951873336,0,0,0.00934016375055495,0,0,0.10286274253774,1.14303847682237,-0.00612054941449578,-0.0756838743939756,-0.0892968933262383,0.02387694828734,0,0,0,0,0,0.0326917190969479,0,0,0,0,0,0,0,0,-0.0244531585362476,0.0121732401757336,0,0,0,0,0,0,0,0,0,0,0,-0.0773068036561544,0,0,0,0,0,0.0704765802794841,0,0,0,0,0.000722557379098289,-0.090236649926075,0,0,0,0,0,-0.123878661314339,0,0,0,0,0,0,-0.0213036379477364,0,0.0260059284525769,0,0,-0.0234891069927914,0,0,-0.00711680439581377,0,0,0,0,0,0,0,0,-0.0103662980217491,0.0426985506567728,0
-0.0240852239639207,0,0,0.0294529710908352,0,0,0.0368954775636375,0,0,0,0.114331692255761,0,0,-0.0134932068378934,0,0,0,0,0.0821551205036112,0,0,0,0,-0.00612054941449578,1.1453556397084,0,0,0,-0.00975776255292449,-0.112037600361867,0,0,0,0,0,0,0,0,0,0,0,-0.0244969518509155,0,0,0,0,0,0,0,0,0,0,0,0,0,0,0,0,-0.049027754210636,0,0,0,-0.0633558116357529,-0.0315420559220741,0,0,0,-0.114131758375866,0,0,0.0116606199896354,0,0,0,0,0,0,0,0.188719657732421,0,0,-0.03379088600846,0.0188778522563685,0,0,-0.170467361400756,-0.057157671844679,0,0,0,0,0,0.0605263712339129,0.055519026293367,0,0.0585759973776339,0,0,0,0.0370343613678776
0,0,0,0,-0.0285070692824234,0,0,0,0,0,0.0551276211387209,0,0,-0.00453870246233481,-0.0272276366157073,0,0.0153754899023723,-0.0542001105629082,0,0.0357789237318423,0,-0.101629338906049,0,-0.0756838743939756,0,1.23090762881,-0.0545183557687424,0,0,0,0,0,0,0,-0.0698428867495389,0.051265315533386,0.108521744490716,0,-0.227854267113175,0,0,0,-0.0876128532770335,0,0,0.26936249227652,0,0,0,0,0,0,0,0,0,0,0,0,0,0,0,0,-0.108215637332655,-0.0166900665168545,0,0,-0.14104396592787,0,0,0,0,0,0,0.0112013239619313,-0.0193419416215245,0.0232035296959057,0,0,0.028604682143071,0,0,0.0389603653157947,0,0,0,-0.0890804301573949,-0.0692214155710311,0,0,0,-0.0814820527147317,0,0,0,0,0,0,0.0293989647016143,0,0
0,-0.0422479486958811,0,0.00543526456855236,0,0,0,0,0,0,0,0,-0.0328197161970634,0,-0.115251372465727,-0.0773359576130336,0,0,0,0,0,0,-0.0501074832483647,-0.0892968933262383,0,-0.0545183557687424,1.13380627712924,0,0,0,0,0,0,0,-0.132327701267634,0,0.043008165984111,0,0,0,0,-0.0513048144533703,0,0,0,0,-0.0292844590415422,0,0,0,0.0804771463788535,0,-0.0195948195156055,-0.184191143167543,0,0,0,-0.119265138793109,0,0,0,0,-0.0639269387680197,0,0,0,0,-0.00394390355545689,0,0,-0.0471904067183194,0,0,-0.00972513942667313,0,0,0,0,0,0,0,-0.0395807616381648,0,0,-0.0558506287130825,0,0,-0.0138633377669008,0,0,0,0,-0.0259618952964884,0.00818900436813431,0.0808961740504018,0,0.0014748045128364,0,0,0
0,0,-0.078336743399971,0,0,0,0.0450068623612997,0,0,0.0102575778238729,0.0299834277811143,0,0,0,-0.0142335909806351,0.00787937142676755,-0.0701169512573003,0,-0.0178878448414071,0,0,0,0,0.02387694828734,0,0,0,1.17030593738944,-0.184486152651451,0,0,0,0,-0.020325025051401,0.0535429843444681,0,0,-0.027706825024611,0.0110432385784502,0.0127232984532568,0,0.0309849635486497,0,0,0.0658790426153019,0,0,0,0,0,0,0,0.0574342813821446,0,0,0,0,0,0,0,0,-0.017116784199153,-0.0419630745450042,0,0.0755926477406699,0.0230240268239331,0,0.0645482974884772,0,0,0,0,0,0,0.213421226358216,0,0,0,0,0,0,0,0,-0.0728545476343203,0,0,0,0,0,0,-0.0200161213055992,0.126990330689862,0,0,0.0560003782731973,0,0,0.000907507804333706,-0.0957003236176681,0
0,0.00342063983568932,0,0,0,0,0,0,0,0,0,0,0,0,0.0969250357988775,0,0.0728049172424164,0,0,0,0,0,0,0,-0.00975776255292449,0,0,-0.184486152651451,1.18611480411151,0,0,0,0,0.104297374881935,0,0,0,-0.0148324971964025,0.0117814422929808,0.114053125649832,0.0975407994636436,0.0516209946461115,-0.0671318709813766,0,-0.00122675126909115,0,0,0.0111320143124995,-0.0235457906928546,0,0,-0.000896639218568314,0,0,0,0,0.00385711141252554,0,0,0,-0.09120392123598,0,0.0397027527124725,0,-0.0287775043713657,0.0476088528729793,0,0,-0.0531323712437422,0,0.0200357658118768,0,0,0,0.0177110833849114,0,0,0,0.0152834239592482,0.0614187855960274,0,0,0.000593258525667929,0,0,0,0,-0.0243406267781109,-0.0497109076852736,0,0,0,0,0.103546116217026,0,-0.102833327302846,0,0,0.0209566665631347,0.162666163146833
0,0,0.0314302749060405,0,0,-0.139884150295617,0.0166094545901813,0.00716193527317679,-0.00594655796865948,0,0,0.0153534226703498,-0.078646981514329,0,-0.176379603061266,0.0183995817504755,0,-0.109472776517546,0.00282908525271587,-0.0658582828374632,0.0812878712847475,0.0410216254175453,-0.139379066597777,0,-0.112037600361867,0,0,0,0,1.3578585924552,0,0,0,0.0267844586679507,0,0,0,0,0,0,-0.0438879347252622,0.101676386001132,0,0.019343987179385,0,-0.222754491229928,0,0.219631463987459,0.020566866460124,0,0,0,0.0205022823415442,0.0815189166352926,0,0,0.138563074596597,0,-0.008031794156955,-0.0369709789321368,0.0173564370223026,0,-0.107714766658818,0,0,0,0,0,0,-0.0526481841289044,0.117941512198106,-0.010476415222272,0,0,0,0.00692054203339886,0,0,0,0,-0.0416318518463765,0,-0.0804497528139477,0,0,0,0.0497324832640048,0,0.224400623976698,0,0,0.0635293537128289,0,0,0,-0.0971266516816237,0,0,0,-0.110241207396278
0,0,0,0,-0.0462710115357209,0,0,0,-0.0395136035354497,-0.00346617440383949,-0.0600730843417858,0,-0.0373240040407112,0,0.0368597740884707,0,0,0,0,0,0,0,0,0,0,0,0,0,0,0,1.13234959469426,0,0.0821100424616893,0,0.189722136876043,0,0,0,0,0,0.0139192697437057,0,0,0,0,0,0,0,0,0,0,0,0,0,0,0.121465078818877,0,0,0,-0.0103630906052658,0,0,0,0,0.082532398380026,0,0,-0.0325244908813444,0,0,-0.00694252364344874,0,0,-0.1952580452896,0,-0.0412027121895716,0.0797595622974339,0,0,0,-0.0268129811231628,0,0,-0.048345728476815,0,0,0,0,-0.0429208624913121,0.0191635086511576,0.0305285576808782,0,-0.0154083151967857,0,0,0,-0.0345873156415517,0,0,0
0,0.0118801189298429,0,0,0,0,0,0,0,0,0,0,0,0,0,0,0.098064273822594,0,-0.0277504673700078,0,-0.0293944992887801,0,0,0,0,0,0,0,0,0,0,1.09738361450106,0,0,0.0950005456771373,0,0,-0.0236355449271925,-0.118081827048989,-0.0186928246027299,0,0,0,0,0,0,0,0,0.0614371214773281,0,0,0.0549992454374997,0,-0.0232264452843452,0,0,0,0,0,0.00268482092880783,0,-0.0256743523708418,0,0,-0.00728440515290991,0,0,0,0,0,0,0.0253252984911633,0,0,0,-0.0507508709729114,0,0.0416383326019189,0.0876766014072516,0.0241928239625385,0,-0.0226065375377766,0,0,0,0,0,0,0,0,-0.149411574925066,0.0279200504318906,0,0,-0.0261963599168487,-0.0945836421509124,0,0.0131793250084609,0.11452934639939,0
-0.046116871026891,0,0,0,0,-0.0442161141383048,0,0,0,0,0,0,-0.0629116901882835,0,0,-0.00348641929339079,0,0,0,-0.00917068771658727,0,0.036285656688831,0,0,0,0,0,0,0,0,0.0821100424616893,0,1.24353069274798,0.0789253026147658,0,0.0408748822586422,0,0,-0.0823410874048162,-0.0948801561313403,0,0,0.0827678193661523,0,-0.0113980739968961,0,-0.0270116552883518,-0.103355178666811,-0.158570922310702,0.0302374505121219,0,0.0230574681487534,0,0,-0.0193063367407025,0,0,0.0292774236787698,0,0.0954871590767635,0,0,-0.264999356278695,0.0330499319380904,-0.0479576353975175,0,0,-0.024371517220895,0,0.178421269163853,0.0020843121605999,0,0,0,0,0,-0.0528177780069505,0,0,0,0,0,0.00911554780178895,0,0.0172010740194278,0,-0.0549523700835091,0,0,0,0,0.0191565688953198,0.0472112647836055,0,-0.0406298156898769,0,0,0,-0.0940362409107226,-0.0432237128227126
0,0,0,0,0,0,0,0,0.0505938377316904,0,0,0,0,0,0,0.0232250712912388,0,0,0.000140519524761815,0,0,0,0,0.0326917190969479,0,0,0,-0.020325025051401,0.104297374881935,0.0267844586679507,0,0,0.0789253026147658,1.24445891639604,0.153902352691518,0,0,0,0.0504640508018032,0,0,0.138720013019152,0,0,0,0.174939243568011,0.163576152801894,0,0.129892322619799,0,0,-0.0371445569266587,0,-0.0584378878666838,0,0,0,0,0.0288917035635774,0,0.0174151955699126,-0.00618286994952549,0,-0.0517594890902972,0.1041494448479,0,0,0.105742642626985,0,0,0,0.0253565619365888,0,0.147967735157738,0,-0.107712797663261,-0.0634610149231891,0,-0.0653329602757699,0,0,-0.0565727172078912,0,0,0.0114570029466699,0.010820206814429,-0.0102937952665963,0,0,-0.0169282024433779,0,-0.132189071611837,0.0391996331341304,-0.0467892195541226,0,0,0,0.0220279873705651,-0.0467192188795111,0.0353941355550858
0,0,0,0,-0.0567934555638523,0,0,-0.0938980237089241,0.28439003221339,0,0,0,0,0.128829878224164,-0.0359371064723684,0,0,0,-0.136767562243105,0,-0.0397803422453928,0,-0.131861905342781,0,0,-0.0698428867495389,-0.132327701267634,0.0535429843444681,0,0,0.189722136876043,0.0950005456771373,0,0.153902352691518,1.49640263160288,0,0,0.0721328279405035,0,0.0307616055664151,-0.105651048785384,0,-0.00218206936510919,0,0,0,0,0,-0.129989871724642,0,0,0,-0.211445217456018,0,0.0156416654715889,0,0,-0.103238576606478,0.0105750512556564,0,0,0,0,0,0,0,0,0,0.00534141250324093,0,0,-0.0514773409645685,0,0.171021663702685,0,0,0,0,0.0335593730849058,0,0,-0.0949482440083737,-0.0786377682861446,0,-0.0882187583815904,-0.15170687038012,-0.0565344988011662,0,0,-0.0845707855063339,0,-0.185916294002736,0,0.0553323007385915,-0.119717552062907,0.0328479558874986,0,-0.0375085242879715,0,0
0,0.00314781836487673,-0.109526823094342,0.0038982321385115,0,0,0,-0.0655562621616887,0,0,0,0,0.025262386559079,0,0,-0.10314964118838,-0.149283391264611,0.0159574780632287,0.00118024453584979,0,0,0.000542754189343238,0,0,0,0.051265315533386,0,0,0,0,0,0,0.0408748822586422,0,0,1.15368518632933,0,0,-0.174285917571985,0,0,0.100116558307972,-0.00632099432182739,-0.0320769434154278,-0.000451493197748005,0,0,0.0188554286154469,0,0,0,0,0,0,-0.00147564528827842,0,0.0246718442473664,0,0,0,0.0511831097996451,0,0,0,0.00269501990339043,0,0,0,0,0,0,0,0.054787391166708,0,0,0,0,0,-0.00244203562546997,0,0.0845559873410937,-0.101318711607686,0,0.0544800217412002,0,0.0659160659346374,0,0,0,0,0.122254478936805,0.00535292643989711,0,0,-0.0212463277536579,0,0,0,0,0
-0.0480079046213115,0,-0.0194482789150521,0.146773792448021,0,0,0,-0.208285676888027,0.046217399149185,0,0,-0.0582695308609267,0,0,0,0,0,0,-0.00297866713146913,0.0204730156937535,0.0185135231788523,0.0689833945086484,0,0,0,0.108521744490716,0.043008165984111,0,0,0,0,0,0,0,0,0,1.35051579854179,0,0,0,0,0,0,0,0,-0.0163866115735023,0,-0.0110493519920231,0,0,0,0,0,0,0,0.122477643979754,0,0,0,0.0498050004042725,0,-0.0678853101252591,0,-0.0998022949849985,0,0.0728710282224176,0,0.0837877059587728,0,0.00206972724021002,0,-0.032442757614695,0,-0.150143493374776,0,0,0,0,0,0,-0.235918016462064,0,0.022959354656078,0,0.0847052936355222,0.0605915203615707,0,0.067110472766972,0.0200973137836738,-0.0276910786482737,0,0,0.253989435049992,0,0,0.122008115989023,0,0.129754388143997,0,0.194795165583735
0.0278316430946265,0,0,-0.0365117424059796,0,0,0,-0.0251917644093048,0,0,0.0165448568565989,0,0,0.152925060814317,0,0,0,0,0,0.0408526177643272,0,0,-0.0879299519082106,0,0,0,0,-0.027706825024611,-0.0148324971964025,0,0,-0.0236355449271925,0,0,0.0721328279405035,0,0,1.12125700928225,0,0,0,0,0,0,0,0,0,0,0,0,0,0,0,-0.0235092421885863,0,-0.114933482396039,-0.0399801199926936,0.0485168667595666,0,0,-0.15593756451261,0,0,0,0,-0.0782720770013594,0,0,0,-0.000862310822379707,0,0,0.0020367734295509,-0.047709952454016,0,0,0,0,0,0,0,0,0,-0.0655896203559522,0,0,0,0,0,0,-0.133616080014604,0,0,0,0,0,0.0203783810122277,0,0,0
0,0,0,-0.0426460258473257,0.0640420489374843,0,0,0,0,0,0,0,0,0,0,-0.0910606986528518,0,0,-0.0761144847113311,0,0,0,0,0,0,-0.227854267113175,0,0.0110432385784502,0.0117814422929808,0,0,-0.118081827048989,-0.0823410874048162,0.0504640508018032,0,-0.174285917571985,0,0,1.4030490012519,-0.0690066932318749,-0.0276015226053088,0.0109739868369958,0,0,-0.0614404129278742,0,0.144135412887515,0,-0.0732157363838496,0,0,0.0349846318202547,0,0,0,0.220403768773571,0,0.22625825123595,0,0,0,0,0,0,0,0,0,0.0556797027765429,-0.0293317458346538,0.0560704292095031,-0.0449191397471715,0,0,0,-0.00436865867043868,0.070925212946082,0,-0.208258556933444,0.0739364189621536,-0.0861901637815885,0,-0.146764253745686,0,0,0.0568046572640979,0,0.0289921017122045,-0.0647603529507069,-0.170625754041357,0,0,0,-0.130762428671289,0,-0.119305197694842,0,-0.0859822148420282,0,0,0
-0.00263264310804943,0,-0.245277474966688,0,0,0,0,0,0,0,0.00908751857925429,0,0,0,-0.142844632605501,0,0,0,0.00957261296417332,-0.00908300309814395,-0.0269788691597588,0,0,0,0,0,0,0.0127232984532568,0.114053125649832,0,0,-0.0186928246027299,-0.0948801561313403,0,0.0307616055664151,0,0,0,-0.0690066932318749,1.29432360247312,0,-0.0340493557742558,0,0,0,0,-0.284470286979246,0,0,0,0,0,0,0,0,-0.0500651377249629,-0.0976583410276076,0,0,0,0,0,0,0.0508727414803926,0,0,0,-0.125789424840784,0,0.045478507216592,0,-0.0857973681987821,0,-0.0681752632648166,0,0,0,0.179238482287966,0.0230904076562353,0,0,0,0,-0.0210277432106489,0.0670598910607163,0.0525751027714536,0,0,0,0.0159174406145356,0,0,0,0,-0.0392457120441284,0.01948185548238,0,-0.0150218276301767,0,-0.0391721922413165
0,0,-0.141603187822707,0,0,0,0,0,0,0,0,0,0,0.0277782151080969,-0.0373183836613604,0,0,0,0,0,0,0,-0.138363809176058,0,0,0,0,0,0.0975407994636436,-0.0438879347252622,0.0139192697437057,0,0,0,-0.105651048785384,0,0,0,-0.0276015226053088,0,1.14938344332294,0,0,0,-0.0575184205025232,0.0291176344667607,0.0492053185066809,0,0,0,-0.0229177564418183,0,0,0.0282869882219331,0.0572304470343043,-0.0645914099570943,0.000742608972399641,0,-0.0160698292547602,-0.00766375921568599,0,0,-0.00592299555096062,0,0,0,0.0046127228691142,0.0550946569128049,0,0,-0.0728996819602901,0,0,0.00648895075835884,0,0,-0.041335030197164,0,0,0.00285755691422068,0,0,0,0,0,-0.20444776437709,0,0,0,0,0,0,0,0.0901604520335254,0,0,0,0,0,0.0539844358315414
-0.0949977638014627,-0.0331641729439861,0,0,0,-0.138283276645557,0,0,0,0.0343823949858233,0.159458157038665,0,0,0,0,0,0.0382625812124358,0,0,0,0,0,-0.0648083833301843,0,-0.0244969518509155,0,-0.0513048144533703,0.0309849635486497,0.0516209946461115,0.101676386001132,0,0,0,0.138720013019152,0,0.100116558307972,0,0,0.0109739868369958,-0.0340493557742558,0,1.28455235749024,0,0,0,0.0520264643033358,0,-0.153509575432213,0,0,-0.0244850322878159,0.051860541037688,-0.0892541776717896,0,0,0,-0.0903609478707103,0,0,0,0,0,-0.0394946595534438,0,0,0.150318831030322,0,0,0,0.0191063883054842,0,0,0,0,-0.130685964566106,0,0,0,-0.00108848200979555,0,0,0,0,0,0,0,0,0,0,0.094165920337681,0.143821016958539,0,0,-0.0980622911360472,0,0,0,-0.189875927620889,0,0.0244268070732181
0.0416936624068771,0,0,0,0,0,0.00635410514136591,-0.0295016073139269,0,-0.00814261141947303,0,0,-0.0183155596586633,0,0,0,0.0456932375757592,0,0,0.022860724283474,0,0,0,-0.0244531585362476,0,-0.0876128532770335,0,0,-0.0671318709813766,0,0,0,0.0827678193661523,0,-0.00218206936510919,-0.00632099432182739,0,0,0,0,0,0,1.06959111681267,0,0,0,0,0,0.0654097097269769,0,0,0,0,0,0,0,0.0625807546666783,0,0,0,0,0,0,0,0.082729763312342,0,0.0114300769838595,0,0,0,-0.112215012447264,0,-0.0103726389904798,0,0,0,0,0,-0.0718513753815118,0,0,0,0,0,0,-0.0389010199454396,0,0,0,0,0,0,0,0,0,0,0,0,0,0.0813818196376557
0,-0.034131661597349,0,-0.0297830076591752,0,0,-0.064526861348059,-0.0771707028093497,0,0,-0.0500282168960023,-0.000542146279822737,0,0,0,0,-0.16738855295602,0,-0.0331992298374423,0,0,0,-0.0148087800619433,0.0121732401757336,0,0,0,0,0,0.019343987179385,0,0,0,0,0,-0.0320769434154278,0,0,0,0,0,0,0,1.15111852174546,-0.10275955441996,0,-0.0537303454258628,-0.0501690476022169,0.0834252895165826,-0.0574407262840907,0.0947403106684532,0,-0.132276967014667,0,0,0.0151667349173344,0,0,0,0,0,0,0.0465460931081242,0,-0.0275251410771639,0,0,0,-0.0373128140975148,0.00347958978465043,0.0709845169760585,0.0916922735867083,0,0,-0.0287853099724582,0,0,0.00500123955656538,0,-0.0376187236349014,0,0,0,0,0,0.0265294910584651,-0.101699388053216,0,-0.0390672005734837,0,0,0.0618152749417187,0,0,-0.0111784105128605,0,0,0.0526627779212786,0,0
0.01798442082956,0,0,0,0.0804281490762266,0.0203119527688063,0,0,0,0,-0.160439072933125,-0.0447568478337717,0,0,0,-0.0222058780307412,0.0368055842334322,0,-0.00926092845434743,0,0.0762840931159001,0,-0.0532703974611669,0,0,0,0,0.0658790426153019,-0.00122675126909115,0,0,0,-0.0113980739968961,0,0,-0.000451493197748005,0,0,-0.0614404129278742,0,-0.0575184205025232,0,0,-0.10275955441996,1.16022974857116,0,0,0,0.159362575310381,0,0,0,0,-0.0632214574479756,0,-0.0005549468992595,0,-0.0163244484041012,0.0966286762320601,0,-0.103647767760838,0,0.0310858123584474,0,-0.111313036480367,0,0,0,-0.0921921727361102,0,0,0,0.00855390360935688,0,0,0,-0.0179874273940753,0,0,-0.0214688838669923,0,0,0,0.0414777860853549,0.0162586280352558,0,0.0458785960515492,-0.0538011467248295,0,0,0,0,0,0,0,0,0,0,0,0
0,0.0103513675483319,0,0.0107263500459057,0.126257703158662,0.144505886717601,0,0,-0.012723196956223,0.0217634867779908,-0.124747307495007,0.0122395770104565,0,0,0,0.0309602388998091,0,-0.100771215039788,0.0493972404767747,0,0.112203083566065,0,0,0,0,0.26936249227652,0,0,0,-0.222754491229928,0,0,0,0.174939243568011,0,0,-0.0163866115735023,0,0,0,0.0291176344667607,0.0520264643033358,0,0,0,1.49210911321943,0,0,-0.0139703382914337,0,0,0,0,0,-0.146634438997782,-0.0905596189667963,0,0,0,-0.165208714009222,0,0,0,0,-0.0539659238111382,0,0,0.0407957191369336,0,0.22961560150321,-0.0164442715319466,-0.0686418327608927,0,-0.115437953572571,0,0,-0.0810825340549393,-0.0391682566859278,0,0,-0.120102266138596,0,0,0,-0.181947053496611,0,0,0.0788998918478019,0,-0.0231461008883341,0,0.0237526132602168,-0.20975884188561,0,0,-0.118297671887547,0,0,0,0
0,0,0.0707100590527044,0.0140120496745336,0,0,0,0,0,0,0,0,0,0,-0.0269791448031963,0,0.0582683119580618,0,0,0,0,0,0,0,0,0,-0.0292844590415422,0,0,0,0,0,-0.0270116552883518,0.163576152801894,0,0,0,0,0.144135412887515,-0.284470286979246,0.0492053185066809,0,0,-0.0537303454258628,0,0,1.2743467441794,0,0.122448952675886,0,0.000399432517121557,0.0184420288351391,0,0,0,0,0,-0.0273274542008814,0.0405321578964649,0,-0.195468897803833,-0.00904604158424502,0,0.220030536329787,0,-0.0373389969819008,0.00342618260727134,0,0,0,0,0,0,-0.00827763998136671,0,0,0,0,0,0,0,0,0,0,0,0,0,0,0,0,0,0,0.0230407472056945,-0.0764588496025938,0,-0.0710651202111294,0.0463650308076717,-0.0784761160803026,0.0656804578111889,0
0,0,-0.0381784473997049,0,0,0,-0.0454164312240486,0,0,0,0.00202552429684277,-0.134179170836698,-0.114425135138488,-0.0256795489086894,0,-0.0228889498400905,0,0.0744935132507174,0.0353606444515211,0.0823111482342877,0,-0.00242944026269198,0.0465880679113245,0,0,0,0,0,0.0111320143124995,0.219631463987459,0,0,-0.103355178666811,0,0,0.0188554286154469,-0.0110493519920231,0,0,0,0,-0.153509575432213,0,-0.0501690476022169,0,0,0,1.18892873280645,0,0,0,0,0,0.0255939611451997,-0.0174126786947656,-0.0774712246932267,-0.00825024745238496,0,0,0,-0.0511740331370333,0,0,0,0,0,0.0329956889077551,0,-0.00203953209407678,0,0,0,0,-0.000718797600196618,0,0,0,0,0,0,0,0.0376242784188851,0,-0.0424846624992865,0,0.103532983962142,-0.0622742565160321,0,0,-0.0108491093909115,0.00142312447881957,0,0,0,0,0,0,0,-0.0693187749042256,0
-0.0371851193310499,0.0273037369663617,0,0.119567540970112,0,0,-0.0197301147564631,0,0,0,0,0.0624573769669839,0,0,0.210460603235552,0,0,0.190701056565958,0.0170381046738902,-0.000147128040778103,-0.00937430273808294,-0.0360020503734815,0,0,0,0,0,0,-0.0235457906928546,0.020566866460124,0,0.0614371214773281,-0.158570922310702,0.129892322619799,-0.129989871724642,0,0,0,-0.0732157363838496,0,0,0,0.0654097097269769,0.0834252895165826,0.159362575310381,-0.0139703382914337,0.122448952675886,0,1.40631944767937,0.0602468569686643,0,0,-0.0845645477844326,0,-0.00402164099014338,0.000676889703309855,0,0.0125645795438909,0,-0.192900292291085,0,0,0,0.177732350150857,-0.0103005354417864,0,0,0,0,0,-0.0862795395939246,0,-0.0882295860209131,0,-0.101779073634459,0,0,-0.0590672538552206,0.0302723657980184,0.0234576666154653,-0.0676879843939449,0,0.0334174170074107,0.00252948988217735,0,0,0,-0.00227136246085527,0.0451870222170019,0,-0.0456204793617621,-0.0382881650759558,0,0,-0.0246036462046863,-0.10856996505524,-0.0645114517188884,0.202899360718612,-0.0243950702512475,-0.0602928403110943
0,-0.112876045782655,0,-0.0909343054002744,0.0391168306041273,0.249471849488012,-0.0204041083926567,0,-0.11049296752476,0,-0.0183881459071939,0,0,0,0,0,-0.0302519515022542,-0.067776059332356,0,0,0,-0.0436563542436377,0,0,0,0,0,0,0,0,0,0,0.0302374505121219,0,0,0,0,0,0,0,0,0,0,-0.0574407262840907,0,0,0,0,0.0602468569686643,1.1924197493826,0,-0.0705675888956847,0,0,0,0,-0.0125853723550195,-0.0224541032211939,0,0,0,0.00286738905911167,-0.0252607470490147,0,0,-0.0280130261261984,0,0,0,0,0,0,0,0,0,-0.0500721085242006,0,0.0907815395793673,-0.130894144642693,0,0.0466612746327588,0,-0.0309374528894116,0,-0.0652649605889644,0,0,0,0,0,0.0773015438721932,0,0,0.0938249472134149,0.0583453577717531,0.107490819178114,0,0,0,0
0,0,-0.0863375036409871,0,0.0197166893558873,0,0,0,0,0,0,0,0.133003580987396,0,0.073049175069807,0,0.0613209198075628,-0.0538925963322979,0,0,0,0,-0.0500093710702394,0,0,0,0.0804771463788535,0,0,0,0,0,0,0,0,0,0,0,0,0,-0.0229177564418183,-0.0244850322878159,0,0.0947403106684532,0,0,0.000399432517121557,0,0,0,1.23244407447764,-0.0414868503917363,-0.120355916291968,0,0,0,0.0309625330239074,0,0,0,0,-0.0248982745887374,0,0,0,0.00822413907108472,0,0.0881616794170874,0,0,0,0,0,0,0,0.0822260252291821,0,-0.189470876102041,0.0138697777214447,0.0512355801296418,0,0,0,-0.102390258914378,-0.131176228551471,0,0,0,0,-0.0170988522757017,0,0,-0.0171608037609188,0,0,0,0,0,0,0.27097459519877
