"X1","X2","X3","X4","X5","X6","X7","X8","X9","X10","X11","X12","X13","X14","X15","X16","X17","X18","X19","X20","X21","X22","X23","X24","X25","X26","X27","X28","X29","X30","X31","X32","X33","X34","X35","X36","X37","X38","X39","X40","X41","X42","X43","X44","X45","X46","X47","X48","X49","X50","X51","X52","X53","X54","X55","X56","X57","X58","X59","X60","X61","X62","X63","X64","X65","X66","X67","X68","X69","X70","X71","X72","X73","X74","X75","X76","X77","X78","X79","X80","X81","X82","X83","X84","X85","X86","X87","X88","X89","X90","X91","X92","X93","X94","X95","X96","X97","X98","X99","X100"
1.14409556507645,0.0774576847553675,0,-0.104849856238945,0.0468409361176074,0,-0.0386862055896961,0,0,-0.0122034824942572,0,0,0,0,0,0,0,0.00328206717226515,0,0,0,0.0283068020027676,0,0.00214014971124319,0,0,0,0,0,0,0,-0.00713006591545793,0,0,0,0.0367103157709578,0,0,0.0537706102152722,0,-0.00592991149739449,0,0,0,-0.0197910059008389,0,0,0.021999154022429,0,0,0,0,0,-0.0149122104368917,0.0851324040893926,0,0,0,0.0210020588893936,-0.0086891524557292,0.251933897542399,0,0,0.0119919848035034,-0.0304262433767617,0,-0.168132326377151,-0.00223693392478339,0,0,0,0,0,0,-0.0750084785077308,-0.00872273882344352,0,-0.0711232551426839,0.00343875969102341,0.0686917638510372,0,0,0,0,0,0,-0.00682313124190149,0,0,0,-0.0953686023127248,0,0,-0.0746078908910577,0,-0.000590290100556849,0,0,0,0
0.0774576847553675,1.21095520009216,0,-0.125141048573434,0,0.0656815792948811,0,0,0,0,0,0,0,0,0,0,0,-0.0800933884553852,0,0,-0.043035394655436,-0.0205782185981004,0,0,0,-0.0747374501603425,0,-0.033118376217571,0,0,0,-0.0262241397735999,0,0.0337301719237081,0,0,0,0.0178918198690109,0.110596257755326,0,0,0,0.0884545553588429,0,0.0282890629448295,0,0,0,-0.219748048860519,0,-0.00957469897448126,0,0,0.0418063600881925,0,0,0,0,0,0,0,-0.0510113848945856,0,0,-0.00400083336900143,-0.205964989344866,0.0182203157869558,0.0771101549937336,0,0,0,-0.172754249631622,0,0.0614150254465991,0,0,0,0.033788127203888,0,0,0,0,0.0200501250469322,0,0.0257259365307245,0,0.0771975909064129,0,0,0,0,0,0,0.0749680806918483,0,-0.141089344743972,0,0,0,0
0,0,1.51934647444765,0,-0.0514137643425718,0,0.087621762898717,0,0,0,-0.126623966998653,-0.313102025770563,-0.180142332093984,-0.0219408296864902,-0.000704947626109505,0,0,-0.093709500867342,-0.0553408390786917,0,0.0164510213914916,0.0221631314367262,0,0,0,0.0904269384272257,-0.0149809469847956,0,0.0871701883239732,0,-0.18728949816864,0.015851157300467,-0.0021356746988508,0,-0.00259914755906723,-0.0157561179807483,0,-0.101275706520684,0,-0.0898679894039519,0,0,0,0,-0.118509648284147,0,0,0,0,0.0746711642811434,0.0634207670248324,0,0,-0.218721863848823,-0.263872017916445,0,0,0.0309897106141865,0,0,0,0,0,0,0,0.0765690123894092,0,0.0175049223065007,0,-0.0817504332715174,-0.0905938260608612,-0.0253684702173212,0,0,0,0,0,-0.0919797322087423,0,0,0.0564420483481672,0,-0.0975541859491381,-0.101762613096619,-0.152522579832026,-0.0567044008559195,0,0,0,0,0,-0.0116273869961542,0,0,0,0,0,-0.167766385495258,0,0
-0.104849856238945,-0.125141048573434,0,1.22112452377698,0,0,0,0,0,0,0,0,0,0,0.145108545653925,0,-0.162727066090794,0,0,0,0,0.0819735497529421,0,0,0,0,0,0,0.0461154065389921,0.0539842977671,0,-0.0535323074561409,0,0,0,0.0038521158179924,0,0,0.00334418549386755,0,0,0,0,-0.0125472089049309,0,0,0,0.07616619141793,-0.0272731368737642,0,0.0213233095111763,0,0,0,0,0,0,-0.103031195733599,0,0,0,-0.04600684422891,0,0,0,0.0263008223039596,0.0126488216654207,0,0,0,0,-0.0735021966674582,0,0,0,-0.140862826496551,0,-0.0352231503923514,0.0520373672859656,0.0352518034779958,0,0,0.0984245916862508,0,0.141539319913749,0,-0.134256249085898,0,-0.0449406353583665,0,0,0,0,-0.0946581688489238,0,0,0,0,0,0
0.0468409361176074,0,-0.0514137643425718,0,1.31899107217949,0,0,0,0,-0.019262154316755,0,0,0,0,0,0,-0.0120072622775396,0.0448114698824014,-0.0273707043975474,0,0,0,0,0.0647174407768784,0,0,-0.0304933371150391,0,-0.00802642277258718,0,-0.0124743383298395,0,0,0,0,0,0,0,-0.165736100785895,0,0,-0.0430305199527465,0,-0.00478074997479013,0,0,-0.024553219265016,0,0,0,-0.027265513961912,-0.0724484214862865,-0.0381050138866499,0,0,-0.140133975475701,-0.105596406806948,0,0,0,-0.140317851731843,0,0,-0.111341149421011,0,0,0,0,0,0,-0.016912102195208,-0.0857279223355708,0,-0.0676884083326056,0,0,-0.0905849396376773,0,0,0,0,0,0,0.0195968410618859,0,-0.134445918125138,0,-0.145930588614859,0,0,-0.0283738401049912,0,0,-0.152777937014227,0,0,0.170502224737538,0,0,0.0934149011973531
0,0.0656815792948811,0,0,0,1.35175586789623,0,0,0,0,0,0,-0.0111724596791913,0,0.171318194017595,0,0,0,-0.0970296963965911,0,-0.128891845358448,0,0,0,0,0,-0.085057742847429,0,0,0.126946947087044,0,0.017442865010957,-0.00626862575713375,0,-0.0473596542102519,0.0148610747676236,0,-0.0130173322888125,0,0,0,0,-0.0517104891734165,0.0574533938426216,-0.00371480444438079,0,0,0,-0.35661284061658,0,0,-0.305336849119641,0,0,0,0,-0.0888183086834098,0,0,0.101221819714167,0,0,0,0,0,0,0,-0.077138668061286,0,-0.166246115066445,0,0,0,0,0,0.0180910287551481,0,0,0,0,-0.0119237632651991,0,-0.0207410074338702,0,0,0,0,0,0,0,0.181861767945131,0,0,0.0960920553347895,0,0,0,0,0,0
-0.0386862055896961,0,0.087621762898717,0,0,0,1.15902732266282,0,0,0,0.04417483748728,0,0,0.0476885850081936,0,0,0,0,0,0,0,0,0,0,0,0,0,0,-0.0400048016964485,-0.127740493434937,0,0,0,0,-0.152076095675694,0,0,0.0163958078989178,-0.228318374765875,-0.0228338076632695,-0.0698756352360258,0,-0.014900021259657,0,0,-0.0123395370424535,0,0,0,0,0,0,0,0,0,0,0.103676279455731,0,0.0292302853459782,0,0,0,0,0.0128088902628633,0,0,-0.0348485601665809,-0.0669974567870772,0,0,0,0,-0.00821679026498606,0,0,0.113610809147263,-0.132253769544664,-0.0648361508610846,0,0,0,0,0,0,0,0,0,0,0,0,0,0,0,0,0,0,-0.00989927497240389,0.0538035246017025,0,0
0,0,0,0,0,0,0,1.39323412422444,0,0,0.378692576810454,-0.0281347436144325,0.0353405529147337,0,-0.12149684916785,0,0,0,0,0.0112726288783378,0,0.146842862923535,0.0503325376186677,0,0,0,0,0,-0.0533019440525823,0.0306392561745467,0,0,0,0,0,0,0,0,0,0,0.0078388642649238,0,0,0.184409573369359,-0.081744092460393,0,0.00592996394030082,-0.0637326468608821,0.0176298172557552,0,-0.0952445166804228,0,-0.117512813987118,0,0,0,-0.00170827294091394,0,0.105128013975162,0.0765916670035862,0,0.0507408306887695,-0.0514493758153633,0,0,-0.0645392812154152,0,0,0,0,0.0863460200351515,0.0112645297562831,0,0,0,0.0846673587735387,-0.126498779191697,0,0,0,0.115249680134821,0.0226904758631263,-0.118427098981353,-0.0274109395618406,0,0,0.0205603421128279,0,0,0,0,0,0,0,0,-0.0421495739466678,0,0.0765594564717816,0,0.122832884434208
0,0,0,0,0,0,0,0,1.20295304518339,0,0,0,0,0,-0.0190272631814335,0,-0.0696328510420806,-0.094582816773233,-0.10425678067907,-0.0546587603945364,0,0,0,0,0,-0.140300999381607,-0.0605369243257125,0,0.0686417306633767,-0.117629067028298,-0.13189877507811,0,0,0,0.0714717988719868,0,0,0,0,0,0,0,0,0,0,0.0293271313682811,0,0,-0.113009983317097,0,0,-0.0217889065586853,0.0621205983306225,-0.0250869535517283,0.0365123018253661,0,-0.130993458610204,0,0,0,0,0,0,0,0,0,0,0,0,0,0,0,0,0,0.00931192061931907,0,0,0.00664523461650927,0,0,0,-0.0176592079215213,0,0.0471387213463569,-0.00525677024019467,-0.0468558072562047,-0.0507745306000494,0,0.179392862380258,0,0,0,0,0,-0.0355763305506499,0,0,0,0,0
-0.0122034824942572,0,0,0,-0.019262154316755,0,0,0,0,1.27140275674446,0.185305152731636,0,-0.287828190547846,0,0,-0.181018583993735,0,0,0,0,0,0,-0.0153023609959239,0.0738082612421677,0,-0.0911472538305218,-0.000700052166610429,0,0.0236376018913081,0,-0.134085325727933,0,0.00405901382837392,0,0,0,0,0,0,0,0,0,0,0,0,-0.0199083343912859,0,0.0688444458829778,-0.11717647482374,0,0,0,0,0,-0.0576442891046417,-0.124758562102757,0.0470048099533835,0,-0.0011560831654598,0,-0.0744863626534361,-0.0127260698349458,-0.025412069452391,0.134590606824835,-0.0189271906129833,0,0,-0.077857034410648,0,0,0,0,0,0,0,0,-0.0313424082274655,0,0,0,0,0,-0.00419555651140548,0,0,0,0,0,0,0,-0.0156071033550064,0,-0.028467592350353,-0.00736912098418376,-0.049249112885657,0,0,0,0,0
0,0,-0.126623966998653,0,0,0,0.04417483748728,0.378692576810454,0,0.185305152731636,1.55717847658569,0,0,0.000684268212277631,0.0293092669341091,0.193464323711977,0,-0.0574869010044415,0.198105070806584,0,-0.0930632796184407,0.0259697156727078,0,0,-0.0232957385937404,0,0,0,0,0,0,0,0,-0.229632869363622,0,0,-0.0981501710743204,0,0,0,-0.00990430395109448,-0.0552569853471259,0,0,0.204992228357506,0,0,0.167514757529875,0,0,0.0110324881439323,0.0832412650508926,0,-0.176768262653129,-0.0660446045647102,0,0,0,0,0,0,0,0.0504055397792235,0,0,0,0,0,0,0.0399230541980813,0,0,0,0,0,-0.00186844838640543,0,-0.0178718328710184,0,0,0,-0.047314999078628,0,-0.0306376816416376,0,0,0,0,0,0,0.0845812997459411,0,0,0,0,0,0,0,0,-0.0398499547637109
0,0,-0.313102025770563,0,0,0,0,-0.0281347436144325,0,0,0,1.17264273850385,0,0,-0.048102627785588,-0.0342031214813802,0,0,0,0,0,0,0,0,0,0,0,0,0,0,0,0,0,0,0,0,0,0,0,-0.0341375760925417,0,0,-0.0689580996734761,0.0397538803191871,0,0.0568299961858449,0,-0.0216651551375376,0,0,-0.00223569145667478,0,0,-0.026508552353977,0,0,0,0,0,0,-0.00465582584043884,-0.0262911975288804,0,0,0.0537716909623555,0,0,0,0,0,-0.0159314617758089,0,0.0637970453252681,0.0210933749009896,0,-0.037381376020788,0,-0.038110855596847,0,0,0,0,-0.0435864954180997,0,-0.0741779728080717,0,0.0451339872541131,0,0,0,0,0,-0.0295505952297023,0,0,0,0,0,0,-0.135713704384489
0,0,-0.180142332093984,0,0,-0.0111724596791913,0,0.0353405529147337,0,-0.287828190547846,0,0,1.26728838972243,0,0,0,0,0,-0.107437821907341,0,0,0,0,0,0,0,0,0,0,0,0,0,0.10976009758393,0,0,0,0,0,0,0,0,0,0,0,0,0.0138680674115356,0,0,0,0,0,-0.0802630253252069,0,0,0,-0.0616200627905949,-0.0542589156327953,0,-0.0364074973693192,0,0,0,0,0,-0.0122655722338448,0.108824655912358,-0.00578066396527352,0,0,-0.040290824622107,0,-0.0195847528469065,0,0,0,0,-0.11811776124695,-0.00882971496521714,0,-0.0755865295751143,-5.7191191665886e-06,0,-0.0134188197202652,0.0171787657102866,-0.115379493655974,0,0,0,0,0,0,0,0,-0.125422122832183,0,0,0,0,0,0
0,0,-0.0219408296864902,0,0,0,0.0476885850081936,0,0,0,0.000684268212277631,0,0,1.11826442497099,-0.0327052060288433,0,0,0,-0.0191694014304077,0,0.0256884804736783,-0.0254974382782424,0,-0.155663550070186,0,0,-0.0094289383477413,-0.0092838592972276,0,0,0,0,0,0,0,0,0,0,0,-0.0671644166532626,0,0.00557319709511208,0,0,-0.00839940082712507,0,0,0,0.0961536415226434,0,0,0,0,0.0101662962335866,0,0,0,0,0.028496919478741,0,0,0.0187123891707175,0,0,0,0.0202467695666759,0,0.0259878329047444,0,0,0.0347652068539795,0,0,-0.0303888579120977,0,-0.0896651574834274,0,-0.023010713945822,0,0,0,0.00146029907107101,-0.198276183943968,0.128333497687273,0,0,0,0,0,0,0,0,0,0,0,0,0,0,0,0
0,0,-0.000704947626109505,0.145108545653925,0,0.171318194017595,0,-0.12149684916785,-0.0190272631814335,0,0.0293092669341091,-0.048102627785588,0,-0.0327052060288433,1.59666745510205,0,0,0.0206464439377711,0,0.00199252358730003,0,-0.048153894630498,0.222654082521869,0,-0.0747733206786477,0.225818787621174,0,0,0,-0.0159199974817405,0,0.125657730932963,0.0295639543456783,0.0411859687493735,0,0,-0.232373325670896,0,0,0,0,0,0,-0.0707596958147555,-0.0603915975440267,0.349017007175046,0,-0.0172600330214095,-0.213727726333702,0,0,0.00607148958321662,0,0,0,0,0,0,0.108099260626503,0,0,0,0,0.0826381418577141,0,0,0,0.0414909465757253,0,-0.0470232279171861,0,0,0.0402543557456331,-0.00651357768407477,0,0.16114323467792,0,0,0,0,0.24604725039744,0.0767756514454382,0,0,0.0664224528741423,0,0,-0.0694089253116584,0.116262783275727,0,0,0,-0.194300747725409,0,0,0,0.0999219351961579,-0.049292561169385,0.0330773867335686,-0.00489471122505062
0,0,0,0,0,0,0,0,0,-0.181018583993735,0.193464323711977,-0.0342031214813802,0,0,0,1.2924642546568,-0.0527987904524987,0,0,0,0,0,-0.0462054439774504,0,0,0,0,0,0,-0.0641547889369096,0,-0.262682214787415,-0.0383947734549657,0,-0.0324101852134598,0,0,0,-0.105311734968306,-0.0233642077993455,0,0.0982477118379921,-0.0257364750533334,0.0048456220646723,0,0.0189809777433023,0,0,0,-0.0220604315772737,0,0,0,0,0,0,0,0.0167077685728066,0,0,-0.0564182337449871,0,-0.0073108732898199,-0.0532722266266832,0,0,0,0.100509232839817,0.0795036936941323,-0.134811089188307,0,0,-0.0401169269432324,0.0483605998842961,-0.109191025367778,0,-0.0401708622716875,-0.0139137318651137,-0.00739455785893643,0,0,0,0,0,-0.0179480850497608,0,0,0,0.0034090734923198,0,0,0,-0.0808117596440429,0,0,0,-0.000709890226708113,0,0.0836943951045157,0
0,0,0,-0.162727066090794,-0.0120072622775396,0,0,0,-0.0696328510420806,0,0,0,0,0,0,-0.0527987904524987,1.35721930172769,-0.0349039313712857,-0.0595899376962275,0,0,-0.058538627298224,0.00950853160676671,0,0,-0.148587927861907,0,0,0.104164724400297,-0.021828949567447,0,-0.0170200754118492,-0.174650147323883,0,0,0,0.00182216359100172,0,0,-0.161850914267819,0,0,-0.163798071600622,-0.0948069038636411,0,0,0,0,0.0299161019026008,0,0,0,0,0,0,0,0,-0.177154484782005,0,0,0,0,0,0,0,0,0,0.0360346728294162,0,0,0.0432920833222185,0,0,-0.161216975595067,-0.0505723454568201,0,-0.127247367499226,-0.119082185368183,-0.0172018774470603,0,0,0,0,0,-0.100359004776236,0,-0.0402596300580426,0,-0.0764784107466996,0.132927215562275,0,0,0,-0.0256680831302061,-0.0632705085756171,-0.0195595386206012,0,0,0,0
0.00328206717226515,-0.0800933884553852,-0.093709500867342,0,0.0448114698824014,0,0,0,-0.094582816773233,0,-0.0574869010044415,0,0,0,0.0206464439377711,0,-0.0349039313712857,1.18875484973265,0,0,0,0.0216921673652632,0,0,0,0,0,-0.104857787828998,0,-0.0464341111182364,-0.0411932181336907,0,0,-0.0193047053794725,0,0,0,0,-0.025960079503947,0,0,0.204846620849687,0.0319881300201836,0,0.0695681601164839,0,0,0,0,0,0,0,0,0,0,0,0,0,-0.0373413204626675,0,0,0.0287130477386362,0,0,0,0,0.0301743539127439,0,0,0,0.0287140371538525,-0.0374405403437226,0,0,0,0,-0.123326917928,0,-0.0571163275256654,0,0,0,0.132104608753902,-0.00253013401983126,0.0463290927814164,0.11355974648617,0,0.0393903741467318,0,0,0,-0.0271324431009085,0,0,0,0.137518522973965,-0.0641844932385408,0,0,0.0768083751875246
0,0,-0.0553408390786917,0,-0.0273707043975474,-0.0970296963965911,0,0,-0.10425678067907,0,0.198105070806584,0,-0.107437821907341,-0.0191694014304077,0,0,-0.0595899376962275,0,1.32996479129759,-0.0576604348756718,0,0,0,0,0,0,0,0,0,0,0,0,0,0.148121378171211,0,0,0,0,0.105400742119976,0,0,0,0,0,-0.158802924527678,0,-0.20209540067948,-0.0509336574756378,-0.00556123526791343,0,-0.185753634821015,-0.0831645235701599,-0.0142992736616479,0,-0.00604569904780644,-0.0602273361703977,0,0,0,0,0,0,0,0,0,-0.0605607566027527,-0.0244890817507271,0,-0.0451539814285374,0,0,0,0,-0.0409570820891058,0.00527479233536233,0,0,0,0,0,0,0,0,0,0.0431936736178906,0,0,0,0,0,0,0,0,0.003190993201469,0,0,0,0,0,0
0,0,0,0,0,0,0,0.0112726288783378,-0.0546587603945364,0,0,0,0,0,0.00199252358730003,0,0,0,-0.0576604348756718,1.14247155320886,0,-0.033857512514898,0,0,0,0,0,-0.124977149054661,0,0,0,0.043520849528375,0,0.0426239116171384,0,0,0.115834954606969,0,0,0,0,-0.0173729043266727,0,0,0,-0.036759811643331,-0.0505590978706845,0,0,0,0,0,0,0.0518221643332933,0,0,0,-0.0885686600359727,0,0,-0.0496086597375851,0,0.111999323536546,0,0,0,0,0.0243096043740895,0,0,0,0,0,-0.0426100536190216,0.121969380091964,0.0915551738263807,0,-0.110802841383453,0,0,0,0,0,-0.0430154134458462,-0.0186541433455892,0,0,0,0,0,0,0,-0.053443518696566,0,-0.03343346283347,0.109188985902554,0.0176278765548938,0,-0.0892033184534811,0
0,-0.043035394655436,0.0164510213914916,0,0,-0.128891845358448,0,0,0,0,-0.0930632796184407,0,0,0.0256884804736783,0,0,0,0,0,0,1.16196617850711,0,0.0492217897402813,0,0,0,0,0,0.0251364002555802,0.0555663047591169,0,0,0,-0.0509127887922847,-0.0529278285912998,0,0,-0.0455141870622727,0.068800306507284,0,0,0,0,0,0,0,0.0735642159510419,0,-0.054741974258825,0,0,0,0,0,0,-0.057206421393326,-0.0878288589643625,0,0,0,0.0155879141366721,0,0.101045592290334,0.114241344559878,-0.0455401476086139,0,0,0,0,-0.0493130355038137,0,0,0,0,0,0,-0.0623221309565298,0.0262443407932298,0,0.0813039271832081,0,0,0,0,0,0.0959511432366068,0,0.0634779966766752,0.010938639844414,0.128248986508309,0,0,0,0,-0.0210943317286416,-0.0595263444449076,7.03404534016521e-05,0,0,0.00152071441674722
0.0283068020027676,-0.0205782185981004,0.0221631314367262,0.0819735497529421,0,0,0,0.146842862923535,0,0,0.0259697156727078,0,0,-0.0254974382782424,-0.048153894630498,0,-0.058538627298224,0.0216921673652632,0,-0.033857512514898,0,1.15194970028317,0,0,0,-0.0038854656035633,0,0,0,0,0,0.00584186404740288,0,0.0112847750147702,0,0,0,0.0880240992750571,0.0424980883937496,0,-0.106946885896651,0,0,0,-0.010412451773977,0,0,0,-0.0377341812585407,-0.0635679685319207,0,-0.0145638215131714,0.049549223331123,0.0779766224883877,0,0,0,0,0,-0.0215767689502311,0,-0.00468387511701339,0,-0.123730084861826,0,0,0.0679803389036442,0,-0.0108095162691473,0,0,0,0.0251622456443106,-0.0217400421643414,0.0243167375484614,0,0,0,-0.123034829590331,0.0258661536983934,-0.0205732476046155,0,0,0.0899210296046368,0,0,0,-0.101550425390921,-0.0578033246037307,0.00394653622300753,0,0,-0.0978755779429174,0,0,0,0,0,0,0
0,0,0,0,0,0,0,0.0503325376186677,0,-0.0153023609959239,0,0,0,0,0.222654082521869,-0.0462054439774504,0.00950853160676671,0,0,0,0.0492217897402813,0,1.18450298301108,0.104879800448172,0,0,0,0,0,0,0,0,0,0,0,0,-0.0427207831190919,0,-0.00966815561778312,-0.0139321596040888,0,0,0,0,0,-0.0447335205133611,-0.246446777357931,0.0162619295827998,-0.0908405602829007,0,0,0,-0.0570060782837128,0.0818807689744503,0,0,0,0,0,0.07982249163675,-0.0541172162832016,0,0,0,0,0,0,-0.0115888088542506,0,0,0,0,0,0.0626714174522891,0,-0.0599508041965528,0.141392055355532,0,0,0,0,0,-0.0736082833194796,0,0,0,0,0,0,0,0,0,0,0,0.0226790058803484,0.0353947455091685,0,0,0,0
0.00214014971124319,0,0,0,0.0647174407768784,0,0,0,0,0.0738082612421677,0,0,0,-0.155663550070186,0,0,0,0,0,0,0,0,0.104879800448172,1.16812496766776,0,0,0,0,0,-0.0188876837474912,0,0,0,0,-0.0815946319601342,0.0626791097654745,-0.0225795467790664,0,0,0,0,0,-0.0580756641688679,0,-0.0208201836982369,-0.0616937080791156,0,-0.0317633272266033,0,0,0,0,0.0623499552102982,0.150218710540804,0,0,0,0,0,0,-0.0524274221536617,0,-0.0615434155596851,0,0,0,0,0,0,0,0,0,0.0538396131579778,0,-0.0535273314595163,0,0,0,0,0,-0.0204152057756359,0.00937233178474056,0,0.0906052919578727,-0.237391556079726,0.0079247849831757,0.0173099847555551,0.0687979592859755,0,-0.0253722692540888,0,0,0,0,0,0,0,0,0,0
0,0,0,0,0,0,0,0,0,0,-0.0232957385937404,0,0,0,-0.0747733206786477,0,0,0,0,0,0,0,0,0,1.15890495409,0,0,-0.0764043838153411,0,0,0,0,0,-0.117939167291795,0,0,0,0,0,0.0132614172121298,0.133182205572279,0,0,0,0,0,0,0,-0.23091928428951,0,-0.0434432036273618,0,0,0,-0.0304078197648402,-0.066879739003804,0,0,0,0,0,0,0.0465538321648833,-0.048867889704475,0,0,0,0,0,0.0187220615852097,0.115009462971557,0,0,-0.0158701262345669,0,0,-0.075682734646464,-0.0477497529234308,0.0128677533368916,-0.01360753490051,0,0,0,0,0.0135540702876545,0,-0.0143150329333712,0,0,-0.0532318646350293,0,0,0,-0.0607847220731049,0,0,0,0,0.0242533830685712,-0.0490268318206438
0,-0.0747374501603425,0.0904269384272257,0,0,0,0,0,-0.140300999381607,-0.0911472538305218,0,0,0,0,0.225818787621174,0,-0.148587927861907,0,0,0,0,-0.0038854656035633,0,0,0,1.20486388763009,0,-0.0601011209215768,0.02018435845143,0,0,0,0,0,0,0,0,0,0,0,0,0,0.00415228001893605,0,0,0,-0.0197731401279645,0,0,-0.156084219564766,0,-0.0471450181335006,0,0,0,0,0,0.00508474569250407,0,0,0,0,0,0,0,0,-0.063156690013688,0,0,0,0,0,0,0,0,0,0,0,0,-0.0717091109819512,0,-0.0514607010692783,0,0.0166568494503229,-0.17653455703254,0,-0.0423858858794941,0.0375882182103153,-0.0151524509823395,0,-0.000467703862365856,0,0,0,0,0,0,0,0,0
0,0,-0.0149809469847956,0,-0.0304933371150391,-0.085057742847429,0,0,-0.0605369243257125,-0.000700052166610429,0,0,0,-0.0094289383477413,0,0,0,0,0,0,0,0,0,0,0,0,1.15292772407664,0,0,0,-0.153763581721793,0.0398591620996324,0,0,0,0,0,-0.0530656404059563,-0.00890916309612849,0,-0.137763632553991,0,0,0,-0.115932670595086,0,-0.0134396682949642,0,0,0.0366709353163571,0,-0.00569358025114444,0.0909749059499733,0,-0.046506500401896,0,0,0,0,0,0,0.0621813192437059,-0.111067621244606,0.0234456810537097,0,0.0713954317548719,0,0,0,0,0,0,0,0,0,0,0,0,0,0,0,0,-0.141312038551864,0,0,-0.00959206103143043,0,0,-0.0690885816089357,0.0515333743526284,0,0.0712153203835686,0,0.0613607427655427,0,0,0,0.0819414355054349,0,0
0,-0.033118376217571,0,0,0,0,0,0,0,0,0,0,0,-0.0092838592972276,0,0,0,-0.104857787828998,0,-0.124977149054661,0,0,0,0,-0.0764043838153411,-0.0601011209215768,0,1.14700299416662,0,0,0,0,0.0180045372469158,0,-0.0538045785315032,0,0,0.0842157472503497,0,0,0,0,0,0,-0.0164611444900676,-0.166607976839254,0,0,0,0,0,0,-0.000589635532770537,0,-0.0351225081968184,0.167170507709017,-0.00737250680676945,-0.0119106169770297,0,0,0,-0.157740064292482,0,0,0,0,0,0,0,0,0,0.0925077132162027,0,0,0,0,-0.0959981213569216,0,0.0198695484508466,0,0,0,0,0,0,0,-0.0817453208252257,0,0,0,0,0,0.0398278119920626,0,0,0,0,0.0299515008676971,0,0
0,0,0.0871701883239732,0.0461154065389921,-0.00802642277258718,0,-0.0400048016964485,-0.0533019440525823,0.0686417306633767,0.0236376018913081,0,0,0,0,0,0,0.104164724400297,0,0,0,0.0251364002555802,0,0,0,0,0.02018435845143,0,0,1.18557088834739,0,0,0,0,0.0273535900877926,-0.142259248032389,0.0641975282254907,0,0.0113348639312437,0,-0.145509372913114,0,0,-0.0199004227924468,0,0,0,0,0,0,0,0,-0.222750339730259,0,0,0,0.0543629118066065,0,0,0.0821927708974647,0,0,0,0,0,0.105768361536598,-0.0705072902470786,0,0,0,0,0,0,-0.17097228322264,0,-0.0325240720348976,0,0,0,0,0.0177231570751787,0,0,0,0,0,0,0,-0.0792195840584949,0,0,0,0,0,0,0,0,0,0.0866886115706344,0,0
0,0,0,0.0539842977671,0,0.126946947087044,-0.127740493434937,0.0306392561745467,-0.117629067028298,0,0,0,0,0,-0.0159199974817405,-0.0641547889369096,-0.021828949567447,-0.0464341111182364,0,0,0.0555663047591169,0,0,-0.0188876837474912,0,0,0,0,0,1.52523051546801,0,0.0685871971257832,0,0,0,-0.0151921241296566,0,0.0208602176408787,-0.0189091688518187,0,0,0.0218243029819775,0,0,0,0,-0.0929078792024209,0.0801158653787521,0.0460809647986096,0,0,0,0,0,0,0,0,0,0,0,0,0,-0.115617652988561,0,0.0747241449825603,0,0,0,0,-0.0710540651290664,0,-0.00622017540628702,-0.0961602477888712,0,-0.430574221798574,0,0.190279250256276,-0.123125708980587,-0.144428188279801,0,0.0749132729633233,0,0,0.0833460389559892,-0.224988489801308,0,0,-0.086600852137661,0,0,0.205393728715832,0,0.00851528938059986,0,-0.0768115281749403,-0.0612693292337441,-0.0517490921340401,-0.100415302109368,0,-0.0761787421780161
0,0,-0.18728949816864,0,-0.0124743383298395,0,0,0,-0.13189877507811,-0.134085325727933,0,0,0,0,0,0,0,-0.0411932181336907,0,0,0,0,0,0,0,0,-0.153763581721793,0,0,0,1.32347429564376,0,0,0,-0.171849218265335,0,0.00282239791408438,0,-0.0772645801615481,-0.0231049542677307,0,0,0,0,0,0,-0.22462290628596,0,-0.131643818069088,0,-0.0297442428790506,-0.0556319194468375,0.0407055863254628,0.0519088111823597,-0.00124574945150803,0.0504261314088489,0,0,0,0,0.1655861996237,0,0,0,0,0,0,0,-0.0152745583936608,0,0,0,0,0,0,-0.0261715128631834,0,0,0,0,0,0,0.106904983444741,0,0,-0.00302306967444665,-0.166883597004553,0,0,0,0,0,0.0125218515144646,0,0,0,0,0,-0.18067073437408,0
-0.00713006591545793,-0.0262241397735999,0.015851157300467,-0.0535323074561409,0,0.017442865010957,0,0,0,0,0,0,0,0,0.125657730932963,-0.262682214787415,-0.0170200754118492,0,0,0.043520849528375,0,0.00584186404740288,0,0,0,0,0.0398591620996324,0,0,0.0685871971257832,0,1.22743315409812,0,0,0,0,0,0,0.010343763244935,-0.0484361614620296,0,0,-0.184046269980719,0,0,0,0,0,0.0580198925939077,-0.00917054040059619,0,0.0293505924618632,0,0,0,0,0,0,0,0,-0.0284107439289297,0.0567886184529663,0,0,-0.07774355485764,0,-0.078766768801072,0,0,0.0654319363760577,0,0,-0.133206838776746,0,-0.0777192204334057,-0.014455740698008,0,0,-0.0221643989692612,0.130749453405057,0,0,0,0,0,0,0,0,0.152464916931585,0,0,0,0,0,-0.00867841623045597,0,0.0279254011668595,0,0.0349865323704577,0
0,0,-0.0021356746988508,0,0,-0.00626862575713375,0,0,0,0.00405901382837392,0,0,0.10976009758393,0,0.0295639543456783,-0.0383947734549657,-0.174650147323883,0,0,0,0,0,0,0,0,0,0,0.0180045372469158,0,0,0,0,1.09335349261057,0,0,0,0,-0.085648075108916,0,0,0.0601811636936678,0,0,0,0,0,0,0.0444518958363951,0,0,0,0,-0.00763369200171456,0,0,-0.0181440355849598,0.028049309799224,0,0,0,0,0,0,0,0,-0.0217613520004197,-0.0624011801521391,0.0172477613356096,0,0,0,0,-0.0493022895178019,0.017347193496686,0,0,-0.0303511225543439,0,0.0548745484081794,0,0,0,0,0.0142707206009584,0,-0.0116921098789608,0,0,0,0,0,-0.0881416977809114,0,0,0.0385946061309036,0,-0.149827371412629,-0.00947812156735129,0,0
0,0.0337301719237081,0,0,0,0,0,0,0,0,-0.229632869363622,0,0,0,0.0411859687493735,0,0,-0.0193047053794725,0.148121378171211,0.0426239116171384,-0.0509127887922847,0.0112847750147702,0,0,-0.117939167291795,0,0,0,0.0273535900877926,0,0,0,0,1.2690175896014,-0.0181919291055381,-0.0196731971899555,0,0,-0.111874334604278,0,0.0298907425025142,0,0.0172947585230111,0,0.0789132307406691,0,0.0334207201451997,0,0,0,0,0.0333036837867415,0,0,0,-0.0727230753534107,0,0.10413145175344,0,0,0,0,0.0122888724887526,0.066406828252693,0,0,0,-0.0444399519648266,0,0,0,0,-0.0284758757681581,-0.043247130188364,-0.0824346801749813,0,-0.0937380490307532,-0.053019725869387,0,0,0,0,0,-0.0172426718993133,0,0.0569231645270374,-0.041117736836895,0.0514891133066871,0,0,0,-0.1352826563161,0,0,-0.0126316638507884,-0.102593180354366,-0.0425963596455273,0,0,-0.0111242981347854
0,0,-0.00259914755906723,0,0,-0.0473596542102519,-0.152076095675694,0,0.0714717988719868,0,0,0,0,0,0,-0.0324101852134598,0,0,0,0,-0.0529278285912998,0,0,-0.0815946319601342,0,0,0,-0.0538045785315032,-0.142259248032389,0,-0.171849218265335,0,0,-0.0181919291055381,1.3794228047502,0.0344609964503387,-0.0718963844268375,0,-0.127112897247661,0,0,0.00140760843921584,0,-0.0221327883112716,-0.0893857228039794,-0.0929623289399514,0,0,-0.15646076767985,0.0240323840213414,0,0,0,0.0120387455532668,0,-0.166112406214407,0.0094191978449176,0,0,0,0,0,0.0558787831570441,0,0,0.00497141120127152,0,0.258258305480618,0,0,0,0,-0.0220977767680507,0,0,0,0,-0.0613229921631511,-0.0783582212254098,0.0979609900998613,0,-0.158435447115816,0,-0.0168932926788001,0,0,0,0.0875161131813467,-0.0719057850026895,0,0,-0.0956417973677548,0.00451330370045,0,0,0,0.0386519364998284,-0.0807151961292462,0.078766646204565,0.0604454149028237
0.0367103157709578,0,-0.0157561179807483,0.0038521158179924,0,0.0148610747676236,0,0,0,0,0,0,0,0,0,0,0,0,0,0,0,0,0,0.0626791097654745,0,0,0,0,0.0641975282254907,-0.0151921241296566,0,0,0,-0.0196731971899555,0.0344609964503387,1.14333713962307,0,0,0,-0.0571362653697656,0,0,0,0,0,0,0,0,0,0,0,0,-0.250093540352967,0,-0.00288561791320528,0,-0.0464222017821433,0,0,0,0.230440239579199,0,0,0,0,0,0,0,0.130695741416067,0,0,0,0,0,0,0,0,0,0,0,0,0,0,0,-0.0462157833234573,0,0,0,0.102138084873421,0,-0.038803424307704,0,0,0,0,-0.0703844967391791,0,0,0,0
0,0,0,0,0,0,0,0,0,0,-0.0981501710743204,0,0,0,-0.232373325670896,0,0.00182216359100172,0,0,0.115834954606969,0,0,-0.0427207831190919,-0.0225795467790664,0,0,0,0,0,0,0.00282239791408438,0,0,0,-0.0718963844268375,0,1.28880393071116,0,-0.0606573328683373,0.00217358012461287,0,0,0,0,-0.00339781440451936,0,-0.0324371113669849,0,0,0.0672929708547591,0,0.321867845804268,-0.0127557108408196,-0.145852815458912,-0.107308124558434,-0.0599668424622337,0.0538747234632218,0,0,0,-0.0326643301131806,0,0,0,0,0,0,0,0.0352945795117394,0,0,0.0358046560622184,0,0,0,-0.0450875961594168,0,0,-0.0542662139583549,0,0,-0.00157671681652689,0,0.0253891840434072,0,0.0566054926907576,0,0,0,-0.126810545003652,0.00841532640018751,0,0,0,0,0,0.0495289722864509,0,-0.0166518429572488,0.142592773662801
0,0.0178918198690109,-0.101275706520684,0,0,-0.0130173322888125,0.0163958078989178,0,0,0,0,0,0,0,0,0,0,0,0,0,-0.0455141870622727,0.0880240992750571,0,0,0,0,-0.0530656404059563,0.0842157472503497,0.0113348639312437,0.0208602176408787,0,0,-0.085648075108916,0,0,0,0,1.20313783900247,0.00367964353652626,0,0,-0.168428248260049,0,0,0,0,0,0,0,0,0,0,0,0,0,-0.0388142869777116,-0.0716440825882594,0,0,0.0888440715884887,0,0.064585827303398,0,0,0,0,-0.056158047224046,0.0933236039562863,0,0,0,-0.0333454137976908,0,0,0,0,0.0863929180076184,0.00561855372359386,0.020036026707546,-0.0471485931894024,0,0,0,-0.0726536777941434,-0.02707427852368,-0.0301430976854095,0,0,0,0,0,0,0,0.00817334644753129,0,-0.139604207125329,0.132710589314845,0,0,0.187520656913788
0.0537706102152722,0.110596257755326,0,0.00334418549386755,-0.165736100785895,0,-0.228318374765875,0,0,0,0,0,0,0,0,-0.105311734968306,0,-0.025960079503947,0.105400742119976,0,0.068800306507284,0.0424980883937496,-0.00966815561778312,0,0,0,-0.00890916309612849,0,0,-0.0189091688518187,-0.0772645801615481,0.010343763244935,0,-0.111874334604278,-0.127112897247661,0,-0.0606573328683373,0.00367964353652626,1.47183477442663,0,0,0.0797940527404536,0,0,0,0,0,0,0,0.0376761254725965,0,0,-0.0404292998750285,-0.0474412995723172,0,-0.0587929782628544,0,0,-0.108624706534397,-0.110951287654064,0,0.0712231051234221,0,0,0.0170527575576976,0,0.224859054376767,0,0,-0.060955596622052,0,0,0,-0.00781337888391224,-0.105641168838214,-0.0868450036840468,-0.0529251152593836,-0.0768585822916974,0,-0.140526190915962,0,-0.0190056692337144,0,0,0.0262709817781717,0,-0.138128817947434,0.0567807968417471,0,0,0,0.0283114411663133,0,-0.0878851247909105,0.270157136518445,0,0,0,-0.047585578695553,0
0,0,-0.0898679894039519,0,0,0,-0.0228338076632695,0,0,0,0,-0.0341375760925417,0,-0.0671644166532626,0,-0.0233642077993455,-0.161850914267819,0,0,0,0,0,-0.0139321596040888,0,0.0132614172121298,0,0,0,-0.145509372913114,0,-0.0231049542677307,-0.0484361614620296,0,0,0,-0.0571362653697656,0.00217358012461287,0,0,1.17810124730916,0,0.0538304291851221,0,0,0,0,0,-0.0443224458550684,0,0,0,-0.0569776240720771,-0.00354937798591792,0,0,0.109025535556437,-0.0284347260730453,0,0.117064898332714,0,0,0,-0.169578226338605,0,0,0,-0.104964865450504,-0.0294276778686053,0,0.0604016227595144,0.00641524197951293,0,0,0,-0.0119050759879341,0,0,0,0.00663572073183026,0,0,0,0,0,0,-0.128353191103966,0,0,0,0,0,0,0.0726914278838953,0,0,-0.0181532663937879,-0.00837673471771981,0,0,0
-0.00592991149739449,0,0,0,0,0,-0.0698756352360258,0.0078388642649238,0,0,-0.00990430395109448,0,0,0,0,0,0,0,0,0,0,-0.106946885896651,0,0,0.133182205572279,0,-0.137763632553991,0,0,0,0,0,0.0601811636936678,0.0298907425025142,0,0,0,0,0,0,1.15558633996469,0,0,0,-0.00477151002637475,0,-0.0615283552750248,0,0,-0.114334391779285,0,0,0,0,0,0,0.0750493544122763,0,0,-0.00575501209037121,0.215572644379325,0,0,0,0,0,0.0207387455593911,0,0,0,0,0,0.0625420573096407,-0.12105528124579,-0.0222174986028876,0,0,0,-0.0235416441065898,-0.0612795281067827,-0.0068734899705746,-0.0557361044016152,0,0,0,0,0.0444575706991745,0,-0.0147519640415021,0,0,0.00026171182134225,-0.0411075947617505,0.0124027833691815,0,-0.0963617619885562,-0.0108523967554872,0,0,0
0,0,0,0,-0.0430305199527465,0,0,0,0,0,-0.0552569853471259,0,0,0.00557319709511208,0,0.0982477118379921,0,0.204846620849687,0,-0.0173729043266727,0,0,0,0,0,0,0,0,0,0.0218243029819775,0,0,0,0,0.00140760843921584,0,0,-0.168428248260049,0.0797940527404536,0.0538304291851221,0,1.20109011824597,0,-0.0592494544561415,0.0145948008946239,0,-0.02879524811177,0,0,0,0.0896046015039105,0.0499655633235957,0,0,0,-0.234261824450032,0,-0.0425061085821716,0,0,0,-0.0342378776784957,0,0,0,-0.0368342535866357,-0.0984827170334695,-0.0325467965419587,0,0.0229232720894406,0,0,0,0,0.117546050238946,0,0,-0.0144129481822792,0.0344820112235081,-0.0386735367612638,0,0,0,0,-0.0522179974820599,0,0,0.0486727533803762,0,0,0,0,0,0,-0.0188992267441841,0.0257651608749485,0,0,0,0
0,0.0884545553588429,0,0,0,-0.0517104891734165,-0.014900021259657,0,0,0,0,-0.0689580996734761,0,0,0,-0.0257364750533334,-0.163798071600622,0.0319881300201836,0,0,0,0,0,-0.0580756641688679,0,0.00415228001893605,0,0,-0.0199004227924468,0,0,-0.184046269980719,0,0.0172947585230111,0,0,0,0,0,0,0,0,1.25895252095091,-0.0724827392996157,0,-0.0219996591919308,0,0,0,-0.0313650746534152,0,0,0,0,0,0,0,-0.0574724952500914,0,0,-0.126751797645237,0,-0.0897531264650354,0,0,0,0,0,0.153649987630502,-0.0404812507720048,-0.221322455921964,0,-0.0315956535913541,0,0,-0.0428158620782429,0,0,0,0,0,0.0838145053726839,0,0,0,0.0614200321242872,0.0169511669765035,-0.0359051179910552,0,0,0,0,0,0,0,-0.0651221277656554,0.125497229058697,0,0,0
0,0,0,-0.0125472089049309,-0.00478074997479013,0.0574533938426216,0,0.184409573369359,0,0,0,0.0397538803191871,0,0,-0.0707596958147555,0.0048456220646723,-0.0948069038636411,0,0,0,0,0,0,0,0,0,0,0,0,0,0,0,0,0,-0.0221327883112716,0,0,0,0,0,0,-0.0592494544561415,-0.0724827392996157,1.22805227936918,0,0,0,0,0,0,0,0,-0.0591559200781961,0,0.151166517311179,0,0.0280415674224169,0,0,0,-0.154258036234217,-0.0953618325643921,0,0,0,0.186513648505134,0.02834876824267,0,0.0055948640822719,0.0126945612101575,0,-0.0168982625746344,-0.0146928997083314,-0.087744991821999,0.00549907130580982,-0.163420390360307,0,0,0,0,0,0,0.033566622320379,0,0,0,0,0,-0.0323887740286446,0,-0.0208701157723889,-0.0312470024112951,0,0.0101621524612256,0,0,0,0,0,0.115081517093834
-0.0197910059008389,0.0282890629448295,-0.118509648284147,0,0,-0.00371480444438079,0,-0.081744092460393,0,0,0.204992228357506,0,0,-0.00839940082712507,-0.0603915975440267,0,0,0.0695681601164839,-0.158802924527678,0,0,-0.010412451773977,0,-0.0208201836982369,0,0,-0.115932670595086,-0.0164611444900676,0,0,0,0,0,0.0789132307406691,-0.0893857228039794,0,-0.00339781440451936,0,0,0,-0.00477151002637475,0.0145948008946239,0,0,1.24880022150336,0.0738296506815873,0,0,0,-0.018910325621843,0,0,0,0,0,0,-0.100171838392013,0,0,-0.0849634485601699,0,0,0.0818749774649825,0,0,0,0,0,-0.0254648664872642,0,0,0.0251340698694375,0,0,0,0.0560357009868593,0,0,0,0.024681539834592,0,0.0537531663047083,-0.0304988694253508,0.0136422191142223,0,-0.0405828035073721,0,-0.0946132910349899,0,-0.0352213113399165,0,0,0,-0.0038407243088254,0,0,0,0,0,0.0790085293425975
0,0,0,0,0,0,-0.0123395370424535,0,0.0293271313682811,-0.0199083343912859,0,0.0568299961858449,0.0138680674115356,0,0.349017007175046,0.0189809777433023,0,0,0,-0.036759811643331,0,0,-0.0447335205133611,-0.0616937080791156,0,0,0,-0.166607976839254,0,0,0,0,0,0,-0.0929623289399514,0,0,0,0,0,0,0,-0.0219996591919308,0,0.0738296506815873,1.646641118544,0,0,0.0737327670067278,0.26230130834611,0,0,0,0,-0.234999939872543,0,0.120380594909246,0,0,0,0,0,0,0,-0.220186791546,0,0,0,0,0,0,0,0,-0.183901578408975,0,0,0.19940926940751,0.253241326997437,0,0,0,0.172819837448432,0,0,0,0.102613534774187,-0.0463309016357944,0.0795645684418092,-0.222554157029905,0,0,0,0.0227591140916002,0,0,0,0.225609995659333,0,0,0
0,0,0,0,-0.024553219265016,0,0,0.00592996394030082,0,0,0,0,0,0,0,0,0,0,-0.20209540067948,-0.0505590978706845,0.0735642159510419,0,-0.246446777357931,0,0,-0.0197731401279645,-0.0134396682949642,0,0,-0.0929078792024209,-0.22462290628596,0,0,0.0334207201451997,0,0,-0.0324371113669849,0,0,0,-0.0615283552750248,-0.02879524811177,0,0,0,0,1.27650616493573,-0.137770610493322,0,0,0,0,0,0,0,0,0,0,-0.0262673024203077,0,-0.000978440076255941,0,0,0,0,0,0,0.0574618085882081,0,0,0,0,0.00230894649988235,0,0,-0.0720931365723946,0,-0.0984792154474266,0.0844464012109383,0,0,0,0,0,-0.128576795600808,0,0,0,0,-0.00100348752256174,-0.0309364574901223,0,0,0,0,0.0354358647538376,-0.0785268863334481,0,-0.0332659007774646,0
0.021999154022429,0,0,0.07616619141793,0,0,0,-0.0637326468608821,0,0.0688444458829778,0.167514757529875,-0.0216651551375376,0,0,-0.0172600330214095,0,0,0,-0.0509336574756378,0,0,0,0.0162619295827998,-0.0317633272266033,0,0,0,0,0,0.0801158653787521,0,0,0.0444518958363951,0,0,0,0,0,0,-0.0443224458550684,0,0,0,0,0,0,-0.137770610493322,1.27027564237725,0,0,0,0,0,0,0,-0.0348080031413866,-0.239387252941409,0,0,0,0,-0.0912309373911578,-0.103739330590044,0,0,0,0,0,0,0,0,0,0,0,0.0467249261024971,0.100281639576085,0,0,-0.0754759887431009,-0.0461399471161788,0,0,-0.00654834226300378,-0.195152542788354,-0.139910841130578,0,0,0,0,0,-0.0860783399544782,0,-0.0453019920167479,0,0,0,0,0,0,0
0,-0.219748048860519,0,-0.0272731368737642,0,-0.35661284061658,0,0.0176298172557552,-0.113009983317097,-0.11717647482374,0,0,0,0.0961536415226434,-0.213727726333702,0,0.0299161019026008,0,-0.00556123526791343,0,-0.054741974258825,-0.0377341812585407,-0.0908405602829007,0,-0.23091928428951,0,0,0,0,0.0460809647986096,-0.131643818069088,0.0580198925939077,0,0,-0.15646076767985,0,0,0,0,0,0,0,0,0,0,0.0737327670067278,0,0,1.64485607271808,0,0,0,0.0757811034940354,0,0,-0.104528658375209,-0.165439569490894,-0.110842730834211,0,0,-0.119393342840076,-0.272931428777159,0,0.0466459503153481,0,0,0,0,0,-0.00355775031314565,0,-0.00515269490553024,0.107608923617,0,0,0,0,0,0.0869270300670004,0.0694846111451415,-0.11943847598905,-0.132618566538465,0,0,0.0483265681039878,0,0,-0.0298828555442838,0,-0.0847682432918491,-0.149983107924661,-0.169361657613676,0,0,0,0,0,-0.00545478004768009,0,-0.0348322764386913
0,0,0.0746711642811434,0,0,0,0,0,0,0,0,0,0,0,0,-0.0220604315772737,0,0,0,0,0,-0.0635679685319207,0,0,0,-0.156084219564766,0.0366709353163571,0,0,0,0,-0.00917054040059619,0,0,0.0240323840213414,0,0.0672929708547591,0,0.0376761254725965,0,-0.114334391779285,0,-0.0313650746534152,0,-0.018910325621843,0.26230130834611,0,0,0,1.18501361615605,0,0,0,0,0.102577560736918,0,0,0,0,0,-0.043878503986291,0,-0.0667843536508964,0,0.0169689409297553,0,-0.0445828617438288,0,0,0,0,0,0,0,-0.0683950142843885,0.0249639744425156,0,-0.0360406979361561,0.0243209474902924,0,0,0,0,0,0,0,0,-0.0387418115074414,0,0,0,0,-0.0869528377242061,0,0.0106892574453104,0,0,0,0,0.00182052265996203
0,-0.00957469897448126,0.0634207670248324,0.0213233095111763,-0.027265513961912,0,0,-0.0952445166804228,0,0,0.0110324881439323,-0.00223569145667478,0,0,0,0,0,0,-0.185753634821015,0,0,0,0,0,-0.0434432036273618,0,0,0,0,0,-0.0297442428790506,0,0,0,0,0,0,0,0,0,0,0.0896046015039105,0,0,0,0,0,0,0,0,1.32495865191172,-0.133661087243072,0,0,0,-0.0565163239008885,0,-0.00942726379746752,0,0,0,0,-0.0788642800295638,-0.0147816894145385,-0.0107592899736581,-0.016264657408173,-0.0558478340045049,0,-0.201447607924271,0.0826548672614039,-0.00122622409862281,0,-0.00516882424979986,-0.0642512442124762,0,-0.0174387656921773,0,0.0564109331581173,-0.0450881560601692,-0.0532084134742232,0,-0.08624250988398,0,0,0,0,0,0.0338376131787971,0.00650604169398053,-0.00399001475750831,-0.389309627318922,0,0,0,0,0,0,0,0,0
0,0,0,0,-0.0724484214862865,-0.305336849119641,0,0,-0.0217889065586853,0,0.0832412650508926,0,-0.0802630253252069,0,0.00607148958321662,0,0,0,-0.0831645235701599,0,0,-0.0145638215131714,0,0,0,-0.0471450181335006,-0.00569358025114444,0,-0.222750339730259,0,-0.0556319194468375,0.0293505924618632,0,0.0333036837867415,0,0,0.321867845804268,0,0,-0.0569776240720771,0,0.0499655633235957,0,0,0,0,0,0,0,0,-0.133661087243072,1.40246346301315,0,0,0,0,-0.101916098523355,0,-0.0363668358510701,-0.0419669605718924,0,0,0,-0.0520459338043677,0,-0.00795516161726813,0,0,-0.00858838258089386,0,0.0110353064635514,-0.0977644597900438,0,0,0,0,0,0.128689601591833,0,0,0,0,0,0,0,-0.0812991612813995,0,0,0.0156013330413846,0,0,0,0.0141341745441271,-0.0507773014406484,0,-0.0178295398903213,0,0,-0.00245410864297893,0
0,0,0,0,-0.0381050138866499,0,0,-0.117512813987118,0.0621205983306225,0,0,0,0,0,0,0,0,0,-0.0142992736616479,0,0,0.049549223331123,-0.0570060782837128,0.0623499552102982,0,0,0.0909749059499733,-0.000589635532770537,0,0,0.0407055863254628,0,-0.00763369200171456,0,0,-0.250093540352967,-0.0127557108408196,0,-0.0404292998750285,-0.00354937798591792,0,0,0,-0.0591559200781961,0,0,0,0,0.0757811034940354,0,0,0,1.14334722723189,-0.111876443818929,0,0,0,0,0,0,-0.0950969767082897,0,0,0,0,-0.0282790314716669,0,0,0,0,0,0,0,0,0,0,0,0,0,-0.0340757094674009,0,0,0,0,0,0,0,0,0.0133509221486541,0,0,0,0.05177602975411,0,0.0245128695655743,-0.0633552100100852,0,0,0,0
