"X1","X2","X3","X4","X5","X6","X7","X8","X9","X10","X11","X12","X13","X14","X15","X16","X17","X18","X19","X20","X21","X22","X23","X24","X25","X26","X27","X28","X29","X30","X31","X32","X33","X34","X35","X36","X37","X38","X39","X40","X41","X42","X43","X44","X45","X46","X47","X48","X49","X50","X51","X52","X53","X54","X55","X56","X57","X58","X59","X60","X61","X62","X63","X64","X65","X66","X67","X68","X69","X70","X71","X72","X73","X74","X75","X76","X77","X78","X79","X80","X81","X82","X83","X84","X85","X86","X87","X88","X89","X90","X91","X92","X93","X94","X95","X96","X97","X98","X99","X100"
1.1923950647659,-0.0419586123272693,-0.0534654423970892,0,0,0,0,-0.089286532172318,0,0.18561947378662,0,0,0,0.0447506660374951,0.059282432899524,0,0,-0.0953977271032579,0,0.00936466814779108,0,0,0,0,-0.0336530790663331,0,0,0,0,-0.0040417214653126,0,0,0,0,0,0,0,0,0,0,0,-0.108988355512755,0,0,-0.0170748975569313,0,0.00847590917643654,0,0,-0.0734891468750605,-0.0564304579071407,0,0,-0.112787974930704,0,0,0,-0.0936607504530106,0,0,0,0,0,0,0.0262872854986798,0,0.0639145148793017,0,0,0,0.18461464103892,0,0,0,0,0.0562280175666004,0,-0.037500883046846,0,0,-0.0846163660793666,0,-0.00383541528459379,0,0,0,0,0.0649694101271535,-0.154387766715659,0,0,0,0,0,0,0,0,0,-0.0107380027344775,0
-0.0419586123272693,1.2250424847194,0,0,0,0,0,0,0,0,0,0,0,0,0,0,0,0,0,0.169863012299308,0,0,0,0,-0.0522198383822314,0,0,0,0,0,0,0.0119953579281161,0,0,0,0.0163626508892118,-0.0293862412170008,0.0407875214615941,-0.00182419993573097,0,-0.0647949979508965,0,-0.00742930363467988,0,0.000112813471566315,0,0,-0.103913493422815,0,0,0,0,0,0,-0.0794446302072422,0,0,0,-0.0179632164328176,0,0,-0.178750208456906,-0.121453538560498,0,0.0260775661897605,-0.130903978063034,0,0,0,0,0,0.0609083065366686,0,0,0,0,-0.0250573179017944,0,0,-0.00476258401057294,0,0,0,0,0,0,0.0508547571891577,0,-0.043534051978433,0,0,0,0,0,-0.112878263623473,-0.243758605310371,0,0,-0.0406777763753815,-0.0445959592415387
-0.0534654423970892,0,1.36365407534534,0,0.102377862948093,0,-0.0289065784743643,0,0,0,-0.0325236550998835,0,0,0,0,0,-0.116617089838614,0,0.0215629528788917,0.21888604295023,0,0,0,0,0,0,0,0.168467483528983,-0.108581934515801,0,0.0531734792435908,0,0,0,0,0.0174897349532521,-0.0336324652786394,-0.0602830267650445,0.0375800813201191,0,0.138962258247793,-0.0201637221583058,0,0,-0.132540149978226,-0.12980158623131,0.0130138366213521,-0.13923277488775,-0.00965979931372313,-0.0654148534577284,0,0,-0.0804051283230938,0,0.118185186212175,0,0,0,0,0.0549104908278907,0,0,-0.064061027217188,0.0688973149621344,0,0,0,0.112466419857736,0,0,0,-0.0497712988228919,0,0,-0.0642308955498134,0.0253080517271317,0,-0.0841584755253758,0,0,-0.0490851816198998,0.00648694257448112,0,0,0,-0.0860182840866729,-0.215275032840877,0,0,0,-0.0535744984501522,0,0.0101815504852646,0,-0.147405462994641,0,-0.0843095910847362,-0.08976418545011,-0.0286643730131686,0
0,0,0,1.25480918335581,0,0,0,0,0,-0.0660858877896513,-0.049095774330805,-0.0408638841367905,0,-0.128756553707522,0.280365672845975,0,0,0.0266849892645568,0,0,0,0,0,0,0,0,-0.067352318650258,0,0,0,0,0,0,-0.0243837313429856,0,0,0.0889699782727913,0,0,-0.131373601256926,0,0,-0.0631445773535314,0,0,0,0.112838458179281,0.0787221772362035,0,-0.0382097106706503,0,0,0,0,-0.00347313931791933,0,0.0801336791808392,0,0,-0.11531797490309,0,-0.0384350766766173,0,0,0,0,0,0,0,0,0,0,0,0,0.0167661013290341,0,0,0,0.0807072247274963,-0.0109411523366168,0,0.0755789906264503,0,0,0,0,0,0.123795849359251,0,0.0262480112320148,0,0.0112278285748006,0,0,0,-0.0718972348124881,-0.0213677906038039,0,0,0
0,0,0.102377862948093,0,1.19471506573054,0,0,0,0,0,0,0,0,0,0,0,-0.0274334640806499,-0.0158178378616393,0,0,0,0.00944429022845178,0,0,0,0,0.0956011537564952,-0.0577185583237802,0.0111231408838171,0,0,0,0,0,0,0,-0.126914570410879,0.0184753727821763,0,0,0,0,-0.013012448157256,0,0,0,0,0,0,0,0,0,0,-0.170683729837342,0,-0.0350874189098716,0.102690152563653,0,0,0.0072182952419628,0.0185320262927885,0,0,0,0.0144543476513159,0,0,0,-0.121012519068641,-0.0363337007899364,0.0412140264302319,0,0,-0.0785880050400752,0,0,0,0,-0.0898505469101839,0,0.0286858096041771,0,0,0,-0.194711158333456,0,0,-0.0318111313287086,0.0615042692142431,0.0657119290683699,0,0,-0.00919387827191641,0,0.0128830151293221,-0.0987223094861652,0,0,-0.00419324755464902,-0.0137797448769031
0,0,0,0,0,1.12676708683544,0,0,-0.0265504993337054,-0.0373291445517836,0,-0.0861763773090106,0,0,0,0,-0.0100509512589136,-0.0368351276399763,0,0,0,0,0.0812636819153685,-0.111145549639123,0,0,-0.11172073417375,0,0,0,0,0,0,0,0,0,0,0,-0.115621865977476,0.0183985422293372,0,0,0,0,0.0525107074987338,0.0615185165369721,0,0,-0.0935229909122887,0,0,0,0,0,0,0,0,0,0,-0.00371407851934019,0.0307860710234568,0,-0.0176628220434221,-0.192986354997442,0,0,0,0,0,0,0,0,0,0,0,0,0,0.02578925261622,0,0.000460267709287327,0,0,0.00299823159468047,0,0,0,0,0.0197366095745186,0,0,0,0,0,0,0,-0.0527719874424138,-0.0503771316727698,0,-0.0143317556238445,0
0,0,-0.0289065784743643,0,0,0,1.17260145233919,0.0447612165976778,0.112562619304574,0,0.0146741018927611,0.058952049063672,0,0,-0.0604508997950643,0,0,0,0,0,0,0,-0.00833238528415426,-0.0924240768084744,0,0,0,0,0,0.108737429073838,0,-0.0294288020021368,0,-0.0512268193335878,0,0,0,0,0,-0.0476826064557712,0,0,0,0.00978483990829132,0,0,0,0,0,0.0458917610294924,0,0,0,0,-0.0850965431953954,0,0,0,0,-0.0104663884520192,0,0,-0.128559921172401,0,0,0,0,0,-0.116318348378138,0,0,0,0,0,0,0,0,0,0,0,0.0448030255854334,0.266096561232154,0.0930758407011885,0,-0.0512848368279873,0,-0.0103270359091137,0,0,0,0,0,0,0.050630878000665,0,0,0,0,0,0
-0.089286532172318,0,0,0,0,0,0.0447612165976778,1.32359931361849,0,0.0128335562993045,-0.183261095675319,0,0,0,0,0,-0.0663225990217529,0,-0.0362159601276927,0,0,0.0305373638096483,0,0.13809620738304,0,0,0,0.100348817486503,0,-0.191852306467296,0,-0.0304703741458537,0.111574688620859,-0.00740911344172286,-0.0615567656257997,0,0,0.0658589786122727,0,0,0.122472439069713,0,0,0,0.0304371181425916,-0.116779291265805,0,0,0,0.116923532777302,-0.0250991145832987,0,0,0,0,0,0.0163769200779497,0,0,-0.0439865542823721,-0.083601524740383,0.00990190583611786,0,0,-0.064373513430121,0,0,0,0,-0.160685979097144,0,0.0744905553359839,0,0,0.245879672748963,0,0.00429758887595398,0,0,0,0,0,0,-0.11301232986018,0,0,0,-0.113235870459543,0,0,-0.0622772905456193,0,0,0,0,0,-0.0721461500345267,0.0142293544016722,0,0
0,0,0,0,0,-0.0265504993337054,0.112562619304574,0,1.16147489779892,0,0.0640227335720858,0,0,0,0,-0.00537530878056809,-0.0482555887826264,-0.0465322212913392,0,0,0,0,0,-0.090639631483412,-0.0058731825057517,0.0130110211960009,0,-0.126888595695314,-0.0776266882001889,0,0,-0.0648292149426956,0.0628311402976019,0,0,0,-0.0298288628215504,-0.0772453485540057,-0.00424909723109032,0.0195662895580664,0.0306029749323191,0,0,0,-0.024597496660057,0.0707573124283108,0,-0.0324776124949712,0,0,-0.00417921757685445,0,0,-0.116941672295783,0,-0.0323688401785645,0,0,0,0,0.00489290129916899,-0.0367494854804194,0,-0.0118472236113896,0,0.0720306100714826,0,-0.0286013015594158,0,0,0,0,0,-0.118502424009469,0,0,-0.125015474933206,0,0,0,0,0,-0.0333093776499619,0,0.0617622501850334,0,0,-0.0163233813935314,0.0352023775260361,0,0,-0.0356135203608081,0.0113625178023099,0,0.0252210706152067,0,0,0,0,0
0.18561947378662,0,0,-0.0660858877896513,0,-0.0373291445517836,0,0.0128335562993045,0,1.14795170265003,0,-0.124075855738325,0,0,0.0353200017510826,0,0,0,0,0.00976275626887532,0,-0.065475650168537,0,-0.0376149550339596,0,-0.0283985535494759,0,0,0,-0.0654770371650741,0,0,0,0,0,0,0,0,0,0,0,0.00473000981821021,-0.0477244124763891,0,0,0,0,0,-0.0227707786882296,-0.000986647242882127,0,-0.0199194662081592,-0.00234826758142637,0,0.042384524296384,0,0,0,-0.0154901384063118,0,0,-0.0684754419140922,0,0,0,0.0363253268591195,0,0,0,0,0,0,0,0,0.0328482975709541,0.0316811500547089,0,0.117975657035788,0,0,0,0,0,0,0.0113098663902633,0.00142246474889646,-0.153109576948197,0,0,-0.0038126751844489,0,0,0,0,0.0188871279479358,-0.0238008725456728,0,0,0,0
0,0,-0.0325236550998835,-0.049095774330805,0,0,0.0146741018927611,-0.183261095675319,0.0640227335720858,0,1.34444835993559,0,0,0,0,0.183445885346433,0,0,0,-0.0275710495269406,-0.11254586729248,0.0771487213618848,0,0,0,-0.0299883251771695,0,4.89426599036111e-05,0,-0.0236599293538236,0.00781345196225115,0,0,-0.0291511271560619,0,0,0.03779030083128,0.049193104307147,-0.0675705602296778,-0.000421864841826989,0.181068537519426,0,-0.181611829980621,0,-0.00232777073536216,-0.0012406547114643,0.00560692230130207,-0.0768059799251971,0,-0.049671416487245,0,-0.069315643418564,0,0,0.00593659966252956,0,0.0359033060533189,0,-0.15240173241586,0,0,-0.00291944745150802,0.0391049857771308,0,-0.0369493405893054,0,0,0,0,0,0,0,0,-0.0119068146259162,0,0,0.0440211060312405,0,0,-0.0103499284740331,0,-0.00432107881644655,0,0,-0.108543641658862,0,0,0.256221527058638,0,0,-0.0243523848918686,0,0,-0.0264455443699979,0,0,0,0,0,-0.179128033033535
0,0,0,-0.0408638841367905,0,-0.0861763773090106,0.058952049063672,0,0,-0.124075855738325,0,1.26926967687955,-0.0599764681060477,-0.0951398938217883,0.0393668765346467,0,0.059876672575823,0,0,0.147421639277927,-0.0153202123066172,0,-0.122988383614612,0,0,0,0,0,0,0,0,0,-0.0868648508073397,0,-0.0132573724617005,-0.0619816595354914,0,0,0,0,-0.0989140873654331,0,-0.00627226181384232,0,0,0,0,0.13127724187983,-0.119738663843727,-0.0757755109661977,-0.0173726261353784,0,0,0,0,0,0.0784170780234275,-0.0544164049731476,-0.0466433574416358,0,-0.0936657269376553,0,0,0,0,0,0,0,0.0459486893648959,0,0,0,0,0.0737234132586567,0,0,0,0.168035236049742,-0.0552456246698351,0,0,-0.0573132004075027,-0.0179660495477818,0,0,0,0,0.00669467975769067,-0.0685517596816674,0,-0.0557531780131512,-0.0379863306068834,0,0,0,0,0,0,-0.0855836322627992,0
0,0,0,0,0,0,0,0,0,0,0,-0.0599764681060477,1.16438651428573,0,-0.0212113045647782,0,0,0,0,0,0.0185521751955645,0,-0.0515955732332181,0.147043893616843,0,0,0.0714339174272984,-0.0251781336788868,0.0312938569492016,0,0.0652455310505233,0,0,0.00828092041528763,0,0,0,-0.118779766170963,0,-0.0546366311657863,0,0,0,0,0,-0.171800882986043,-0.0235949244824488,0,0,0,0,-0.121236767625181,0,0,0,0.011526498257324,0,0,0,0,0,0,0,0,-0.0411125580071827,0,0.020250166225768,0,0,0,0,0,0,0,-0.0674336398667905,0,0,0,0,0,0,0,-0.0095781594709094,0.105528909584964,0,0,0,-0.0300272853053343,0,0,0,0,0,0,0,0,0.00316352019592366,-0.119578281915063,0.0974646610611288,0
0.0447506660374951,0,0,-0.128756553707522,0,0,0,0,0,0,0,-0.0951398938217883,0,1.17560320618998,0,0,0,0,0,0,0,0,0,0,0.0295989601832104,0,-0.103833366772081,0.0142589746764688,0.081902103191341,0.112997551388984,0.0227048452133456,-0.021459555352988,-0.0397731111515887,0,0,0,0,0,0,0,0,0,-0.0424316318536959,0,0,0,0.0471954698192316,0,0,0,-0.0225560185411188,-0.093751202144032,0,0,0.0261051482314083,0,0,0,-0.0169701013807548,0,0,0,0.0620801786252641,0,0,0,0,0,0,0.000380185711310784,0,-0.0332923349284208,0.00437424178579982,0,0,0,-0.0379318180090975,0.0275883561264137,0,-0.0963918641685293,0,0,0,0,-0.208024144017144,-0.0906906050916387,0,0,0,0.0630317499288748,-0.0173243537623943,0,0,0,0,-0.00703265584381571,0,0,0,0
0.059282432899524,0,0,0.280365672845975,0,0,-0.0604508997950643,0,0,0.0353200017510826,0,0.0393668765346467,-0.0212113045647782,0,1.33302872429596,-0.112835686405564,0,0.149135206469954,-0.00187427360847416,0,0,0,0,0,0,0,0,0,0,0,0,-0.0100738060856308,0,0,0,0,0,0,0,0,0,-0.0671783110347421,0,-0.105824629729789,0,0,-0.00623726906840871,-0.0183378763956091,0,0,0,0,0,0,0,0,0.135260959483394,0,0,0,-0.152767211616294,0,-0.0864735752130686,0.0909512106450039,-0.0361813738950144,-0.00494933672636291,-0.0594811997825708,0.122997675609115,0,0.0188042161516071,0,0,0,-0.0847274115905883,-0.0390443992342414,0,-0.158095683324595,-0.0752518229113411,0,0,0.0272890647838137,0,0,0,0,0,0,0,0.0436270961589467,0,0.115201762167058,-0.13212270641843,0,0,0,0,0.0101350555091992,0,0.00608148000020539,0
0,0,0,0,0,0,0,0,-0.00537530878056809,0,0.183445885346433,0,0,0,-0.112835686405564,1.27325086601191,0,0.0620617816137524,0,0,0,-0.0783909507404708,0,0,-0.0310731062138438,0,0,0.0191683166949213,0,-0.049710256466356,0,0,0,0,-0.0300293070107704,-0.0967138059545843,-0.0157178872339166,0,0,0.0266712541593403,0,0,0,-0.0924122846122291,0,0,0,0,-0.00806643461172534,0,0,0,0,0,0,0,0,0,0,0,-0.0944774369736165,0,-0.0254368621339294,-0.00611349705112542,0,-0.0193550598292088,0,0,-0.24679837690037,0,0,0,0,0,0,0,0,0,0,-0.0642449014507151,-0.177993759063436,0.01301496101649,-0.00626994145190603,0.038027736761264,0,0,0.0163517262165249,-0.0118876070999043,0.148561226604768,0,0,0,0,0,-0.0517011985591631,0,-0.000402720839193912,0,0,0.0817997088409521
0,0,-0.116617089838614,0,-0.0274334640806499,-0.0100509512589136,0,-0.0663225990217529,-0.0482555887826264,0,0,0.059876672575823,0,0,0,0,1.46855596091944,-0.159245303274608,0,-0.0935462916482712,0,0,0.0245180476812377,0,0,0,0,0,0,-0.173332742729585,-0.0471791053247103,0,0,0,0,-0.0314022541423607,-0.0991364945932883,0,-0.131159937990286,0,0,0,0,0,-0.049252914383204,0,0,0,-0.15312060426015,0,0,0,0,-0.205104219482372,0,-0.150497868729428,0,0,0,-0.0535170915779323,0,0.0639687400052376,-0.0150333144226858,0,-0.0316805957975401,0,0,0,0,-0.0163827856720928,0,0,0.057231787460463,-0.149432899267928,-0.220581304755716,0,0.0388956413663354,-0.0247807458320707,0,0,0,0.0790141554390619,0,-0.0394367614265065,-0.169545839080206,0,0,0,0.0925989906068936,0.0913675134574119,0,0.0559459787437295,0,0,0,-0.0147975719683207,-0.00570301150019697,0,0,0.0396813198023989
-0.0953977271032579,0,0,0.0266849892645568,-0.0158178378616393,-0.0368351276399763,0,0,-0.0465322212913392,0,0,0,0,0,0.149135206469954,0.0620617816137524,-0.159245303274608,1.42405277462315,0,0,0,0,0,-0.0800152033559071,0,0,0,0,0,0,0,0,0,0,0,0,0,0,0,0,0,0,-0.096060694461856,0,0,0,0.0587713214548425,0,0,0,-0.32915215851576,0,0.0140307885827154,-0.00267988770466478,0,0,0,0,0,0,0.12529731012435,0,0,0,0,0,-0.0252843242103402,0,0.0230474679633412,-0.140672233298983,0,0,0,0,0,0,0,0,0,-0.138439246667509,0,0,0,-0.228066354719858,-0.124513761576728,-0.0465215208934148,-0.015967055979463,0,0,0,0,0,0,0,0,0,0,-0.115815839432081,-0.124521451407514,0
0,0,0.0215629528788917,0,0,0,0,-0.0362159601276927,0,0,0,0,0,0,-0.00187427360847416,0,0,0,1.15050568993202,0,0,0.145556579046735,-0.118340906921197,0,0.0443445468798265,-0.16215486563034,0,0,0,0,0,0,0,-0.0319761463399427,0.0487437099916185,-0.0415249905862867,0,-0.0466939056231279,0,0.0491875379316105,0,0,0,-0.00560967173292511,0.033576487075224,0,0,0,0,0,0,0,0,0.0358526345546638,0,-0.102961200678479,0,0,0,0,0,0,0,0,0,0.126771295952561,0,0,0,0,0,-0.0702313330139117,0,-0.0325125301582542,0,0.134017294846054,0,0,0,0,0,0,-0.0181275872464931,0,-0.0396380029420886,-0.0999311596915786,0,0,-0.0177365155739667,0,-0.0598927155256715,0,0,0,0,0,0,0,0,0
0.00936466814779108,0.169863012299308,0.21888604295023,0,0,0,0,0,0,0.00976275626887532,-0.0275710495269406,0.147421639277927,0,0,0,0,-0.0935462916482712,0,0,1.28247712934058,-0.0281861430554212,0,0,0,0,0,0,0,0,0,0,0,0.0784153313969266,0,-0.359671971732312,0,0,-0.00729578524988006,-0.0773291125321366,0,0,0,0,0,0,0,0,0,0,0.000547779515969482,0,0,0,0,0,0,-0.0110445409513475,0,-0.0367049572852063,-0.0818368025952261,0,0.0243597025304619,0,0,-0.08708550536984,0,0,0.0732956496829305,0,0,0,0,0,0,0,-0.0611106693042876,0,0,0,0,0,0,0,-0.0817088246944218,0,0,0,0,0,0.0424349975254815,0,0,0.111500377289645,0,0.000222166196746711,0,0,-0.0542464488483194,0,0
0,0,0,0,0,0,0,0,0,0,-0.11254586729248,-0.0153202123066172,0.0185521751955645,0,0,0,0,0,0,-0.0281861430554212,1.22343012534305,-0.0248039742911325,0,-0.0468607874744885,0.0798842235059563,0.0523104415594285,0,0.107062959404235,0,0.0271250878760109,0,0,0,0,0,-0.058450710265173,0,0,0,-0.154660813172216,0,0,0,0,0,0,0,0,-0.0779978684382588,-0.0686214765479683,-0.0873076713476686,0,0,-0.0986190592327849,0,-0.00707672812741291,0,0,0,0,-0.01581360044173,0,0.0123818119338637,-0.0143349456916808,-0.0150960968125438,0,-0.0474354320319667,0,-0.0380308018573748,0,0,0,-0.235009457394249,0,0.0553793427622869,0,0,0,0,-0.00137448460917123,0,0,-0.0347665417481791,-0.0465181178189865,-0.0347465362483091,0,0,0,-0.0618565116628622,0,0,0,0.0831277196460429,0,0.0439441325064978,0,0.00541189691519855,0.018216057986241,0,0
0,0,0,0,0.00944429022845178,0,0,0.0305373638096483,0,-0.065475650168537,0.0771487213618848,0,0,0,0,-0.0783909507404708,0,0,0.145556579046735,0,-0.0248039742911325,1.44353167274678,0.0598147604701892,-0.130409057861984,0,0,0,0,0,0,-0.169144925443764,0,0,0.0246615139274118,-0.203356911741662,0,0,0,0.147027496115136,0,0,-0.0301324190437995,0,-0.125509765577878,-0.000519169303587935,-0.0207031290612892,0,0,0,0,0,0,0,0,0,0,0,-0.0223496089046346,0,0,0,-0.281518627603643,0,-0.0275072888209654,0,-0.0245651645465108,0.0112229772221211,0,0,0,0,0.0367444209298742,0,0.255345418726735,-0.0482369303505943,-0.144575907027143,0,0,0,0,-0.14188855426304,0,0,-0.03991243554333,0,0.058916811346566,0,0.149670956743814,0,-0.147985428160307,0,0,0.107678203851494,0,0,0,0,0,0,0
0,0,0,0,0,0.0812636819153685,-0.00833238528415426,0,0,0,0,-0.122988383614612,-0.0515955732332181,0,0,0,0.0245180476812377,0,-0.118340906921197,0,0,0.0598147604701892,1.10431875021566,0,-0.0963149762407658,0.0677910141412141,0,0,0,0,0.00651217084814028,-0.0346922777679444,-0.0808936700784351,0,0,0,0,-0.0153527028291866,0,0,0,0,0,0.0378793770168607,0,0,0,0,0,0,-0.0291583132471145,-0.0245140765134205,0,0,0,0,0,-0.023779978716015,0,0,-0.0862068344201801,0,0,0,0,0,0,0,0,-0.00123940631748065,-0.0705764242260024,0,0,0,0,0,0,0,-4.21198171811927e-05,0.0271858654784424,0,0,0,0,0.105312399446134,0,0,0,0,0.0902766573886507,0,0,0.000578141797033145,0,0.0169984208085514,0,0.00240915884997016,0,0,0
0,0,0,0,0,-0.111145549639123,-0.0924240768084744,0.13809620738304,-0.090639631483412,-0.0376149550339596,0,0,0.147043893616843,0,0,0,0,-0.0800152033559071,0,0,-0.0468607874744885,-0.130409057861984,0,1.35352039182856,-0.00116844005688436,0,-0.00447401935578167,0,-0.0169478675021506,0,-0.00282575726387995,0,0.103113832710943,0,0,-0.0952706564780139,0,0,0,0,0,0,-0.0519282944413696,0,0,0,0,-0.0236468802174109,0,0,0,-0.0376728613739994,0,0,0,0,0.105464759120468,0,0,0,0,-0.0756134076275154,0,-0.0158336200759327,0,0,-0.115883150871155,0,0,0,0.0947207900154964,0,0,0.00692791536300852,0,0.00682988059241479,0,0,0.0843408869591836,-0.0305472727494178,-0.0861144965999521,0,0,0,0,0,-0.216783882346112,0.221561518688146,0,0,0,0,0,0.0460342807153961,0,0,0,0,-0.00121287430123916,-0.0600631140725486
-0.0336530790663331,-0.0522198383822314,0,0,0,0,0,0,-0.0058731825057517,0,0,0,0,0.0295989601832104,0,-0.0310731062138438,0,0,0.0443445468798265,0,0.0798842235059563,0,-0.0963149762407658,-0.00116844005688436,1.17409142745435,0,0,-0.0202665740841979,0,-0.0661064841916417,0,-0.0948488994561968,0.0255705284658011,0,-0.110708290482448,0,0,0,0,-0.0250419660371461,0,0,0,0,0,0.0730410809860966,0,0,-0.0655421563611462,0.0549527639917165,0.0484054770425289,0,-0.0108040806144516,0.0530970692519975,0,0,-0.137279588712258,0,0,-0.107930663269279,0,0,-0.0204398004142212,0.0279364106969819,0,0,0,0.00383863034349776,0,0,0,0.027780701227071,0,-0.105596929327888,0,0,0,-0.00691239051110475,0,0,-0.0330065625404959,0,0.0132241909484187,0.00628104077889946,0.0640313960823349,0.0350645602957366,0,0,0.108425412214667,0,0,0,0.0647829734051992,0.00586393913272577,0,0,0,0,-0.0605212987808081,0
0,0,0,0,0,0,0,0,0.0130110211960009,-0.0283985535494759,-0.0299883251771695,0,0,0,0,0,0,0,-0.16215486563034,0,0.0523104415594285,0,0.0677910141412141,0,0,1.24346139144319,0,0,0,0,0,0,0,-0.0852652964534488,0,0,0.138364123421696,0.0531195287774043,0,0.00392704360565753,-0.0893789957825981,0,0,0,0,0,0,0,0.026630574054822,-0.0180138768876254,0,0,-0.0450771872159215,0,0,0.0859918116075686,0,0,0,0,0,0,-0.0156673059416312,0,0,0,0,0,0,0,0.0329155898763865,0,0,0.148208843577709,0,0,0,0,0,0,0,0,0,0,0,0,0,0,-0.018916514199669,0,-0.119716860848165,0,-0.0164108334279596,-0.204140802271559,-0.0265967517281308,0,0,0,-0.229644459247566,0
0,0,0,-0.067352318650258,0.0956011537564952,-0.11172073417375,0,0,0,0,0,0,0.0714339174272984,-0.103833366772081,0,0,0,0,0,0,0,0,0,-0.00447401935578167,0,0,1.25788216802115,0.0547573653351801,0,0,0,0,0,0,0,0,0,0,0,0,0,0,-0.0300604179177338,0,0,0,0,0,0,0.0480394660441575,0,0,-0.0310688930791494,0,0,-0.0306864864746771,0.216152240669852,-0.104504102219131,-0.0120586020999026,0,-0.220042881171835,0,0,0.239899372745043,-0.0328038040489451,0.0983569209288282,-0.136486893441843,0,0,0,-0.0986334017485431,0,0,0,0,0,0,0,0.00525821258136132,0.022022031136951,-0.0112241772155412,0,0.0586935173152019,0,0,0,0,0,0.0176150388619038,0,0,0,0.0099330133388667,0.0030442774142744,0,0,0,0,-0.0471975949386383,0
0,0,0.168467483528983,0,-0.0577185583237802,0,0,0.100348817486503,-0.126888595695314,0,4.89426599036111e-05,0,-0.0251781336788868,0.0142589746764688,0,0.0191683166949213,0,0,0,0,0.107062959404235,0,0,0,-0.0202665740841979,0,0.0547573653351801,1.25699923246667,0,0,0,0,0.0276463316760282,0,-0.18049625391375,0,0,0,0,-0.0531170919811371,0,0,0,0,0,0,-0.0221143300030163,0,0,0,-0.0864960489983397,0,0,0,0,0.00723016391564085,0,-0.0426232559311064,0,0,0,0,0,0,0,-0.0494163803800449,0.00268114112796368,0,0,0,0,0,0,-0.105733499777953,0,0,0.0211577629607484,0,-0.0636859495375914,-0.0113125986084727,0,-0.276846745021735,0,0,0.0111057112574853,0.0972723208058552,0,0,-0.0113917554308934,0,0,-0.0340825998346191,-0.0479350633610726,0,0.069669178558669,-0.0697571962896104,0,-0.0950160024779522,0,0
0,0,-0.108581934515801,0,0.0111231408838171,0,0,0,-0.0776266882001889,0,0,0,0.0312938569492016,0.081902103191341,0,0,0,0,0,0,0,0,0,-0.0169478675021506,0,0,0,0,1.08145851397673,-0.10091597664116,0,0,0,0,0,0,0,-0.0767705637342714,0.0460624072377525,0,0,0,0,0,0,0,0,-0.0628402946160151,0,0,0,0,0,0,0,0,0,0,0,0,0,0,0,0,0,0,0,0,0,0,0.0554078058838536,0.0269469358282266,0,0,0,0.0700873837842793,-0.0288683047671099,-0.0195914808205853,0.0560053057704223,-0.00786214599304011,0,0.0347454923204425,0,0,0,0,-0.0114719712739473,0,0,0,0,-0.0168886583737208,0.0137807065714723,0,-0.0754068408021052,0,0,0,0.0327276195428045,0
-0.0040417214653126,0,0,0,0,0,0.108737429073838,-0.191852306467296,0,-0.0654770371650741,-0.0236599293538236,0,0,0.112997551388984,0,-0.049710256466356,-0.173332742729585,0,0,0,0.0271250878760109,0,0,0,-0.0661064841916417,0,0,0,-0.10091597664116,1.32573240851491,-0.0643164190751333,0,0,0,0,0,0,-0.00428795679064076,0,0,0.0528739111160108,0,0,-0.16335441037034,0,0,0,0.114463794687717,0,0,0,0,0,0,0,-0.00632730885831873,0,0,0.035499823923553,-0.213838187863866,-0.0422743759253001,0.0167982406994047,-0.056046414968557,0,0,-0.142528217520759,0,0,0,0.0406748459427914,-0.0706903444958081,0,0,-0.0367734515952281,0,0.168415037771523,0,0,0,0,-0.0195626530490541,0,0,0,0,0,0,0,0.0958116253068979,0,0,0.012413405738914,0,0,-0.0379141101718801,0,0,0,0,0
0,0,0.0531734792435908,0,0,0,0,0,0,0,0.00781345196225115,0,0.0652455310505233,0.0227048452133456,0,0,-0.0471791053247103,0,0,0,0,-0.169144925443764,0.00651217084814028,-0.00282575726387995,0,0,0,0,0,-0.0643164190751333,1.32970371054531,0,0,0,0.119494318020248,-0.196073862880825,-0.127358251003253,0.0284256631126731,0,0,-0.0635467866983994,0,0,-0.0481627574022624,-0.121684132367766,0,0.050662588238999,0,0,-0.214659319211055,0,0,0,-0.102728482847308,-0.0140673351251103,0,0,0,0.081670322917293,-0.0655193568989252,0,-0.0144931614270306,-0.0476452807677643,-0.101144004382495,0.0137569892119327,-0.0168491872107881,0,0,0,0.113815748560412,0.0736748777131728,0.0641705772960256,-0.0234796505943729,0,0,0,0,-0.100881504889584,-0.0707028062693082,0.0168807087830213,0,0,0,0,-0.109859654236256,0,0.129103520688462,0.00989250467207006,0,0,0,0,0,0,0,-0.0134513190741281,0,0,-0.140838181386073,0.00760032541260501
0,0.0119953579281161,0,0,0,0,-0.0294288020021368,-0.0304703741458537,-0.0648292149426956,0,0,0,0,-0.021459555352988,-0.0100738060856308,0,0,0,0,0,0,0,-0.0346922777679444,0,-0.0948488994561968,0,0,0,0,0,0,1.2479387737528,0,-0.0844277646899046,-0.0239183491330834,0,0,0,-0.178240452134995,0,0,0,0,0.0163397565645424,0,0.00446004665372152,0,0,0,0.0039662361280517,0,-0.167850468479664,0,0,0,-0.0764006229646489,0,-0.187160936321689,0,0,-0.0844866904951983,0,0,0,0,0.0282646254866773,0,0,0,0,0,0,0,0,0.0745776875720263,0.0830861287013367,-0.0761652482409351,0,0,0,0.0891018109722924,0,0,0,0,0,-0.0463294120891755,0,0,0,0,0,0,0,0.208819637087274,0,-0.00428381894462737,0.0793808587339619,0,-0.0303682379042713
0,0,0,0,0,0,0,0.111574688620859,0.0628311402976019,0,0,-0.0868648508073397,0,-0.0397731111515887,0,0,0,0,0,0.0784153313969266,0,0,-0.0808936700784351,0.103113832710943,0.0255705284658011,0,0,0.0276463316760282,0,0,0,0,1.17709668959906,0.1287782643137,0,0,0,-0.0124339875743165,0,0,0,0,0,-0.0481856393575038,0,0,0,0,0,-0.0382768542171464,0,0,0,0.171887700079095,-0.00810615822648209,-0.173539474529149,0.00903944562800429,0,0.00734123710088218,0,-0.0377229657250346,0,0,0,0,0,0,0,0,0,-0.0699069768141102,-0.0130796073324936,0,0,-0.0268786714800378,-0.0246911953103613,-0.0968152399226726,0,-0.0492081245217225,0,-0.0410634977221137,0,0,0,-0.0634576467813721,0,-0.0121115544040155,0,0,0,-0.051981704862042,0,0,-0.0529555603101749,0,0,0,0,0,-0.0525905381165064
0,0,0,-0.0243837313429856,0,0,-0.0512268193335878,-0.00740911344172286,0,0,-0.0291511271560619,0,0.00828092041528763,0,0,0,0,0,-0.0319761463399427,0,0,0.0246615139274118,0,0,0,-0.0852652964534488,0,0,0,0,0,-0.0844277646899046,0.1287782643137,1.56159736480983,0.0120846427691209,-0.35477920775695,0.249114155685928,0.149742403501025,0,0,0,0,0,0,0,0,0,0,0,0,0,0,0.0424746280534393,0,0,0.0317440909211967,0,-0.124999077085569,0,0,0,0,0,0.0565945819592773,0,0.0313237565007086,-0.119072450183467,0,0,0,0.0729681520228906,0.0683249707031883,-0.0725376810711166,-0.10104663483138,0,-0.00412126924605431,0,0.344471820254263,0,0,0,0.0301701557542581,0,-0.210846375606819,0,-0.142579898231974,-0.0685618014676544,0.0562435400365714,0,0,0,0,0,0,0,-0.00751968458224361,-0.115714381926861,0,0,0
0,0,0,0,0,0,0,-0.0615567656257997,0,0,0,-0.0132573724617005,0,0,0,-0.0300293070107704,0,0,0.0487437099916185,-0.359671971732312,0,-0.203356911741662,0,0,-0.110708290482448,0,0,-0.18049625391375,0,0,0.119494318020248,-0.0239183491330834,0,0.0120846427691209,1.50219991808511,0,0,0,-0.0225151455638277,0,0.00969007494128454,-0.0228469007641097,0.0348932352701545,-0.0821477601004441,-0.0559821695680503,0,0,0,-0.15568970183996,0.0828327546316374,0,-0.0524911007991082,-0.0457987881261078,0,0,-0.169163527878834,0,0,0,0,-0.23218632183245,0,-0.198904962289959,0,-0.012624332186776,0,0,0,0,-0.0212503015163499,-0.0651190501789213,0,-0.0274952898921335,0,-0.0479194225543711,-0.0498592884138264,0,0,0,-0.0189899547321449,0,-0.114096439530924,0,-0.0277619166575746,-0.0162641743625519,0,0,-0.0677817749079758,0,0,0,-0.0969039353297749,0,0,0,0,0.0103018233492697,0,0,0
0,0.0163626508892118,0.0174897349532521,0,0,0,0,0,0,0,0,-0.0619816595354914,0,0,0,-0.0967138059545843,-0.0314022541423607,0,-0.0415249905862867,0,-0.058450710265173,0,0,-0.0952706564780139,0,0,0,0,0,0,-0.196073862880825,0,0,-0.35477920775695,0,1.38568395595178,0,0,0,0,0,0,-0.006607895970228,0,0,-0.153360125838991,0,0.021595150446187,-0.234449770514762,0,0.0182850967391954,0,0.0589631918374718,-0.0878671116480381,0,0,0,0,0,0,-0.16061277042565,0,0.00443922050964306,-0.039286216617311,0,0,0,-0.0285012039480967,0,0,0,0,0,-0.0368421936019285,0,-0.0162523146759376,0,0,-0.0378990679246529,0,0,0,-0.09540184655206,0,0,0.0205415822580526,0,0,0,0,0,0,0,0,-0.0198424431821409,-0.0622006148030476,-0.0341840512533614,0,0,0
0,-0.0293862412170008,-0.0336324652786394,0.0889699782727913,-0.126914570410879,0,0,0,-0.0298288628215504,0,0.03779030083128,0,0,0,0,-0.0157178872339166,-0.0991364945932883,0,0,0,0,0,0,0,0,0.138364123421696,0,0,0,0,-0.127358251003253,0,0,0.249114155685928,0,0,1.35764710088881,0,0,0,-0.0142978853539243,-0.145481620248992,0,-0.0440411589982698,-0.0930485120909269,0,0,0,-0.0498877110604086,0,0.0365618773561586,0,0,0,0,0,0,0.017785913203845,0,0,-0.0304320373002124,0,-0.0736754862534421,-0.0652780625326191,0.200240235490752,-0.0104201247948757,-0.225066855400446,0,-0.0411081213780195,0,0,0,0,-0.00816650381382278,0,0.131969808555869,0,0,0,0,-0.0600317467869416,0,0,0.124007695620708,0,-0.02622161991811,0,0,0,0,0,0,0,0,0,0,-0.0316578782341425,-0.0407723149541456,0,-0.0124192470135838
0,0.0407875214615941,-0.0602830267650445,0,0.0184753727821763,0,0,0.0658589786122727,-0.0772453485540057,0,0.049193104307147,0,-0.118779766170963,0,0,0,0,0,-0.0466939056231279,-0.00729578524988006,0,0,-0.0153527028291866,0,0,0.0531195287774043,0,0,-0.0767705637342714,-0.00428795679064076,0.0284256631126731,0,-0.0124339875743165,0.149742403501025,0,0,0,1.20683156002866,0,0,0,0,0,-0.122489054675396,0,-0.10902275127757,0,-0.0252915371708433,0,0,0,0,0,0.0644794123362183,0,0,0,-0.0865136666002398,0,0,0,0,0,-0.043476389537555,0,0,0,0,0.0197108493552196,0,-0.0208885844028805,-0.0736977209770245,0,-0.140701626818953,0,0,-0.0261153904279308,-0.0448165959660124,0,0,0,0,0,0,0,0,0,-0.0546736066041084,0,0,0,0,0.043143655567463,0,0,-0.0891644722426032,0,0,0.108905196161025,0
0,-0.00182419993573097,0.0375800813201191,0,0,-0.115621865977476,0,0,-0.00424909723109032,0,-0.0675705602296778,0,0,0,0,0,-0.131159937990286,0,0,-0.0773291125321366,0,0.147027496115136,0,0,0,0,0,0,0.0460624072377525,0,0,-0.178240452134995,0,0,-0.0225151455638277,0,0,0,1.37842736028872,0,0.0138092435734059,0,0,0.035842879690355,-0.0244846136476118,0.131832663982017,-0.0678735497352617,0,0,0,0,0,-0.0654055457635147,0,-0.0816467421870057,-0.325473000127642,-0.0662777729239013,0,0,0,0,0,0,-0.0172298244006457,0,0,0,-0.178135007272357,-0.141562577978978,0.0250018399048403,0,0,0,0,0,0.00286344432248164,-0.0432598794235581,0.119564898222176,0.0635999063598725,0,0,0,0,0.139448335498989,-0.0404467359306945,0,0,0,0.0979245166230314,0,0,0,0.0742943065679966,0,0,-0.170662978182991,0,0,0,0
0,0,0,-0.131373601256926,0,0.0183985422293372,-0.0476826064557712,0,0.0195662895580664,0,-0.000421864841826989,0,-0.0546366311657863,0,0,0.0266712541593403,0,0,0.0491875379316105,0,-0.154660813172216,0,0,0,-0.0250419660371461,0.00392704360565753,0,-0.0531170919811371,0,0,0,0,0,0,0,0,0,0,0,1.18541474395722,0.00136229465936614,0.0188413220122241,0,0.00157695518935723,0,-0.0820272899770154,-0.0352732045299574,0,0,0,0,0,-0.191148059637002,0,0,0.0420430223166915,0,-0.0768015093224344,0,0,0,-0.122128691292186,0,0,0,0,0,0.0488408737879104,0,0,0,0.0578143957632843,0,-0.00541808616239332,0.0165965578713271,0,0,-0.0927082815430139,0.168242301063346,-0.00776090714749393,0,0,-0.0148985695985134,0,-0.0340520354493636,0,0.064581203737274,0,-0.127453763743412,0,0,0.0448847145523168,0,0,0,0,0,0,0,0
0,-0.0647949979508965,0.138962258247793,0,0,0,0,0.122472439069713,0.0306029749323191,0,0.181068537519426,-0.0989140873654331,0,0,0,0,0,0,0,0,0,0,0,0,0,-0.0893789957825981,0,0,0,0.0528739111160108,-0.0635467866983994,0,0,0,0.00969007494128454,0,-0.0142978853539243,0,0.0138092435734059,0.00136229465936614,1.40781802092687,0,-0.0959929544623636,0,0,0,0,0,0.0344070854514459,0,0,-0.00169609541093695,0,0,-0.053400788034412,0,-0.0818307297565678,0,-0.012659265861596,0,-0.0518118427198275,0,0,-0.0634712879613826,0,-0.0360455442419124,0,0,0.133410955564481,0,0,0,-0.0807611387633975,0,-0.0792081542917842,0,0,0,0,-0.0513807863944903,-0.00815438988665285,0,0,0.124228687328012,0,0,-0.234160987682542,0.00362909014438322,-0.443334952470758,-0.0832387441812245,0,0,0,0,0,0,0,0,0.0557132219039005,0
-0.108988355512755,0,-0.0201637221583058,0,0,0,0,0,0,0.00473000981821021,0,0,0,0,-0.0671783110347421,0,0,0,0,0,0,-0.0301324190437995,0,0,0,0,0,0,0,0,0,0,0,0,-0.0228469007641097,0,-0.145481620248992,0,0,0.0188413220122241,0,1.14241801720432,0,-0.0973427278701511,-0.0118266094981398,0,0,-0.00397010321156597,0,-0.00987363738855777,0,-0.0442633066728059,0,0,0,0,0,0.0900178155924061,0,0.0825366146073348,0,0,0,-0.0905917190438267,0.0283592856886627,0,0,0.0972635399277092,0,0,0,0,0,0,0,0,-0.140282389749808,0,0,0,0,0,0,0,0,-0.0183234913795526,0,0,0,0,0,0,0.140040988351918,0,0,0,0,0,0,0
0,-0.00742930363467988,0,-0.0631445773535314,-0.013012448157256,0,0,0,0,-0.0477244124763891,-0.181611829980621,-0.00627226181384232,0,-0.0424316318536959,0,0,0,-0.096060694461856,0,0,0,0,0,-0.0519282944413696,0,0,-0.0300604179177338,0,0,0,0,0,0,0,0.0348932352701545,-0.006607895970228,0,0,0,0,-0.0959929544623636,0,1.20854403962748,0,0,0.0236208070896251,0.000618474422313176,0,0,-0.0120867840441734,-0.0320931639709827,-0.0330290282361684,0.0691954179891915,0,0,0,0,0,-0.110786899737527,0,0,-0.00402928483187699,0.0680605198723882,0.0102204211804643,0,0,0,0,0,0,0,0,0,0,0,-0.0599064502347834,-0.0606749135769325,0,-0.0313803082134177,-0.0700582372548612,0,0,0,0,0,0,-0.0747750408459397,0,0,0,0,0,0,0,-0.0244949947364624,-0.0335147385675092,0.112090638757842,0,-0.146894082819324,-0.00481831860225067
0,0,0,0,0,0,0.00978483990829132,0,0,0,0,0,0,0,-0.105824629729789,-0.0924122846122291,0,0,-0.00560967173292511,0,0,-0.125509765577878,0.0378793770168607,0,0,0,0,0,0,-0.16335441037034,-0.0481627574022624,0.0163397565645424,-0.0481856393575038,0,-0.0821477601004441,0,-0.0440411589982698,-0.122489054675396,0.035842879690355,0.00157695518935723,0,-0.0973427278701511,0,1.30472722628536,0,0,0,0,0,0,0,-0.0181536385162786,-0.0168947854566475,0,0,0,0,0,0,0,-0.0467924712404493,0,-0.0270478259338807,0,-0.131899675033794,0,0,0,0,0,0.0323493469725518,0,0,-0.0621589777777466,-0.184419837428837,0,0.141858516663721,0,0,0,-0.0286896688551948,-0.173792551121532,0.0968725541622077,0,0,0,0.0396023213109482,-0.0323930034702173,0.0942115744565612,0,0,0,0.0276235592550378,0,-0.0550997015627275,0,0,0,0,0
-0.0170748975569313,0.000112813471566315,-0.132540149978226,0,0,0.0525107074987338,0,0.0304371181425916,-0.024597496660057,0,-0.00232777073536216,0,0,0,0,0,-0.049252914383204,0,0.033576487075224,0,0,-0.000519169303587935,0,0,0,0,0,0,0,0,-0.121684132367766,0,0,0,-0.0559821695680503,0,-0.0930485120909269,0,-0.0244846136476118,0,0,-0.0118266094981398,0,0,1.20670444859449,0,-0.00489943012275066,-0.178198301686819,0,-0.167485648217866,0,0,0,0,0,0.0184637483896599,0,0,0.128106696437365,0,-0.0504812422183971,-0.0431511545680401,0,0.0218852001469934,0,0,0,0,0.0446461362366075,0,0.0331608142400773,0,0,0,0,-0.030568629680741,-0.0472031560901754,0,0,0,0,0,0,0,0,0,0.0113311403453463,0.0206646115662145,0,0,0,0,0,0,0,0,0,-0.164910032887227,0,0.000856854847604388
0,0,-0.12980158623131,0,0,0.0615185165369721,0,-0.116779291265805,0.0707573124283108,0,-0.0012406547114643,0,-0.171800882986043,0,0,0,0,0,0,0,0,-0.0207031290612892,0,0,0.0730410809860966,0,0,0,0,0,0,0.00446004665372152,0,0,0,-0.153360125838991,0,-0.10902275127757,0.131832663982017,-0.0820272899770154,0,0,0.0236208070896251,0,0,1.37015236321715,0,0,-0.058983289413397,0,0.000439434246731993,-0.00871175243965004,0,0,0,0,0.0416396028872716,0,-0.234193263827427,0,-0.235421807085874,-0.0912411347921906,0.00850257935090488,-0.0311772732836723,0,0,0,-0.013814593759972,0,-0.0666086022457125,-0.0280070591701907,0,0,0,0,-0.0716804098625827,0,0,0,0.0524957689540531,-0.100041426524345,0,-0.0406462310447123,0,-0.141844492545613,0,-0.000644401645588551,0,0,-0.0627974997822734,-0.078191352065045,0,0,0,0,0,-0.00410871774241537,-0.0393070886965388,0,0
0.00847590917643654,0,0.0130138366213521,0.112838458179281,0,0,0,0,0,0,0.00560692230130207,0,-0.0235949244824488,0.0471954698192316,-0.00623726906840871,0,0,0.0587713214548425,0,0,0,0,0,0,0,0,0,-0.0221143300030163,0,0,0.050662588238999,0,0,0,0,0,0,0,-0.0678735497352617,-0.0352732045299574,0,0,0.000618474422313176,0,-0.00489943012275066,0,1.14871955271638,0,0,0,0.0299647994138381,0,0,0,0,0,0.0178704969943605,0,0,0,0,0,0,-0.0253585524636036,0,0,0.0424876906844627,0.208164648856194,0,0.0320297364468124,0,0,0,0,0,0,-0.0806605314410117,0,0.0351858231368989,0,0,0,0,0,0.00217144795718387,0,0,0,-0.0394019303085831,0,0.0444040656808547,0,0,0.0269627830203582,-0.0119421392573616,0,0,0,0,-0.243656228597337
0,-0.103913493422815,-0.13923277488775,0.0787221772362035,0,0,0,0,-0.0324776124949712,0,-0.0768059799251971,0.13127724187983,0,0,-0.0183378763956091,0,0,0,0,0,0,0,0,-0.0236468802174109,0,0,0,0,-0.0628402946160151,0.114463794687717,0,0,0,0,0,0.021595150446187,0,-0.0252915371708433,0,0,0,-0.00397010321156597,0,0,-0.178198301686819,0,0,1.19897739569756,0,-0.0388879917310339,-0.0372132712778661,0,0.015211508750805,-0.0365913091225877,0,0,0,0,-0.0135189943527611,0,-0.00720329535484353,0,0.0597706614653924,-0.164718341147923,0,-0.0211592738596664,0,0,0,0,0,0,0,-0.00510469615472523,0,0,0,0,0,0,0.0153215241497959,0,0,0,0,-0.0172858933904807,0,0,-0.0812091740159301,0,0,0,0,-0.0446320094047773,0,-0.0685622826912845,0.153696799652389,0,0,0
0,0,-0.00965979931372313,0,0,-0.0935229909122887,0,0,0,-0.0227707786882296,0,-0.119738663843727,0,0,0,-0.00806643461172534,-0.15312060426015,0,0,0,-0.0779978684382588,0,0,0,-0.0655421563611462,0.026630574054822,0,0,0,0,0,0,0,0,-0.15568970183996,-0.234449770514762,-0.0498877110604086,0,0,0,0.0344070854514459,0,0,0,0,-0.058983289413397,0,0,1.40420860198619,-0.0286832673833464,0.184374186327711,0,0.0193372288390747,0,0,0,0,0,0.111112021223383,0,0.010402671581853,0,-0.149446473736817,0,0,0.0179291624274054,-0.0313680832768077,-0.0117670941397737,-0.0688556869373763,-0.0582227601171345,0,-0.0270260976207103,0,-0.182756408191211,-0.0464456772440006,-0.0374189606438562,0,0,0,-0.0780657123656101,0,0,0,0,-0.0448172959573527,0.0919498444981994,-0.0431357255813208,0,0,0,-0.0269242141230404,0,0,0,0.113523177968028,-0.13420801389665,-0.0724408713204977,-0.0816555597405621,0,0.00107624066674965
-0.0734891468750605,0,-0.0654148534577284,-0.0382097106706503,0,0,0.0458917610294924,0.116923532777302,0,-0.000986647242882127,-0.049671416487245,-0.0757755109661977,0,0,0,0,0,0,0,0.000547779515969482,-0.0686214765479683,0,0,0,0.0549527639917165,-0.0180138768876254,0.0480394660441575,0,0,0,-0.214659319211055,0.0039662361280517,-0.0382768542171464,0,0.0828327546316374,0,0,0,0,0,0,-0.00987363738855777,-0.0120867840441734,0,-0.167485648217866,0,0,-0.0388879917310339,-0.0286832673833464,1.32316235243431,-0.156123152969506,0,0,-0.0342339679887623,0,0,0,0,0,0.0188810461180856,0.0240791616845024,0,0,-0.0519573579473144,0,0,0,0,0,0,0,0,0,-0.0672463089370326,0,-0.0764609804372991,-0.164054497460949,0,0,0.0604386139196395,0,0,-0.0682025511423557,0,-0.0541858532070823,0,-0.0912097634333896,0,-0.0316473783706005,0,0,-0.0229679354871449,0,0,0.0831075063575537,-0.161903127882632,-0.00231889927699893,0,-0.0303476940866261,0
-0.0564304579071407,0,0,0,0,0,0,-0.0250991145832987,-0.00417921757685445,0,0,-0.0173726261353784,0,-0.0225560185411188,0,0,0,-0.32915215851576,0,0,-0.0873076713476686,0,-0.0291583132471145,0,0.0484054770425289,0,0,-0.0864960489983397,0,0,0,0,0,0,0,0.0182850967391954,0.0365618773561586,0,0,0,0,0,-0.0320931639709827,0,0,0.000439434246731993,0.0299647994138381,-0.0372132712778661,0.184374186327711,-0.156123152969506,1.43370598171229,-0.0904183222736928,-0.0582487923555201,-0.17499030022267,0,0,0,-0.0014851364197403,0,0,0,-0.127067001708995,0,0,-0.2099194711985,0,0,0,0,0,0.0282601261001045,0.0218398906295882,-0.00502842373749784,0.137099107016656,0.0261459351606273,0,0,0,0,-0.0193781661446004,0.0554216993431503,0,0,0,0,0,-0.0946315472667231,0,-0.096488828304529,0.16211085466241,0,-0.0777983645023316,0,-0.014798684410247,0,0,0,0,0,0
