"X1","X2","X3","X4","X5","X6","X7","X8","X9","X10","X11","X12","X13","X14","X15","X16","X17","X18","X19","X20","X21","X22","X23","X24","X25","X26","X27","X28","X29","X30","X31","X32","X33","X34","X35","X36","X37","X38","X39","X40","X41","X42","X43","X44","X45","X46","X47","X48","X49","X50","X51","X52","X53","X54","X55","X56","X57","X58","X59","X60","X61","X62","X63","X64","X65","X66","X67","X68","X69","X70","X71","X72","X73","X74","X75","X76","X77","X78","X79","X80","X81","X82","X83","X84","X85","X86","X87","X88","X89","X90","X91","X92","X93","X94","X95","X96","X97","X98","X99","X100"
1.16421723049668,-0.0266527963539673,0.150911424153907,0.038291921690008,0,-0.0539174581300509,0,0.0155144382930397,0.0127801934034582,-0.0476656184244355,0,0,0,0,-0.0924685998116978,0,0,0,0,0,0,0,0,0,0,0.0231058338641372,0,0,0,0,-0.118969249242291,0,0.0503413332410601,0,0.171790565158994,-0.0409916552333406,-0.0695816563933172,-0.151720958370591,-0.0269838071308506,-0.0137392277717133,0,0,0,0.129341605710515,-0.0140693415955596,0,0,0.020616352025528,0,0,0,-0.00244288970005912,0,0,0,0,0,0,0.0808344163673414,0,0,-0.0317870697975747,0,0,0,0,0,0.010489850187429,0,0,0,0,0,0.00398446141105483,-0.113387099383337,0,0,0,0,0.0384590496460342,0,0.0357594092778631,0,0,0,-0.0620767790645885,0,0,-0.0157006298075619,0,0,-0.0302280393466103,-0.00334181242457196,0,0,0,0,0,-0.0485296660024483,0.044244754990186
-0.0266527963539673,1.22909883168061,0.0119532073552792,0,0,0,0,0.0328746591343517,0,0,0.0466226909484403,0,0,0.051950913978717,-0.0605201379342428,0.018464577971459,0,0,0,0.103585081149535,0,0,0,0,0,-0.0476807360698782,0,0,0,0,-0.0691865189257093,-0.0529663530434648,0,0,0,-0.138312477488818,-0.0863981143802902,0,0,0,0,0,0,0,0,0,0,0,0,0,0,0,0.00968674741851488,0,0,0.0211899452000959,0,0,0,0.0107705249424618,-0.0292591888035502,0,0,0.0225083195941637,0,0.0676659934306376,0,-0.00701548636152538,-0.0278009667872427,0,0,-0.056972064500651,0,0,-0.233773077829501,0.015577174290481,0.020790474955988,0,0,0,0.0361406749226511,0,0,0.0882961286008125,0.284765160895717,0,0.0261815407823498,0,0,0,0,0,0,0.0585624074813284,0.0545446643391071,0.00556822912862717,0,0,0,0
0.150911424153907,0.0119532073552792,1.35229400586162,0,0,0,0,0,0,0,0.168226145172971,0.08263327611891,0,0.0147646848510615,-0.142611745465518,0,-0.0588368775806361,0,0,-0.0527704266352205,0,0,0,0,0.029315660722506,0,0.0509853493458816,0,0,0,0,0.109781372686091,0,0,0,0,0,0,-0.22100188677491,0,0,-0.036231864354138,0,0,0,0,0,0,0,-0.0778962050120306,0,0.0139655755512526,-0.0678008909805993,0,0,0,-0.0452152193630237,0,0,0,-0.0279573670670632,-0.0373225839714079,0,0,0,0,0,-0.147433927501934,0,0,0,-0.178613541017365,0,-0.0199237459293001,0,-0.0392792307916411,0,-0.0215113837075586,-0.108813168639065,-0.121405030587216,0,-0.0653028095149189,0,0,0,0,0,0,0,0.0315853628123517,0,0,-0.0717423792247626,0,-0.224192408301335,0,0.111429744135292,0.0611271633020867,0,-0.0954105471230294
0.038291921690008,0,0,1.1511498981873,-0.0228293023447549,-0.117882530989491,0,0,-0.144821724690725,0,0,0,0,0,0.0937356193611463,0,0,-0.00124233945031629,0,0,0,-0.0555453103443044,-0.0538765411507133,0,0,0,0,0,0,0,0.00703972098411602,0,0,0,-0.0490660309853177,-0.021620294937784,0,-0.0222605221994261,0,0,0,-0.133838557761108,0,0,-0.0145411191726956,0.0171323202748967,0,0,0,-0.00247887852189143,0.147812133618941,0,0,0,0.0314736280176878,0,0,0.05061507481549,0,0,0.0616823103618134,-0.0181440466510973,0,0,0,0.0235981914159606,-0.0213592976369496,0,0,0,0,0,0,0,0,-0.0900393488929158,0,0,0.102004964622319,0,0,0,0,0,-0.0880847583818363,0,0,0,0.00977740962012881,0,0,0,0,0,0.0894711048266913,0,0,0,0,0.0508188198580946
0,0,0,-0.0228293023447549,1.22252699507488,0,0,0,0.0485403972735344,0,0.0444390862034345,0,0,0,-0.0447772745297667,0,-0.0677981396792319,-0.0229839485749554,-0.129343283952187,0,0,-0.0888685088356082,-0.0385264954423521,0,0,0,0,0,0,0,0,0,0,0.0517250912202136,0.0132701727682748,-0.0198318570999543,0,0,0,0,-0.0283960450717811,0,0,0,0,0,-0.131184987759047,0,0.102821602679972,-0.0118279785611267,0,-0.123912591203871,0,0.0574065937757169,0,0,0,0,-0.10193972006902,0,0,0,0,0.0254974997843663,0,0,-0.10168755943896,0,0,0,0,0.00558850045824344,0,0,0,0,0,-0.120952160117942,0,-0.124734017107294,0,0,0,-0.0915531913682902,0,0.0780908301446465,0.1450311543978,-0.0208502404735256,0,0,-0.163390878312292,0,0,0,0,0,0,0,0,0
-0.0539174581300509,0,0,-0.117882530989491,0,1.30499651174114,0,0,0,0,0,0,0,0,-0.110471726891663,0,0,0,0,0.0313152423258164,0,0,0,-0.0207667439296109,-0.0315925856064791,0,-0.180755297749728,0,0,0,0,-0.0310700106047013,0,-0.0147024765149656,0,-0.0311722494201847,-0.0330773903676937,0,-0.0852000773214536,0,0,0,0.0219601357436641,-0.0875750522978097,0,0,0,0,-0.0256598629654421,0,0.0162476675589795,0.0291016079096024,0,0,0,-0.0569134763272068,0,-0.0423466564804933,0,0.0341939825416864,0,0,0,0,0,0.232509176260845,0,0,-0.175499509565503,0,-0.0871352551501801,0,0,-0.0159326620060711,0,-0.120530071561775,0.024357306121758,0.00239538745050076,0.0758979682864411,0,0,0.00779624016152849,-0.00283487902541438,0,0,0,0,0.0588223539723126,0,-0.0293668987320853,0.0782350393880117,0,0,0,0.139758102168396,0,-0.0222512120734614,-0.00351366212329613,-0.124403756303391,0
0,0,0,0,0,0,1.22404354716253,0,0,0,0,0,0,0,0,0,0,0,0,0,0,0,-0.0315628862972551,0,0,0,0,0,0,-0.0882825139865509,0,0.0257344398152078,0,-0.0284862168887171,0,0,0.0150420058019069,-0.0575834210013987,0,0,0,0,0,-0.0360551337236289,0,0,0,-0.139870716360939,0,0,0,0,-0.0577244004175806,0,0,-0.372213946146735,0,0,0,0,-0.0715672446533227,0,0,0,-0.0194765500760352,0,0,-0.0248561718233167,0,0,0,0,-0.0723332127171912,0,0,-0.00270660582426528,0.0763708765868355,0,-0.0605412363652802,0,0,0,0,0,0.11523885609968,0,0,0,0,0,0,0,0,0,0,-0.0644034103105662,0,0,0,0
0.0155144382930397,0.0328746591343517,0,0,0,0,0,1.31639663015841,0,-0.0615768824133224,0,0,-0.0181702138097617,-0.132887096828011,0,0,0,0,0,-0.00432761713743921,0.0828532843302395,0,-0.0133801610882639,0.0213510612785918,-0.0297628038577206,0,0.108494391347171,0,0,0,0,-0.0169936925806739,0,0.103649904562299,-0.207392905901382,0,0,-0.0229019852752244,0.00888805568580844,0.104544754946261,0,-0.0710648765132158,0,-0.104678247877528,0,0.0315181838876845,0,-0.238810637585459,0,0,0,0,0,-0.109634725935328,0,0,0,0.0845442829373323,0,-0.0215809665679274,0,-0.0583131272000454,0,0,0,0,0.0999519135590495,0,0,0,0.091015336090595,0,-0.187891516435214,-0.0782186150913521,0,0,0,0,0.00188166709268542,0,0,0,0,0,0,-0.103030189709932,-0.0183349572445461,0.161038793419266,0,0,0,-0.00977190377616313,0.0770472663258178,-0.0554705574525225,0,0,0.0778997127356313,-0.0158538653433241,0,0
0.0127801934034582,0,0,-0.144821724690725,0.0485403972735344,0,0,0,1.24203760926963,0,0,-0.0423770084595755,0,0,0,0,-0.0463899939459911,0,0,0,0,0.034960498937117,-0.127449492685295,0,0,0,0,0,-0.0519233745594956,0,-0.108210829171221,-0.0390899603737921,0,-0.172142004808523,-0.04021567284955,0,0,-0.00232589659757244,0,0,0,0,-0.0339346623322715,0,-0.0606235278266296,0,0,0,-0.121534890676814,0,0,0.0824129661402626,0,0,0,0.0310196016365839,0,0,0,-0.0785303181852835,-0.00400758736220096,0,0,0,0,-0.0748976733339932,0,-0.00634997182720557,-0.00864409425215314,0,0,0,0,0,0.00978596739346273,0,0,-0.261650149862557,0.0132126307806673,0,-0.0537320281668828,0,0,0,0,0,0,-0.0402434506618289,0.00257141188591635,0.0050367335432179,0,0,0,-0.0049144769264324,0,-0.153399571356087,0,0,0,0
-0.0476656184244355,0,0,0,0,0,0,-0.0615768824133224,0,1.27699526180068,0,0,0.0362755298985534,0,0,-0.0188564695522729,0,0,0,0.080099138654611,-0.00169426262480428,-0.137769311145347,0.0131529619049538,0,0,0.147192594607226,-0.191768822618466,0.00972901709406892,0.0113919144465757,0,0,-0.159350332335197,0,0,0,0,0,0,-0.0884855319264627,0,0,0,-0.017511397107275,-0.0224354412724859,0,0.0528418746049985,0.0143227570112737,0,0,-0.00873736656383385,-0.0751185810800958,0,0,0,0,0,0.0193364972271399,0.0151763221971265,0,-0.128066435900798,0,0,0,0,0,-0.100392762681261,0.0595624919736248,0.047042031798326,0,0,-0.120676696904754,-0.127026654009321,0,-0.0681492298612093,0,0,0,0,-0.028395840390557,0,0,0,0,0,-0.0428458550159097,0,-0.0185714318263651,0.0487005568658476,-0.0530573673304604,0,-0.0795749104696993,-0.12180736111157,0,0,0,0,0,0,0,0.210711252004126
0,0.0466226909484403,0.168226145172971,0,0.0444390862034345,0,0,0,0,0,1.50489934447539,0,0,-0.205952538528284,0.0213043238450398,0,0,0,0.0644716500777108,0,0,0.153755258138907,0,0,0,0,0,0,0,0,0.255261610120552,-0.0372414073340723,0,0.0283610490143337,0,-0.0264553392725258,0.00778051684593077,0.0925107202755767,-0.0923358253883708,0.276932673637682,0,0.0131431950463569,-0.0623743570762919,0.0527016300276215,-0.110589548150571,0,0,-0.039963776969766,0,0,-0.0954675191725991,0,0,0,0,0,0,0,0,0,0,0,-0.160684506643538,0,0.0108015226941603,0,0.0123535967614779,0,-0.125625909688205,0.0338107783947885,0,0,-0.0193054128879355,0,0,0,-0.00980085258101669,-0.0447728068169235,0.15434559767125,0,-0.00605309662857908,0,-0.0304500869170572,0.00056855003084894,0,0,0.0548283972173627,0,0,0,0,0,0.259401016389505,0,-0.219054032958026,-0.197629309335508,0,0,0.0602325552910425,0
0,0,0.08263327611891,0,0,0,0,0,-0.0423770084595755,0,0,1.11471395056735,-0.0793481693149443,-0.0353740586596116,0,0.134577255870976,0,0.0138619014091766,0,0,0.0937425698721796,0,0,0,0.0897439944345545,0,0,0,0,0,0,0,0,0,0,0.0153464066234526,0,0,0,0,0,0,0,0,0,0,0,0,0,0,0,0,0.0436357168855427,-0.0601658136718104,0,0,0,0,-0.000626788584263452,0,0,0,0,0,0,0,0,0,0,0.215424591331081,0,0,0,-0.0225779047921985,0,0,0,0,-0.0664275656846057,0,0,0,0,0,0,0,0,0,0,0,0,0,0,0.0598160054974124,0.0185586396465327,-0.0365353195993259,0,0,-0.0325214968530696,0
0,0,0,0,0,0,0,-0.0181702138097617,0,0.0362755298985534,0,-0.0793481693149443,1.21000363695205,-0.00214008759304405,0,0,-0.0116722591565108,-0.0651368962171462,0,0,-0.019666383402528,0.052239810186511,0,0.05996084814847,0.0444879156820366,0,0,0,-0.0384606193666937,-0.137656721638739,0,0,0,0.0546805998071993,0,0,0,0,-0.0742722626210836,0,0,0,0,0,0,0,-0.101065662023697,0,-0.0941243112015167,0,0,0,-0.0337977071185905,0,0.0253346505386073,0,0,0.00981276225114098,0.0214300735420911,0,0,-0.0394203981880043,0,0,0,0,0,0,0,0,0,0,0,0.0445230573404822,0,0,0,0,0,-0.0523643405575623,0,-0.0352201641195445,-0.0172190672536388,-0.131652645079037,0,0,-0.0363277535733547,0,0,0,0,-0.153493348737611,-0.0420754543446217,0,0,-0.177271320138608,0,0.120663303712057,-0.0404658608451918,-0.0602139175324306
0,0.051950913978717,0.0147646848510615,0,0,0,0,-0.132887096828011,0,0,-0.205952538528284,-0.0353740586596116,-0.00214008759304405,1.26012271838911,0,0.00816306837812143,0,0,0,0,0,0.0566903900623693,0,0,0,0,0,0,-0.00843017052030666,0,-0.0730148148433453,0,0.130863765265004,0,0,0,0.173372364491495,-0.0143007484527975,0,0,0,0,-0.272397511686545,0,-0.0992828754275606,0,0,-0.0464452895136268,0,-0.0267462775342733,-0.0194699435985747,-0.00304292387625129,0,0,0,-0.083310533307703,0,0,0,0.0262514136771814,0,0,0,0,0,0,0.00453940158281413,0,0.07436201482005,0,0,0,0,0,0,0,0,0,0,0,0,0,0,0,0,0,0,0,0,0,0.0601955544424932,0,0.0954208860226894,0,-0.00469212483884163,0,0,0.0133514741129163,-0.0251977174310061,0
-0.0924685998116978,-0.0605201379342428,-0.142611745465518,0.0937356193611463,-0.0447772745297667,-0.110471726891663,0,0,0,0,0.0213043238450398,0,0,0,1.51448838277701,0.0919876536043981,0,0.0551542692683488,0,0,0,0,0,0,-0.0663705759182585,0,0,0,0,0,0,0,0,-0.14045182578162,0,-0.233373843486855,0,0,0,0,0,-0.0424078098156088,0,-0.0444773980762624,0,0.291068777977601,0,0,0,0,0,0,0,0.0139883231035741,0.0592018223241358,0,0,-0.222456169503287,0.0287798444116822,0,0,0,0.105119181513044,0.0746858691597037,0.15958427955648,0,0,0,-0.0890407012164623,0,-0.0210664063060199,0,0,-0.0656577009208182,0.221655018749954,0,0.0371967342408633,0,0,0,0,0,0,0,0.156790980515522,-0.0461421721330668,0,0.0488369023924727,-0.0135296987735511,0,0.0213151359146379,0,0,0,0,0,0,-0.249115199893095,-0.140344542125493,0
0,0.018464577971459,0,0,0,0,0,0,0,-0.0188564695522729,0,0.134577255870976,0,0.00816306837812143,0.0919876536043981,1.2862093298699,0,-0.0152326291490087,0,0,0,0,0,0,0,0.111284455893755,0,0,0,0,0.00884747855042943,0,-0.0547367980914868,0,0,0,0,0.158217136491207,0,0,0,0,0.0180682338384705,-0.00978647914009913,-0.00330302884755551,0,0,0.00519427018199849,0.139495588867338,0,0,0,0,-0.0114669093069679,-0.050385171945545,0,0,0,0.026417460170727,-0.0305610349083341,0,0,0,0,0,0,0,0,0,-0.00753097787899414,0.00974278781490632,0,0,0.111736526570752,0,0.0323773601689136,0,0,0.0370816283281789,0,0.169316727672842,-0.128964550905473,0,-0.0334355359064796,-0.129852730028116,0.0272377601962549,-0.113642917683138,0,0.0147668064535775,0,-0.0270892457455217,0,0.0843782899985441,0,0,-0.21728469937046,0,0,0,-0.115883940668403
0,0,-0.0588368775806361,0,-0.0677981396792319,0,0,0,-0.0463899939459911,0,0,0,-0.0116722591565108,0,0,0,1.35490045718459,-0.0105518214424783,0,0,0,0,0,0,-0.0449547101217747,-0.0460025523466939,0.000662350855025028,0,0,0,0.244557464024272,0,0,0,0,0,0,0,0,-0.0573661971500712,-0.0600283660449255,-0.0427160059998706,0,0,0,-0.02816321789433,0,0,0,0,-0.0374406353555331,0.069193000034653,0,0,0,-0.24337984853392,0,0,0,-0.0620489503143228,-0.155967637904883,0,0,0,0,0,0,0,0,0,-0.0562682243909212,0,0.0474393873958274,0,0.120556731990885,0,0,-0.0262843560187271,0,0,-0.109105561719374,0,0,0,-0.106473318841055,-0.0095056620865193,0,0,-0.0042293486826653,0,0,-0.0655155525581847,-0.331375395264459,0,0,0,0,0,0,0
0,0,0,-0.00124233945031629,-0.0229839485749554,0,0,0,0,0,0,0.0138619014091766,-0.0651368962171462,0,0.0551542692683488,-0.0152326291490087,-0.0105518214424783,1.20081113148171,0,0,0,0,0,0,0.00220473489573731,-0.0112129862564866,-0.156562270859783,0,0,0,0,0,0,0.0296263043711851,0,0,0,0.0270531579075945,0,0.0605851242743203,0,0,0,0,0,0,0,0,0,0,0,-0.0170787029056178,0,0,0,-0.0522398451262082,0,0,0,0,-0.133613606234311,-0.0205209449910654,-0.210812917536365,0,-0.0432862593780341,0,0,0,0,0,0,0,-0.0280932083018284,0.105381339297324,0,-0.0647942060319397,-0.168806244161014,-0.0868733130508962,0,0,0,-0.0806446754510842,0,0,0,0,0,0,-0.00746676049781609,0.00143607200952296,0,0,0.0432652048578262,0,0.0187442599546206,0,-0.059649445318162,0,0,-0.00596781942113208
0,0,0,0,-0.129343283952187,0,0,0,0,0,0.0644716500777108,0,0,0,0,0,0,0,1.18882995722408,0,0,-0.0583606635334918,0.0403700218301333,0.01041218886367,0,0,0,0,0,0,0,0,0,0.0832212717557198,0,0,-0.0745538889675817,0,-0.136433698491122,0.0450310807177088,0,0,0,0,0,0,0,0,0,0,0.0756984270339895,0,0,0,0.0491673896931619,0,0,0,-0.0432368264522573,0,0,-0.0192471388170347,0,0,0.241700998217992,0.00315075323795962,-0.068319480646675,-0.0401151719401017,0,0,0.0266378525704308,0.015485284731059,0,0.0277810728072213,0,0.102015550700613,0,-0.15762049966123,-0.0829418186784045,0,0,0,0,0,0,0.0800874643888582,0,-0.0183149555765564,0.00655282021558344,0,0.0557715705012509,0,0,0,0,0,0,0,-0.0402848689871171,0
0,0.103585081149535,-0.0527704266352205,0,0,0.0313152423258164,0,-0.00432761713743921,0,0.080099138654611,0,0,0,0,0,0,0,0,0,1.11165613821795,0,0.0143761609096195,-0.0259561148579171,0,0,0,0,0.0358952634028094,0,0,0,0,0,0,0,0,0.0423230217620389,0.0130270209292408,0,0,-0.0343752714151518,0,-0.10390395874733,0,0,0,0,0,-0.0314408085620537,0,-0.0400604518490091,0,0,0.0204274822692319,-0.0416719135191806,0,0,0.0613529712242383,0,0,-0.162936196396696,0.00106295548228077,0,0,0.0704015350055347,0,0,0,0,0,0,0,0,-0.0444116979077283,0,0,0,0.132608032145809,0,0,0.00969951268933294,0,0,0.0171614172380969,-0.101070493711526,0,0,0,0,0,0,0,0,0,0,0.00159542190897634,0,0,0,0
0,0,0,0,0,0,0,0.0828532843302395,0,-0.00169426262480428,0,0.0937425698721796,-0.019666383402528,0,0,0,0,0,0,0,1.13536284250636,0,0,0,0,0.0492707478337336,0,0,0.0720670156779196,0,-0.0510721913291727,0,-0.068232315114678,0,0,0,0,0,-0.0777452576094588,0,-0.0177035769345758,0,-0.0154518175969812,0,0,0,-0.0106138302537494,0,0,0.135423338235762,0,0,0,0,0.0560007315317223,-0.121267863655458,0.0327399224052957,0,0.0166758052303808,0,-0.0100953278594455,0,0,0,0,0,0.108587509381029,0,0,0,-0.0435995078588204,0,-0.0881917588718198,0.0772306088026126,-0.0752027854674115,0.0196267990219056,0,0.040279004683149,0,0.0616744526507067,0,0,0,0,0,0,0,0,-0.0534873836203386,-0.0429470303396111,0,0,0,0,0.0555502454085989,-0.0157267524018366,0,0,0,-0.0487749185454942
0,0,0,-0.0555453103443044,-0.0888685088356082,0,0,0,0.034960498937117,-0.137769311145347,0.153755258138907,0,0.052239810186511,0.0566903900623693,0,0,0,0,-0.0583606635334918,0.0143761609096195,0,1.14485878455988,0,0,-0.0560436382659855,0,0,0,0,0,0,0,-0.119270344527516,0,0,0,0,-0.0163715811886948,0,0,0,0,0,-0.00341772452183906,0,0,0,0,0,-0.01439903124803,0,0,-0.0813400727736014,0,0.00311865647014594,0,0,0,-0.115917956275438,0,0,0,0,0,-0.116382734990818,0,0,0.0821036465556612,0,0,0,0,0,0,-0.0111318186612771,0,0,0,0,0,0,0,0.0522753721451443,0,-0.0854944641510262,0,0,0,0,0,0,0,0,0,0,0,0.0488437727181211,-0.00350448812955716,0,0
0,0,0,-0.0538765411507133,-0.0385264954423521,0,-0.0315628862972551,-0.0133801610882639,-0.127449492685295,0.0131529619049538,0,0,0,0,0,0,0,0,0.0403700218301333,-0.0259561148579171,0,0,1.12603309055493,0,0,0,0,-0.0819171379324964,-0.0511903545750721,0,0,0,0,-0.000648117818651398,0,0,0,0,0,0,-0.0149935835564402,0,0,0,0,0,-0.0147997887358099,0.0235868072752247,0,0.0229314165358964,0,-0.0209605571699355,0,0.0281561049363487,0,0,0,0,0,0.0192815908279992,0,0,-0.01643316160435,0,0,0,-0.0645731123283017,0,0,0,0.0848290177605733,0,-0.0176666942879318,-0.240720889526203,0,0,-0.0185861344619775,-0.0382921601140778,0,-0.0350996825919435,0,0,0,0,0,-0.0540086310295074,0,0,0,0.00297722399367471,-0.119637976868473,0,0,0,0,0.0483117329359801,0,0,0,0
0,0,0,0,0,-0.0207667439296109,0,0.0213510612785918,0,0,0,0,0.05996084814847,0,0,0,0,0,0.01041218886367,0,0,0,0,1.13807350216775,0,-0.00713894498961637,0,0,0,0,0,0,0,-0.07638183679259,0.0168095836979588,0,-0.0423929916568672,0,0,0,0,-0.0531232969994035,0,0.0376177109855403,0,0,0,0,0,0,0,0,0,0,0,0,0,0.0560463411113972,0,0,0.0204020311060515,0.0884821398769676,-0.0376952627449315,0,0,-0.0274197537026964,-0.0725279888437277,0,-0.0239924666171525,0,-0.027197808036491,0,0.0178444900420011,-0.0174235901281492,0,0,0,-0.058615308737016,0,0,0,0,0,0.145070230422762,0,0,0.0527184257459822,0.117456566294354,0,0,0,0.0301107462020868,-0.0380303591107734,0,0.0810911704631127,-0.00137097236778146,-0.172806601585045,0,-0.00111881956271694,0
0,0,0.029315660722506,0,0,-0.0315925856064791,0,-0.0297628038577206,0,0,0,0.0897439944345545,0.0444879156820366,0,-0.0663705759182585,0,-0.0449547101217747,0.00220473489573731,0,0,0,-0.0560436382659855,0,0,1.18252445947069,0,0,-0.049079277703806,-0.00994419757809091,0.0308344483717173,0,0,0,-0.0645191666479904,-0.0624605433053607,0,0,0,-0.210809558835556,0,0,0,0,-0.128292528088731,0,0,0,0,0,0,0,0,0,-0.0509313963768382,-0.0828058318016503,0,0.0841113902445314,0,0,-0.0190250167328617,0,0.0231722400792024,0.0859742651118584,0,0.000653250555302385,0,0,0,0,0,0,0,0,0,0,0,0,-0.0430169918563558,0.0876509999219034,0,0,0,0,0,0,0,-0.0869677485962864,-0.201156483953133,0,0,0.0255324302214304,0,0.0470841194381688,-0.0147436597974306,0,0,0,0,0,0
0.0231058338641372,-0.0476807360698782,0,0,0,0,0,0,0,0.147192594607226,0,0,0,0,0,0.111284455893755,-0.0460025523466939,-0.0112129862564866,0,0,0.0492707478337336,0,0,-0.00713894498961637,0,1.10900915415838,0,0,0,0.0864640061450133,-0.0442299568251047,0.0418743445238432,0,0,0,0,0,0,0,0,0,0,-0.0641333459096668,0.00365198091492634,0.0592396837497767,-0.027793628798051,0,0,0,0,0.139008072795791,0.069683606764793,0.0515541289671263,0,0,0,0,0,0,0.0333590055779837,0,0,0,-0.0135559493366095,0,0,-0.0225549469707662,0,0,0,-0.0210876577286915,-0.0410761074058644,0,0,0,0,-0.0349500088939841,0,0,-0.0233734676425657,-0.00612102632892749,0,0,0,0,0,0,0,0,0.00612903407780399,0,0,0,0.0602257213725209,0,0,-0.0680435115338826,0,0,0
0,0,0.0509853493458816,0,0,-0.180755297749728,0,0.108494391347171,0,-0.191768822618466,0,0,0,0,0,0,0.000662350855025028,-0.156562270859783,0,0,0,0,0,0,0,0,1.22740414693078,0.000542265705634928,0,-0.0745354536157459,0.00665016332640978,0,0.00435104650528244,0,0,0,0,0,0,0,0,0,0,-0.0570976237839144,-0.113613695782245,0,0,0,-0.00317549843644573,0,0.0356318104195877,-0.0295881911134282,0.0864463660453705,0,0,0,0,-0.0369323446609258,0,0,0,0,-0.0828267018677864,0,0,0,0,0,0,0.0246157591796698,0,0,-0.00276199405757356,0,0,-0.026426829679535,0,-0.0613396669492016,0,0,0,0,0,0,0,0.155193896129296,-0.100882868259225,0,-0.156852211299331,0,0,0,0,0.0396642596434884,0,0.0283194076378008,0,0,0.123088160268543,0.0761421034473162
0,0,0,0,0,0,0,0,0,0.00972901709406892,0,0,0,0,0,0,0,0,0,0.0358952634028094,0,0,-0.0819171379324964,0,-0.049079277703806,0,0.000542265705634928,1.09061840750402,0,0,0.00536337914276164,-0.109752392905612,0,0,0,0,0,0.0561154308261542,0,0,0,0,0,-0.103118170497877,0,-0.183691775027042,0,0,0.0673523124215185,0,0,0,0,0,0,0,0,0,0,0,0,0.0250894818551898,0.0248397426811692,0,0,0,0,0,0,-0.0583398024378686,0,0,0.0290074308235125,0,0,-0.0154351251392596,0,0,0,0.0302410946982117,0,0,0,0.0746161409687466,0.0140308623751281,0,0,0,0,0.0449127218704349,0,0,0,-0.0150624796524827,0.0255449040211925,0,0,0,0,0
0,0,0,0,0,0,0,0,-0.0519233745594956,0.0113919144465757,0,0,-0.0384606193666937,-0.00843017052030666,0,0,0,0,0,0,0.0720670156779196,0,-0.0511903545750721,0,-0.00994419757809091,0,0,0,1.15116619495535,0,0,0.011530765391629,0.220118408388097,-0.0700472640155208,-0.00871168133792972,0,0.0759511490654225,0,0.120874039478409,-0.0221746236780311,0.0691550032973523,0,-0.0711072099490145,0,-0.0996095475394289,0,-0.00421411599669364,0,-0.00939007883468265,0,0,-0.0200660658653599,0,0.0134364476600653,0,0,0.130409355448666,0,0,0,0,0,0.0233805149417915,0.00686953199987351,0,0,0,0,0,0,0,0,0.0329434156153649,0,-0.133347456520366,0,0.0240136974516041,0,0,0,0,0,0,0,0,0,0,0,0,0,0,0,0,0,0,0,0,0.0147162243967495,0,-0.0517516946725653
0,0,0,0,0,0,-0.0882825139865509,0,0,0,0,0,-0.137656721638739,0,0,0,0,0,0,0,0,0,0,0,0.0308344483717173,0.0864640061450133,-0.0745354536157459,0,0,1.34397668908479,0.094781447580785,0,0,0,-0.0603637163902773,0,0,0,-0.00346759684532267,-0.102667330436492,-0.020291055694594,0,-0.223727316700593,-0.0521578775808381,0,0,-0.126155771168465,0,-0.0309574895523402,0.045656795259432,0,0,0.0726995981538008,0.0315524703942448,0,-0.0124704745696885,0,0,0,0,0.000474538273475903,-0.074432934081302,0,-0.0693719389936255,0,0,0,-0.0378443117483232,0,0,-0.101135152374102,0,0,0,0,-0.128344719024787,0,0,0,0,-0.104552499443304,0,0,-0.0529900250532246,-0.220322420214453,-0.0418479320040107,0,0,-0.0675531655019717,0,-0.141071478709034,0,0,0.019504753828837,0,0,0,0,-0.111459434878249,-0.166236509186182
-0.118969249242291,-0.0691865189257093,0,0.00703972098411602,0,0,0,0,-0.108210829171221,0,0.255261610120552,0,0,-0.0730148148433453,0,0.00884747855042943,0.244557464024272,0,0,0,-0.0510721913291727,0,0,0,0,-0.0442299568251047,0.00665016332640978,0.00536337914276164,0,0.094781447580785,1.27396560416566,-0.00385239403015915,0,0,0,0.0044050344423189,0,0,0,0,-0.0905240030615788,0.0844737194742514,-0.220615504254984,-0.0595602573913881,0,0.0638465131588795,0,0.0223860034905102,0,0,0,0,0,0,0,0,0.0327285052701618,0,0,0,-0.0701685170064626,-0.125338285140758,0,0,-0.0400451217403463,-0.177740346264936,0,0,0,-0.0340618217718618,0,0,-0.00718933278840856,-0.0507875676194484,0,0,0,0,0,0,0,0.0116942051880859,0,0,0.0237620949802689,0,0,0,-0.0960239611650772,0,0,0,0,0,0,0,0,0,0,0
0,-0.0529663530434648,0.109781372686091,0,0,-0.0310700106047013,0.0257344398152078,-0.0169936925806739,-0.0390899603737921,-0.159350332335197,-0.0372414073340723,0,0,0,0,0,0,0,0,0,0,0,0,0,0,0.0418743445238432,0,-0.109752392905612,0.011530765391629,0,-0.00385239403015915,1.36787618551927,0,0.0561894907188614,-0.0382216592101708,-0.0184826988220675,-0.0151921148485376,0,0,0,0,-0.0316580379144998,0,0,-0.196763359739829,0.102065621240649,0.112937596873449,0,0,0.00688214336692384,0,0,0,0,0.0993523180508785,0,0,-0.0660009826166496,-0.0200610240083717,0,0,0,-0.12706249726614,0,0,0,0.0393118802299764,0,-0.21912967007927,-0.202016069566098,0,0,0,0,0,0,0,0,0.00732379351608577,0,0,0,0,0,0,-0.00732387410379861,0.228670364583368,0,0,-0.0584553900304029,0,0,0,-0.0530759074991672,0,0,-0.109041360598205,-0.153638729173939,0.0478111527613285,0
0.0503413332410601,0,0,0,0,0,0,0,0,0,0,0,0,0.130863765265004,0,-0.0547367980914868,0,0,0,0,-0.068232315114678,-0.119270344527516,0,0,0,0,0.00435104650528244,0,0.220118408388097,0,0,0,1.24458121413137,-0.000863929483132691,0,0,-0.0722062103741212,0,-0.0473135301832677,0,0,0,0,0,0,0.0931488870354516,0,-0.0255307164872519,0,0,0,0,-0.0718315846473341,0,0,0,0,0,0.0846247042295041,0,0,0,0.109779239330864,0,0,-0.0931393309543766,0,-0.0205624301691542,0,0,0,0,-0.12869678216309,-0.0341740888925384,0,0,0,0.0667035339541737,0,0,0,-0.0269824113342,0,0,0,0,-0.0298345994797284,-0.142196943158061,-0.0654974530333463,0,0,0,0,-0.133157307561712,0,0,0.119209862889965,0,0,0
0,0,0,0,0.0517250912202136,-0.0147024765149656,-0.0284862168887171,0.103649904562299,-0.172142004808523,0,0.0283610490143337,0,0.0546805998071993,0,-0.14045182578162,0,0,0.0296263043711851,0.0832212717557198,0,0,0,-0.000648117818651398,-0.07638183679259,-0.0645191666479904,0,0,0,-0.0700472640155208,0,0,0.0561894907188614,-0.000863929483132691,1.31885131385005,0.107900152098654,0,0,0,0,-0.0102936465834956,0,0,0,-0.029429994443454,-0.0603287464860534,0.0570219091746086,0,0,0,0,0.188104899066383,0.169736967585757,-0.0148003490749708,0,0,0,0.0828894905481432,-0.0634960724200617,0,0,0,0,0.0907247483227902,0.00770420587491702,0,0,0,0,-0.0930071291768688,0,0,0,0.160433875902699,-0.00477434692793372,0,0,0,0.0951915978632733,0.0808270336537637,0,0,0,0,0,0,0,0,0.0729697455093759,0.00552956201628284,0.0564673892516479,-0.102009625110762,0,-0.018476501185585,0,0,0,0,0,-0.0687482968496117,0
0.171790565158994,0,0,-0.0490660309853177,0.0132701727682748,0,0,-0.207392905901382,-0.04021567284955,0,0,0,0,0,0,0,0,0,0,0,0,0,0,0.0168095836979588,-0.0624605433053607,0,0,0,-0.00871168133792972,-0.0603637163902773,0,-0.0382216592101708,0,0.107900152098654,1.47142045001434,0,-0.0536505065772739,0,-0.0289058298467263,-0.238557465033666,0.0916137420477245,0,0,-0.0753529778251857,0,-0.0782494005241066,0.0184624862966017,0,-0.33763687374461,0,0,0,0,0,0,0,0,0,0,-0.0506420611051419,0.31519601886924,-0.000414942896176804,-0.00411048297150692,-0.0728100387236656,0,0.0622016732346158,0,-0.0571655651587583,0,-0.106814590168514,-0.0201770939632177,-0.0223299487624633,0,0,0,-0.144870854890438,0,-0.0216572396201798,0,0,-0.0295438602589688,0,-0.0098391952234348,0,0.106663645270295,0,0,-0.146811517829779,0.0131148497645356,0,0,0,0,0,0,-0.063219876185567,0,0,0.129437489175168,0
-0.0409916552333406,-0.138312477488818,0,-0.021620294937784,-0.0198318570999543,-0.0311722494201847,0,0,0,0,-0.0264553392725258,0.0153464066234526,0,0,-0.233373843486855,0,0,0,0,0,0,0,0,0,0,0,0,0,0,0,0.0044050344423189,-0.0184826988220675,0,0,0,1.22742207318291,0.151073392713346,0,-0.194445975854828,0,0,-0.135896696832171,0,0.00896955183838065,-0.00645673261446919,-0.221349236193752,0.0214958399610283,0,0,0,0,0,0.0358405124422739,0,0,0,0,0,0,0,0,0.0717489370962621,0,0.0436106623826321,0,0,0,0,0,-0.0351281700426063,-0.0422396498972164,0,0,0,0,0,0.00462950251295382,0,0,0,0.0780672068570185,-0.0362267269118835,0,0,0,0,0,0,0,0,-0.0350211382581824,0,0.00261471753747367,0,0,0,-0.114699253182129,0,0,0.0104245620562825
-0.0695816563933172,-0.0863981143802902,0,0,0,-0.0330773903676937,0.0150420058019069,0,0,0,0.00778051684593077,0,0,0.173372364491495,0,0,0,0,-0.0745538889675817,0.0423230217620389,0,0,0,-0.0423929916568672,0,0,0,0,0.0759511490654225,0,0,-0.0151921148485376,-0.0722062103741212,0,-0.0536505065772739,0.151073392713346,1.19683506369919,-0.0284653930991653,-0.0977718502840587,0,0,0,0,0,0.0279996703151885,0,0,0,-0.00187370132953402,0,0.0164099956224658,0.0873955178658911,0,0,0,0,0,-0.101730899948965,0,0.030198514159541,0.117893317841901,-0.00405161770791725,0,0,0,0.0466950727281043,0,0,0,0,0,0,0.0286117954882821,0,0,0,-0.125666966964686,0,0,0,0,0,0,0,0,-0.0890432169613771,0,0.0556769115549706,0,0,0,0,-0.122543946020646,0.0909860144700463,0,0,0,-0.0482800946982415,0,0
-0.151720958370591,0,0,-0.0222605221994261,0,0,-0.0575834210013987,-0.0229019852752244,-0.00232589659757244,0,0.0925107202755767,0,0,-0.0143007484527975,0,0.158217136491207,0,0.0270531579075945,0,0.0130270209292408,0,-0.0163715811886948,0,0,0,0,0,0.0561154308261542,0,0,0,0,0,0,0,0,-0.0284653930991653,1.24365015385795,0,-0.143210766939958,0,0,0,0,0,0,-0.0282610122263613,0,-0.179221126523851,0,-0.0461287881566355,0,0,0,0,0,0.0198644470004328,0.004622297565643,0,0,0,0,-0.0169202946109056,-0.0800170777028902,0,0,0,0,0,0,0,0,0,0,0,-0.0270952268386773,0,0,-0.00367422648490719,-0.0884036328206375,0,0,0.116976960855477,0,0,-0.242474378153816,0,0,0,0,0,0,0,0.0159514217642391,0,0,0,0.015017203914856,-0.0035560692424521,0
-0.0269838071308506,0,-0.22100188677491,0,0,-0.0852000773214536,0,0.00888805568580844,0,-0.0884855319264627,-0.0923358253883708,0,-0.0742722626210836,0,0,0,0,0,-0.136433698491122,0,-0.0777452576094588,0,0,0,-0.210809558835556,0,0,0,0.120874039478409,-0.00346759684532267,0,0,-0.0473135301832677,0,-0.0289058298467263,-0.194445975854828,-0.0977718502840587,0,1.92881395394016,0,-0.0100789057430486,0,0,0,0,-0.285559605798696,-0.011680796942144,0,-0.36595620267098,0,-0.13948901937016,0,-0.0281582550434804,0,0.0367433578266692,0,0,0,0,0,-0.0426967876829974,-0.0146046969113273,0,0,0,0.0516972217617982,-0.0648837107700277,0,0,0,-0.147485460907963,0,0,-0.280632592950386,-0.355258698221945,0,0,-0.136807665489715,0,-0.0445839245976789,0,0,0,0,-0.211018999025832,0,-0.0204532289075755,-0.0514550376889394,0,0,0,-0.0168032239071779,0,0,-0.330809463968586,0,0,0,0,0
-0.0137392277717133,0,0,0,0,0,0,0.104544754946261,0,0,0.276932673637682,0,0,0,0,0,-0.0573661971500712,0.0605851242743203,0.0450310807177088,0,0,0,0,0,0,0,0,0,-0.0221746236780311,-0.102667330436492,0,0,0,-0.0102936465834956,-0.238557465033666,0,0,-0.143210766939958,0,1.28930901441209,0,0,0,0,-0.237699883282425,0,0,0,0,0.00111744718067659,0,0,0,0,-0.00487519345601706,0,-0.0307768262912074,0,0,0.0583327774744035,0.0252714759945672,0.0253132894261943,0,0,-0.00436082159502672,0,-0.106550963374847,0,0.0230715461239357,-0.0795013341713228,0,0,0.131712984686139,0,0,0,0,0,-0.00505150095135728,0,-0.0768889902431273,0.0523335679343416,0,0,0,0,0,-0.0846586527055463,0,0,0,0,0,0,0,0,0.021145360339439,0,0,0
0,0,0,0,-0.0283960450717811,0,0,0,0,0,0,0,0,0,0,0,-0.0600283660449255,0,0,-0.0343752714151518,-0.0177035769345758,0,-0.0149935835564402,0,0,0,0,0,0.0691550032973523,-0.020291055694594,-0.0905240030615788,0,0,0,0.0916137420477245,0,0,0,-0.0100789057430486,0,1.07619721957331,0.0146640653159449,-0.0399656022057275,0,0,0,0,0,0,0,-0.0936718423423001,0.0520343691450441,0.0500635375715062,0,-0.00095104797487509,0.0153661975017462,0,0.0334209566898317,0,0,0,0,0,0,0,-0.0241327786633264,0,0,0,0,0,0,0,0,0,0,-0.0815577040010109,0.0178513007334183,0,0,0,0,0,0,0,-0.0196739321678084,0,-0.126311241871734,0,0,0,0,0,0.0475450608609749,0,0,0.0837376797884381,0,0,0
0,0,-0.036231864354138,-0.133838557761108,0,0,0,-0.0710648765132158,0,0,0.0131431950463569,0,0,0,-0.0424078098156088,0,-0.0427160059998706,0,0,0,0,0,0,-0.0531232969994035,0,0,0,0,0,0,0.0844737194742514,-0.0316580379144998,0,0,0,-0.135896696832171,0,0,0,0,0.0146640653159449,1.2001308409297,0,0,0,0,0.0167854296408919,0,-0.164053084682674,0,0,0.0799911135666602,0,-0.0251035795455586,0,0,0,-0.0832164283635477,0,-0.0755333930811823,0,0,0,0,0,0,0,0,-0.0346403914596695,-0.0422858734696105,0,0,0,-0.157573606355386,0.0644473686359017,0,0,0,0,0,0,0,0,0,-0.0167609623284036,0,0,0,0,0,0.149218541267653,0,-0.0275075745763896,0,0,0,-0.0329451824875244,0,0,0
0,0,0,0,0,0.0219601357436641,0,0,-0.0339346623322715,-0.017511397107275,-0.0623743570762919,0,0,-0.272397511686545,0,0.0180682338384705,0,0,0,-0.10390395874733,-0.0154518175969812,0,0,0,0,-0.0641333459096668,0,0,-0.0711072099490145,-0.223727316700593,-0.220615504254984,0,0,0,0,0,0,0,0,0,-0.0399656022057275,0,1.26272784553489,0,-0.0200449860459486,0,0,0,0,0,0,0,0,0,0,0,0,0,0,0,0,0,0,0,0,0,0,0,0,0,0,0,0,0,-0.126459828584032,0,0,0,0,0,-0.014882899588448,0,0,0,0,-0.0476962455772282,0.0165805435092234,0.156361223481844,-0.0298096874355443,0.0914573524136162,0,0,0,0.0455721220707355,0,-0.0771353666512805,-0.0772343316013349,0,-0.00696134810593311,0
0.129341605710515,0,0,0,0,-0.0875750522978097,-0.0360551337236289,-0.104678247877528,0,-0.0224354412724859,0.0527016300276215,0,0,0,-0.0444773980762624,-0.00978647914009913,0,0,0,0,0,-0.00341772452183906,0,0.0376177109855403,-0.128292528088731,0.00365198091492634,-0.0570976237839144,-0.103118170497877,0,-0.0521578775808381,-0.0595602573913881,0,0,-0.029429994443454,-0.0753529778251857,0.00896955183838065,0,0,0,0,0,0,0,1.19938139957789,-0.0299842974167513,0,-0.0447467073291072,0,0,0,0,0,-0.00560358503135773,0,0,-0.0775729241280221,0,0,0.014864001821735,-0.174684019761699,0,0,0,0,0,-0.0418337257709612,0,0,0,-0.0320049964498708,-0.0609970960743902,0,-0.044472639595792,0,0,0,0.0149515766421842,0,0,0,0,0,-0.152633826277337,0,0.0726875397167541,0,0,0,0,0,0,0,0,0,0,0,0.0444412719132176,0,0,0
-0.0140693415955596,0,0,-0.0145411191726956,0,0,0,0,-0.0606235278266296,0,-0.110589548150571,0,0,-0.0992828754275606,0,-0.00330302884755551,0,0,0,0,0,0,0,0,0,0.0592396837497767,-0.113613695782245,0,-0.0996095475394289,0,0,-0.196763359739829,0,-0.0603287464860534,0,-0.00645673261446919,0.0279996703151885,0,0,-0.237699883282425,0,0,-0.0200449860459486,-0.0299842974167513,1.2433262607255,0,0,0.095249110238815,0,0.00552145655369294,0,0,-0.0824874132868776,0,0,0,0,-0.0307935975454164,0,0,0,0,0,-0.097925123471488,0,0,0,0,0,0,-0.164972551429996,0,0,0.0509732946608604,0,0,-0.0830080899046945,0,0,0.0545939082248701,0,0,0,0,0,0,0,0,0.0122792350321643,0.0737456173577861,0,-0.117211649791898,0,-0.0225433314414735,0,0,0,0,0,-0.0152944887415138
0,0,0,0.0171323202748967,0,0,0,0.0315181838876845,0,0.0528418746049985,0,0,0,0,0.291068777977601,0,-0.02816321789433,0,0,0,0,0,0,0,0,-0.027793628798051,0,-0.183691775027042,0,0,0.0638465131588795,0.102065621240649,0.0931488870354516,0.0570219091746086,-0.0782494005241066,-0.221349236193752,0,0,-0.285559605798696,0,0,0,0,0,0,1.49187189690326,0,0.035304388806045,-0.0412720965452806,0,-0.0561128683760878,-0.0108228312318687,0.00233980111521347,-0.0726167316698082,0,-0.40036436535198,0,0,0,0,0,0.00290066290233543,0,0,0,0,0,0.0239702553350722,0.0651008754419464,-0.138582241333548,0,0,0,0,0,0,0,-0.0267569736600375,-0.00920807184098076,0.0382791801439833,0,-0.0457155014230973,0,0.0717763685341025,0,0,0,-0.0109822468710809,0,0,0,-0.0991559884615837,-0.0403546617336095,0,0,0.031681594517288,-0.0323085325689872,0,0,0
0,0,0,0,-0.131184987759047,0,0,0,0,0.0143227570112737,0,0,-0.101065662023697,0,0,0,0,0,0,0,-0.0106138302537494,0,-0.0147997887358099,0,0,0,0,0,-0.00421411599669364,-0.126155771168465,0,0.112937596873449,0,0,0.0184624862966017,0.0214958399610283,0,-0.0282610122263613,-0.011680796942144,0,0,0.0167854296408919,0,-0.0447467073291072,0,0,1.15797012170118,0,0,0,0,-0.0627982333814469,0.0694100197312781,0,0,-0.193477430342493,-0.0237430842290594,0.00180289865187183,0,0,-0.0559132639812272,0,0.0487823151906647,0,0,0,-0.0729811575970561,0,0.0115300728600227,0,0,0.0595629115454907,0,0,0,0,-0.0222918672127263,0,0,0,0,0,0.00119655919412938,0,-0.0319761439523189,0.0209297393211224,0.0122073057299056,0,-0.00697043913314162,-0.0450122671130904,0,0,0,-0.0877023462458066,0,0.0199600717541326,0.00440685903611739,0,0,0
0.020616352025528,0,0,0,0,0,-0.139870716360939,-0.238810637585459,0,0,-0.039963776969766,0,0,-0.0464452895136268,0,0.00519427018199849,0,0,0,0,0,0,0.0235868072752247,0,0,0,0,0,0,0,0.0223860034905102,0,-0.0255307164872519,0,0,0,0,0,0,0,0,0,0,0,0.095249110238815,0.035304388806045,0,1.20521724038847,0,0,0.0807495734167877,0,0,0.0132517315682783,0,0,0,0.0662620293006896,0,0,0,0,0,0,0,0,0,-0.0538603814388448,0.0218028933028656,0.086795339006489,0,0,0,0,-0.213559766564627,0,0.0609352702333838,0,0,0,0,0,-0.0637522835195348,0,0.0708084077693358,0,0,0,-0.0938697520295396,-0.00461337071872124,0.00564181648190943,-0.105810623349848,0,0,0,0.0637621660138906,0,0.0344772882217935,0,0.00795315290067403
0,0,0,0,0.102821602679972,-0.0256598629654421,0,0,-0.121534890676814,0,0,0,-0.0941243112015167,0,0,0.139495588867338,0,0,0,-0.0314408085620537,0,0,0,0,0,0,-0.00317549843644573,0.0673523124215185,-0.00939007883468265,-0.0309574895523402,0,0,0,0,-0.33763687374461,0,-0.00187370132953402,-0.179221126523851,-0.36595620267098,0,0,-0.164053084682674,0,0,0,-0.0412720965452806,0,0,1.67921324752713,0,-0.108916277703142,0,0,0,0,0.0145582456699389,0.0260699481298524,0,0.0934488959095562,0,0,-0.125698677718697,-0.113470900315059,0,0,0,0,-0.0249339770533257,0,0,0,0,0,-0.294759691928337,-0.044717133830781,-0.0236152074579981,0,0,0,0,-0.119047663418127,-0.114435835867631,0,0,0,0,0,0,0,0,0,0,0,0,0,0,0,0,0,0.24107591382269
0,0,-0.0778962050120306,-0.00247887852189143,-0.0118279785611267,0,0,0,0,-0.00873736656383385,0,0,0,-0.0267462775342733,0,0,0,0,0,0,0.135423338235762,-0.01439903124803,0.0229314165358964,0,0,0,0,0,0,0.045656795259432,0,0.00688214336692384,0,0,0,0,0,0,0,0.00111744718067659,0,0,0,0,0.00552145655369294,0,0,0,0,1.03868846869437,0,-0.00303896173377024,0,0,-0.0063885964349306,0,0,0,0,0,0.0139998219296079,0,0,0,-0.0603082374782064,0,0,0,0,0,0,-0.0671870900303913,0,0,0,0,0,0,0,0,0,0,0.04965034787675,0,0,0,0.00349961173941284,0.00631285633752262,0,0,0,-0.0111124808234552,0,0,0,0,0,0,0,0
0,0,0,0.147812133618941,0,0.0162476675589795,0,0,0,-0.0751185810800958,-0.0954675191725991,0,0,-0.0194699435985747,0,0,-0.0374406353555331,0,0.0756984270339895,-0.0400604518490091,0,0,0,0,0,0.139008072795791,0.0356318104195877,0,0,0,0,0,0,0.188104899066383,0,0,0.0164099956224658,-0.0461287881566355,-0.13948901937016,0,-0.0936718423423001,0,0,0,0,-0.0561128683760878,0,0.0807495734167877,-0.108916277703142,0,1.20056215595181,-0.0194468047019155,0,0,0,0.14057705332042,0,0,0.0554401671999673,-0.00454884181846276,0,0,0,0,0,0,0,0,0,0,0,0.0494329572727965,0,0,0,0,0,0,0,0,0,0,0,0,-0.0070691321434464,-0.0390434340442271,0,0,0,0,0,0,0,0,-0.0390695063616005,0,0,0,0,0.0374264096902506
-0.00244288970005912,0,0.0139655755512526,0,-0.123912591203871,0.0291016079096024,0,0,0.0824129661402626,0,0,0,0,-0.00304292387625129,0,0,0.069193000034653,-0.0170787029056178,0,0,0,0,-0.0209605571699355,0,0,0.069683606764793,-0.0295881911134282,0,-0.0200660658653599,0,0,0,0,0.169736967585757,0,0,0.0873955178658911,0,0,0,0.0520343691450441,0.0799911135666602,0,0,0,-0.0108228312318687,-0.0627982333814469,0,0,-0.00303896173377024,-0.0194468047019155,1.1506440341253,0.0149203802711807,0,0,0,0,0,0,0,0,-0.0361103794519337,0,0,0.0155259978891,-0.012339428140391,0,0.107898439421092,0.0838841614559161,0,0,0,0,0,0,-0.0180283903558307,0.0367227244222627,0,0,0,0,0,0,0,0,0,0,0,-0.062346201568227,-0.096698897001697,0,0,0.0167994643995704,0,0,0,0,0,0,-0.0795665762843518
0,0.00968674741851488,-0.0678008909805993,0,0,0,-0.0577244004175806,0,0,0,0,0.0436357168855427,-0.0337977071185905,0,0,0,0,0,0,0,0,-0.0813400727736014,0,0,0,0.0515541289671263,0.0864463660453705,0,0,0.0726995981538008,0,0,-0.0718315846473341,-0.0148003490749708,0,0.0358405124422739,0,0,-0.0281582550434804,0,0.0500635375715062,0,0,-0.00560358503135773,-0.0824874132868776,0.00233980111521347,0.0694100197312781,0,0,0,0,0.0149203802711807,1.25656131211534,0,0,-0.151001763517426,-0.224632348270109,0,0,0,0,0,0,0,-0.0304753493786743,-0.0920143822392691,0,0,-0.0104269509968767,-0.157869344206993,0,0,0,0,-0.232625867081028,0,0,-0.042058924814427,0,0,0,0,-0.0300440463000187,-0.0323643717951322,0,0,0,-9.36574861774621e-05,-0.0888220404358804,0,0,0,0,-0.0322048989602057,0,0,0.0728127646682177,0,0,0
