"X1","X2","X3","X4","X5","X6","X7","X8","X9","X10","X11","X12","X13","X14","X15","X16","X17","X18","X19","X20","X21","X22","X23","X24","X25","X26","X27","X28","X29","X30","X31","X32","X33","X34","X35","X36","X37","X38","X39","X40","X41","X42","X43","X44","X45","X46","X47","X48","X49","X50","X51","X52","X53","X54","X55","X56","X57","X58","X59","X60","X61","X62","X63","X64","X65","X66","X67","X68","X69","X70","X71","X72","X73","X74","X75","X76","X77","X78","X79","X80","X81","X82","X83","X84","X85","X86","X87","X88","X89","X90","X91","X92","X93","X94","X95","X96","X97","X98","X99","X100"
1.32237839068331,0,0.0399683401577494,0,-0.118920015914051,0,0,0,-0.032936217665495,0,-0.0169599685642583,0,0,0,0,0,0,0,-0.00963151851933949,-0.0314972204471164,0,0,0,0,0,0,0,0,0,-0.249259316197126,0,0,0,-0.0490733610662453,0,-0.0576155611597641,-0.0183851547583739,0.0646519646512377,0,0.0214118755788686,0.0906775410590271,0,0.000264584209233634,0,-0.145243304787041,0,0,0.00817918508076295,0,-0.242787906555073,0,0,0,0,0,0,-0.188421626545771,0,-0.208341242219949,0,0.0294954074416627,0,0,-0.146092134944198,0,0,0.00408967052864601,0,0,0,0,-0.0182479738657781,0,0.0194584151492207,0,0,0,-0.179101793381565,0,0,0,0,0,0,0,-0.0656126118355491,0,0.0108389666751589,0,0.0506581562679784,0,0,0.0636299381501541,0,0,-0.0505433281806698,0,0,0,0
0,1.28398118539851,0,0,0,-0.0084208546180239,0.0226393869996407,0.101261769270697,0,0,0,0,0,0,0,0.00982253328984769,0.0126232878587172,0,-0.0283049133807997,-0.0184406740426242,0,0.0063778587591916,-0.0494351942200423,-0.185806192579707,0,0,0,0,0,0,0,-0.0513127943904498,0.0529237907625947,0,0,0.204204117399483,0,0,0,0,0,0,0,-0.209449567506567,-0.0425496965193031,-0.0563916161541992,0.00736862554711828,0,0.00699909852247038,0,0.067674050976401,0,0.0902021226571722,0,0,0,-0.0130565910798775,0,0,0,0,0,-0.0552911979304878,-0.00384816545591344,0.0766515882846357,-0.000355304532239355,0,0,0.21829113526035,0,-0.048789207271192,0,0,0,0,0,0,0,0,-0.0890555197871871,0,0.0106767920833844,-0.0567531425159453,0,0.022127522137434,0.0845468301430572,0.0682693271836011,0,0,-0.0114629800647822,0,-0.0967656404546841,0,0,0,0,-0.0744981904361474,0,0,0
0.0399683401577494,0,1.22039897160168,0.0640961568884872,0,-0.145119441538673,0,0,-0.0426210392019771,0,0.049521319740268,0,0,0,0.161011422533541,-0.102830359220094,-0.18758532851063,0,0.0125083748913164,0.00115617067376954,0,0.141097106698621,0,0,-0.00490156623951072,0,0,0,0,0.078219456607842,0.0727714963470454,0,0,0,0,0.0192428265738338,0.0805943364979891,0.0276051335760217,0,0,0,0,0,0,0,0,0,0,-0.0464680619199893,0,0.0195216524956576,0,0,0,0.11371147573773,0,-0.142703969710132,0,0,0.0977760582820891,0,0,0,0.0247584402551127,0.0287588758407963,0,0,-0.0657189804369163,0,0,0.068599221998506,0.0816549658595153,0.00643219068976033,0.0300542143096977,0,0,0,0,0,0,0,0,0.0138768856720459,0,0,0.1613845591686,0,0,0,-0.0393760974130056,0.0800704266776617,0,0,0,0,-0.0478430487054896,0.00159115215736849,0,0.00211972854833182,0
0,0,0.0640961568884872,1.22511736150588,0,0.0591425227975082,0,0,0,0,0.119736690588528,0,0,-0.124078596302555,-0.00825937101119446,0,-0.0303851657606482,-0.0944675376348605,0,0.00257294385950984,0,0,-0.0489604281598203,0.00545648620450787,0,0,0,-0.135162517342992,0,0,-0.0735962964638237,-0.00888603945913933,0,0,0,0,0,0,0.126687801445561,0,0,0.146187962436729,-0.0314264065860147,0,0,-0.0619764361845852,0,0,0,0,0.0170220456080191,0,0,0,-0.0067583087431906,0,-0.0548438322773,-0.00642641070532412,0,0,-0.0623760033372013,0,0,-0.0607471049067058,0,0,0,-0.0377902126679795,0,0,0.00777694273199261,0.0131712017342891,0,-0.0342913030065892,-0.0516063503666933,0.19484143331664,0.0115752941781716,0,0,0,0,0,0.0395490444628914,-0.0605498919541737,-0.1421872324484,0,0,0.0628260288190299,0,-0.0243934280185123,-0.0535317720219021,0,-0.0260935222629261,0,0,0,0,0,0,-0.137751646887099
-0.118920015914051,0,0,0,1.3274404527155,0,-0.0378927494732203,-0.0629903764655043,0,-0.0131955485631224,0,-0.147689095551871,0,0,0.0469771618754604,0,-0.0393395984719489,0,-0.272502764099289,0,0.106226329599327,0,-0.109165035440494,0,0,0,-0.00794421863006636,0,-0.078013188839641,-0.00994597335436822,-0.0511930025462118,0,-0.015785680081939,0,0,-0.0483851950685401,0.0435701471023476,0.0808641254500501,0,0,-0.0759948406827824,0,0,0,-0.0355507520210842,0,0,0,0,0,0,0,0,-0.130032369784838,0,0,0,0,-0.0409513473354377,0,0,0,0.00876966992805563,0,0.113472611648073,0,0.117139700125959,0.0362633290381376,0,0,0,0,0,0,0,0,-0.0809691038477852,0,0,0,0,0,0,0,0,0,0,0,0.0243534243797261,0,-0.0779228086989801,0,0,-0.182737883408326,0,0,-0.0817306067876253,0,-0.0354835971968412,0
0,-0.0084208546180239,-0.145119441538673,0.0591425227975082,0,1.20403337443685,0.100818699381435,0,0,0,0.015327446443806,0,0,0,0.0492998239606283,-0.0886036415910504,0,0,0,0,-0.0993309690954588,0,0,0,0,0,0,0,0,0,0,0,0.037397893172035,0,0,-0.0193073676564907,0,0,-0.0291217439599571,0,0,0,0,0,0,0,0.040025440462619,0,0,-0.0798349797054537,0,0,-0.117058310900093,0,0,0,0,0.17694790728781,0,0,0,0.0205913705186144,0,0,0.0215988991507479,-0.0624895847993558,-0.0755474729920365,0.193135355209111,0,0,-0.11295176120267,0,0.0132688515975066,0.0192881831341287,0,0,0,0,0,-0.0743044929095754,-0.0880328737349263,0.0580543111315135,-0.00710980819490033,0,-0.1115046407068,-0.040554561113849,0,0,0,0,0,0,0,0.0405729812023317,0,0,0,0,0.0576106627355881,0.0618198001552179
0,0.0226393869996407,0,0,-0.0378927494732203,0.100818699381435,1.2438099976649,0,0,0,0.0674145364305354,0,0,0,0.131924825884735,-0.10724827598709,-0.115917837978447,0,0,0,0,0,0,0,0,0,0,0.0194339009159775,0,0,0,-0.0204050869078727,0,0,0,0,0,0,0,0,0.136213258999291,0,0.0225064635155114,0,0,0,0,0,0.0362875328167922,0,0,-0.0406016419505861,0,0,0,0,0,0,0,0.0373562616896617,0,0,-0.068487894420938,0,0,0.00478298285442935,0,0,0,0.0344021076326456,0,0.00706974455662212,-0.148629376905025,-0.0668994179252262,0,0,0,-0.110381690733352,0,0.00553328438177446,0,-0.00697827482673323,0,0,0,-0.17345306318054,-0.199628010347351,0,0,0.0792784660750277,0,0,-0.0229031325467432,0,-0.130736184196456,0.141246719463325,0,-0.0183811591309541,-0.00551396838225596,0.0263692173443439
0,0.101261769270697,0,0,-0.0629903764655043,0,0,1.24393191724889,-0.0614462224590641,0.082174069091069,-0.0749000880923702,0,0.00299944008972894,0,0.00556449895929893,0,0,0,0,0,0.0087923339454207,0,0,0,0.00878900215368345,0,0,0,0.0317499900645947,0,0,0,-0.0110585124645189,-0.10851476745293,0,0,0,0,0,-0.0372105583189027,0,0,-0.0531812991800978,0.0802480752643887,0,0.128099634076719,-0.0700975167580487,0,0,0,0,0.281683807892517,0,0,0,0,0,0.0352379878347376,0,-0.0352882001358053,0,0.01554779372075,0,0,0,0,0,0,0,0,0,0,0,0,-0.137851399904778,0.0631677410887139,-0.0432795631319862,0.0813107897429972,0,0,0,0,0.0970128893873993,0.0508468421066727,-0.0974429112915826,0,0.0891456290860489,0.0349957581683428,0,-0.00987294391071461,-0.00184276547006422,0,0,-0.0123785362932548,0,0,0,0,0.00750939988090959,0.0324452919462715
-0.032936217665495,0,-0.0426210392019771,0,0,0,0,-0.0614462224590641,1.17774281338992,0,0,0.122909084651914,0,0,0,0,-0.0948197534175708,0,0,0,-0.0707782306245305,0,-0.041649680916128,0,0,0,-0.111345672484609,0,0,0,0,0.0787646054748189,0,0,0,0,0,0,0,0,0.131706470536876,0,-0.0659622773307632,0,0,0,0,0,-0.00539725143926103,0,0.00115450157267312,0,0.106675439890214,0,-0.0840703734314409,-0.0209694636660214,0,-0.0761910666004127,0,0,0,0.0243030920268075,0,0,-0.0913798006345413,0,0.0852395448561214,0,0,0,0,0.0524601990764285,0,0,-0.152974878914201,0,0,0,0,0.0263868996952425,-0.0179359937933917,-0.076831765770898,0,0,0,0,0.109220585969852,0,0,0,0,0,0,0,0.0074848330411709,0,0.151418629527241,0,0,0
0,0,0,0,-0.0131955485631224,0,0,0.082174069091069,0,1.26724548160341,0,0,0,-0.0212231920313174,-0.0253155931704348,0,0,0,0,0,0,0,0,0,0,0,0,0,0,0,0,0,0,0,0,0,-0.0760574718777318,0,0,0,0,0,0,0,0.0845451100669982,0,0,0.00498664970307249,-0.0589261761550883,0.234064173464587,0.102901138480959,0,0,0.301639756680853,0,0,0.0636526827372206,0,0,0,-0.144399127463164,-0.093392911597851,0,0,-0.00593092755023964,0,0,0.00120211266275159,-0.0378551574360304,-0.00553203791062433,0,-0.0681128731355178,0,0,0,0,0,-0.203066644442516,0,-0.0382193547494716,0.00982415440569337,-0.000782048836015875,-0.00544332844053131,0,0,0,0,0,0.00371528845753329,-0.0525583162905069,-0.00209579343991431,0,0,0,0,-0.0945286112339756,-0.0267546737588756,0,0,0
-0.0169599685642583,0,0.049521319740268,0.119736690588528,0,0.015327446443806,0.0674145364305354,-0.0749000880923702,0,0,1.23522616976164,0,0.0497142079117121,0,0.104827324773193,0,0.0923843041673909,-0.03165108498179,0,0,0,-0.0017959896699791,0,0,0,0,0,0,0.00964777077459982,0,-0.0405570528316776,0,-0.027212083058227,-0.113916574987928,0,-0.105996208065823,-0.0383144412575458,-0.0321498167831095,-0.0156374863258591,0,0.221526402577465,0,0,0.0702757390455269,0,0,0,0.0970671065086125,-0.0964064218488311,0.02665668732695,0,0,0,0,0,0,-0.0506899489202154,0,0,0,0,0,0,0,-0.117856387311264,0,0,0.0608087409755617,0,0,0,-0.140408283495962,0,0,0,0,0,0,0,0,0.0173268867548342,0,0,0,0.0956707633441502,0,0.160835657354216,0,0,0,0,0,0,0,0.0182039610504319,-0.0194057548547141,0,0,-0.0065268582080432,0
0,0,0,0,-0.147689095551871,0,0,0,0.122909084651914,0,0,1.2372683617056,-0.0887747008577002,0,0,-0.00263522966963508,0,0.0632639819806899,0,-0.0164601664634549,0,0,0,0,0,-0.18368951299394,0,0,0,0,-0.00882279477199852,-0.0855963319473902,-0.112521448701394,0,0,0,0,0,0,0,-0.0291271053683985,0,0,-0.010460629027339,0,0,-0.0691141850181731,0,-0.0432151235760153,0,0,0,-0.0410056629547206,0,0,0.0173020501141029,0,0,0,0,0.00734019980222942,-0.0648270121590669,0,0,0.011237571177821,0,0,0.0338679454610585,0,0,0,0,0,0,-0.120668487353864,0,0,-0.0657218521091331,0,0,0,0,0,0.0498888219369119,0.198589768414479,0,0,0,0,0,0,-0.0572864773802117,0,0,0,-0.0299019540249733,0,-0.151805442751297,0,0
0,0,0,0,0,0,0,0.00299944008972894,0,0,0.0497142079117121,-0.0887747008577002,1.18711208162878,0.0370054005029963,-0.00154355728525823,0.0381404058233928,-0.092506010130557,0,0,0,0,0.0322394333428055,0,0,-0.0205927242123755,0,0,-0.102022187326986,0,0,0,0,0,-0.0546857862769961,-0.0311481489507389,0,0.0257255572904931,0,0,0,0.0806257954348908,0.0661008186681002,0,0,-0.0652436055984396,-0.154775508762608,0,0,0,0.0779862438373503,0.0548061761165139,0,0,0.0155719771945275,0,0,0,0,0.0584155208512533,0,-0.214392174791526,0,0,0.096364713484294,0,0,-0.0690952282104988,-0.00225743604922056,0,0,0,0,0,0,0,0,0,0,0,0.00939081379795403,0,0,0,0,0,-0.00111597793903487,0,0,-0.0652109911117676,0.0429571686658684,0,-0.0696685499604473,0,0.00515610487646601,0,-0.0398909096844256,0,0,0,0
0,0,0,-0.124078596302555,0,0,0,0,0,-0.0212231920313174,0,0,0.0370054005029963,1.22155551330432,0,0,0,-0.0205528075984965,0,0.0270111832236019,0,0,0.0617188882247841,-0.0178789232526316,-0.0173316545256307,0.0126173432728694,0,0,0,-0.0863244446871565,0,0,0,0,0,0,0,0,0,-0.011706196644626,0,-0.117512750926501,0,0,0,0,0,0,-0.265841719757454,0,0,0,0,0,0,-0.0616685218287176,0.0923075270512375,-0.176395472612823,0,0,0.175668677866754,0.0491662912850878,-0.0381657636170667,0,0,0.00539583599073682,0,0,-0.0488615435598246,-0.0391307668357072,0,0.0974589242801857,0,0,0,0,0,0,0,0,0,0,5.0764092409033e-05,-0.0284373193453129,0,-0.0497876028483637,0,0.140526964521387,0,0,0.0426312299931511,0,0,0,0,0,0,0,0.00252331761531139,-0.0142883002429151
0,0,0.161011422533541,-0.00825937101119446,0.0469771618754604,0.0492998239606283,0.131924825884735,0.00556449895929893,0,-0.0253155931704348,0.104827324773193,0,-0.00154355728525823,0,1.36195835454533,0,0,0.0824900386556536,0,0.112910544349278,-0.0230821844895643,0,0,0,-0.0573586394325916,0.00587307073373197,0,0,0,-0.148240680592537,0,0,0,-0.0744376216027117,0,0,0,0,0,0,0,0,0,0,0.017629480212892,0,0,0,0,0,0.0138875092639532,0,0,0.0445647675840976,0,-0.0778953437422571,-0.137148876995857,0,0,0,0,0,0.0256813770650948,0.0244883416225964,0.144846366582075,0.0105731887692385,0,-0.0547308663158072,0,0,0.0851026329870847,0,0,-0.0983705765077358,0.000566142729482653,-0.0476765332983819,0,0.0892742144463373,0,0.185012271545364,0,0,0,-0.0315025058829366,0,0,0,-0.0801875986212024,0,0.0661349606517563,0,0,0,0,0.18998650676457,0,0,0.248422997524098,0,-0.0800043468755638
0,0.00982253328984769,-0.102830359220094,0,0,-0.0886036415910504,-0.10724827598709,0,0,0,0,-0.00263522966963508,0.0381404058233928,0,0,1.13799762642932,0,0,0.0104790080521348,0,0,0,0,-0.0858623451398957,-0.0267121736515311,0,0,0,0,0,0,0,0,0,0,0,-0.08124422922389,0,0,0,-0.0632208045252329,0,-0.00229905412376974,0,0,0,-0.0159091287155409,0.0911981032106135,0,0,0,-0.0160985748953641,0,-0.132335577731475,0.0395259573891239,-0.069426106384238,0,0,0,-0.0355526786795425,0,0,0,0,0,0,0,0,0,0.0169097691230926,0,0,0,-0.124305114173684,0.0339398963044335,0.0172885007660195,0.144198087505768,0,-0.141381089700189,-0.00288905128116247,0,0,0,0,0,-0.00217132003317167,0.0187893523419014,-0.0420588621948679,0,0,0,0,-0.0690624395278998,0,0,-0.058440699081106,0,0,0,0
0,0.0126232878587172,-0.18758532851063,-0.0303851657606482,-0.0393395984719489,0,-0.115917837978447,0,-0.0948197534175708,0,0.0923843041673909,0,-0.092506010130557,0,0,0,1.37244348913768,-0.0773245362345422,-0.114236587760518,0,0,-0.0909143448875843,0,0,-0.241938745271668,0.0816621942286513,0,-0.105679284785993,0,0,-0.023952237511715,0,-0.176265375902169,0,-0.0846018974575896,0,0,0,0,-0.0487863486147337,0,0,0,-0.00397787794357623,-0.00900323498210686,-0.0326024191220048,0,0,-0.144430128079779,0,-0.0115316847225141,-0.175409632263906,-0.00665066827516324,0.0214674033229986,-0.117527604868282,-0.072146162636063,0,0,0,0,-0.0121203545973446,-0.00728640450613593,0,0.0350806986930927,0,-0.0177646113105453,-0.0459490632844235,-0.0369957875254876,0,0,0,0,0,0,-0.115288825416051,0,0,0,-0.0780442916684742,-0.0796159376934849,0,-0.0187117659469692,0,0,0,0,0,0,-0.0782191806781192,0,-0.0801337001362176,0,0.0791653055766111,0.0814655852673853,0,0,0,0,0,0
0,0,0,-0.0944675376348605,0,0,0,0,0,0,-0.03165108498179,0.0632639819806899,0,-0.0205528075984965,0.0824900386556536,0,-0.0773245362345422,1.17122956646605,0,0,0,0,0,0,0,0.011376933198681,0,0,0.0984580868512716,0.0367194727503046,0.00467353346410057,0,0,0,0,0,0,0.04277892769522,-0.030916216050132,-0.00880831706234027,0,0,0,0,0,0,0.0532295348516829,0,0,0,0,0,0,-0.162504161086804,0,0,0,-0.00956489112971675,0,0,0,0,-0.0551008383272837,0,0,-0.0714475823813452,-0.203245059569582,0,0,0,-0.0185768266019972,0,0,0,-0.109048211829824,0,0,0,0,-0.0659771726499084,0,0,0.00104992202375467,0,0,-0.0370053219337751,0.0389940376061979,0,0,0,0,0,0,0,0.128382581791703,0,0,0,0,0.0792397804563902
-0.00963151851933949,-0.0283049133807997,0.0125083748913164,0,-0.272502764099289,0,0,0,0,0,0,0,0,0,0,0.0104790080521348,-0.114236587760518,0,1.29950648237558,-0.0293332110141836,0,0,0,0,0,0,0,0.038599978698444,0,-0.0229220760114592,0,0.0890703754081354,0,-0.13666469433858,0,0,0,0.123891880676749,0,0,-0.0060084509264874,-0.0410363378435294,0.109540846994957,0,-0.0242207598807532,0,-0.070836136982121,0,-0.0414511878878952,0,0,0,0,-0.0369970390953765,0,0,0,0.0558377513927212,0,-0.135393535242242,0,0,0,-0.0799475180873932,0,-0.0327683275674442,0,-0.149515110626962,0.057170703603317,0,0,0,0,0,0,0,-0.0558309110014598,0,0,0,0,0,-0.154432989678554,0,-0.00657624931683827,-0.105545939298451,0,0.132333454832084,0,0,-0.00680103817710182,0,0,0.0362832544704302,-0.00560872190545388,0,-0.124248248437611,0,0,0
-0.0314972204471164,-0.0184406740426242,0.00115617067376954,0.00257294385950984,0,0,0,0,0,0,0,-0.0164601664634549,0,0.0270111832236019,0.112910544349278,0,0,0,-0.0293332110141836,1.19128181890496,0,-0.0442877234411125,0.0522382968125065,-0.0164448448664491,0,0,-0.0303861087782335,0,0,0,0,0,-0.0467078947364982,0,0.104109294546197,0,0.0280442414702672,0.0195747716795325,-0.0715831645568362,0,0,0,0.0108367396842587,0,-0.11255193487723,0,-0.0307167494329301,0,0.0768330290800938,0,0,0,0,0,0,0.015736059427824,0,0,0,0.0368130624227558,0,0,0,-0.0666914583095651,0.0270670268766095,-0.0612261113525646,0,0,0,0,-0.175688025274414,0,0,0,0,0,0,-0.121574168705163,0,0,-0.0907013410158447,0,0,0,0.0710448858457049,0,0,0,0,-0.0147340377443392,0,0,0.0880343315147374,0,0.118379208218982,0,-0.022815875035183,0,0,0.0451739135606896
0,0,0,0,0.106226329599327,-0.0993309690954588,0,0.0087923339454207,-0.0707782306245305,0,0,0,0,0,-0.0230821844895643,0,0,0,0,0,1.13516070951312,0,0,0.0364913555281841,-0.00743552520938211,0,0.0463031882115099,0,0,0,0.0466430750070671,0,0.136563398145124,0,0,0,0,0,-0.148195188354742,0,0,0.0904699954606527,0.00086232315034676,0,0,0,0.158184328637804,0,-0.0393244322301951,-0.000669347282389666,0,-0.132206724282873,0,0,0,-0.0328014029062384,0,0,0.00386442694936696,0,0,0,0,0.00206539115262107,0.0784811705942644,0,0,0,0,-0.0762036821637061,0,0,0,0,-0.023032287158656,0,0,0,0,0,0,0,0,-0.0891901100819375,0.0115356650063636,0,0.0748569709742806,0,0,0,0,-0.0503149148372855,0,0,0,0,0,0,0,0
0,0.0063778587591916,0.141097106698621,0,0,0,0,0,0,0,-0.0017959896699791,0,0.0322394333428055,0,0,0,-0.0909143448875843,0,0,-0.0442877234411125,0,1.13649949445143,0,0,0,0.104030491642401,0,0,0,0,-0.00111331733315513,0.031031112525568,0,0,0,0,0,-0.00289288825378295,0,0,0,0,0,0,0,0.0073789919759745,0.00230823324500191,0,0,0,-0.00990269514364909,0,0.00682754625179047,0,-0.103956029328276,0,0,0,0.000939922771298751,0.00244441595047197,0,-0.125361306958748,0.0293647503826465,0,0,0,0,0,-0.0765361408430267,0,0,0,0,0,0,0,0.0161734193435268,0,0,0,0.0243360517646766,0,0,0,-0.105680309480454,-0.0253031632020943,0,-0.000741197351733803,0.0940662771400113,-0.124688122823341,-0.0107790676632038,0,0,0,0.0156313381166119,0,-0.126747801198234,0,-0.091767147716443,0
0,-0.0494351942200423,0,-0.0489604281598203,-0.109165035440494,0,0,0,-0.041649680916128,0,0,0,0,0.0617188882247841,0,0,0,0,0,0.0522382968125065,0,0,1.27612215975287,0,0,0,0,-0.0726341336580166,-0.214201003334454,0,0,0,0,-0.169997119859648,0.0585753784057966,-0.0543292309216341,0.129266313649402,0,0,0,0,0.0740857818092795,0,-0.00166607785890452,0,-0.0813978537603439,0,0,0,0,0,0,0,0,0,0,0,0,0,0,-0.0889550424586549,0,0,0,0,0,0.0048114444863159,0,0,0,0,0,0,0,-0.166014698508587,0.0538449551377518,-0.183261706563551,0.0441538589261135,-0.0504468875338891,0,0,0,0,0,0,0.0404884633007791,0,0,0,0,0,-0.0389325626475515,0,0,0,0,-0.122472668795428,-0.0871354893620741,0,0.111379024448241
0,-0.185806192579707,0,0.00545648620450787,0,0,0,0,0,0,0,0,0,-0.0178789232526316,0,-0.0858623451398957,0,0,0,-0.0164448448664491,0.0364913555281841,0,0,1.19307544629487,-0.0477854429558115,0,0,0,0,0,0,0,0,0.103610441766399,0,-0.119497451470236,0,-0.0211087771297073,0,0,0,-0.184851534012685,0,0,0,-0.0477501388063997,-0.117450856203152,0.0565514253205817,-0.0346211021694254,-0.0965827286384141,0,0,0,0,0,0,0,-0.132991279258882,-0.0229569672886995,0,0,0,0,0,0.0254217040603131,0,0,0.0385598336664016,0.0811774930086257,0,-0.0179902487061087,0,0.023366749035663,0,0,0,0,0,0.0211193832118279,-0.0745206519206816,-0.0451800542808074,0,0,0,0,0,0,0,0,-0.107437282514437,0,-0.0363713061603864,0,0,0,0,-0.047668062507905,0,0,0
0,0,-0.00490156623951072,0,0,0,0,0.00878900215368345,0,0,0,0,-0.0205927242123755,-0.0173316545256307,-0.0573586394325916,-0.0267121736515311,-0.241938745271668,0,0,0,-0.00743552520938211,0,0,-0.0477854429558115,1.17739210141986,0,0,-0.0194378093692996,0,0,0,0,0,0,0,0.0916200605275895,0,0,0,0.0353693226888013,0,0,0,0,-0.00588227857746259,-0.0777474064623001,0.0434888329038161,0,0,0,0,-0.0691253473441712,0,0,0,0,-0.00897876940805498,0,0,0,0,0.00742019166415116,0.0703985716838555,0.0132594922059069,0,0,0,0,0,0,0.17593134236743,0,0,0,0.157798474433161,0.155118781971411,0,0,0,0,0,0,0,0,0,0,0,-0.00453696842011529,-0.00204990563463652,0,0,0,0,0,0,0,0,0,0,0
0,0,0,0,0,0,0,0,0,0,0,-0.18368951299394,0,0.0126173432728694,0.00587307073373197,0,0.0816621942286513,0.011376933198681,0,0,0,0.104030491642401,0,0,0,1.2041416049958,0,0,-0.0406769028890249,0,-0.0119668439480896,0,-0.0506226834366489,0,-0.00360359924011822,0,0,0,0,0.0248109927975775,-0.0259877977755374,0,0,0,0.0952954147735462,0,0,-0.0412538461522864,0,0,0,0,-0.0186967658894177,0,0,0,0,0,-0.0719171145928938,0,-0.172729952021402,0,0,0.0104409472706465,0,0,0,0.103325564152995,-0.0677046944751647,0,0.0438892906870682,0,0.00174399163557258,0,0.0326841096458751,0,0,0,0,0,0,0,0,0,0,0.0317962977763916,0,0,0,0.109996066412993,0,0.128028193313207,0,-0.0899271937742232,-0.150897149421324,-0.0563043065037023,0,0,0,-0.154147281763797
0,0,0,0,-0.00794421863006636,0,0,0,-0.111345672484609,0,0,0,0,0,0,0,0,0,0,-0.0303861087782335,0.0463031882115099,0,0,0,0,0,1.14204019870074,0,0,0,-0.120759171592767,0,0,0.0815461301590834,0,0,0,0,-0.0337860121346214,-0.0276750446839416,0,-0.0291815605442618,0,0,0.0527308574927884,0,0,0,0,0,0.0839962780998109,0,0,0,0,0,0,0,0,0,-0.160879853406093,0,0,-0.0860529497375236,0,0.0732262608169145,-0.0491523100619085,-0.0412727202324722,0,0,0.0205695731721911,0,0,-0.108899357021219,0,-0.0582846979402055,0,-0.00789237277815898,0,0,-0.0383853008766731,-0.0213207984984782,0,0.0595827801925079,0,-0.166079713317743,0,0,0,-0.0578390630673083,0,0,0,-0.00842052973580495,0,0,-0.0181712864058453,0,0,0.0175957110993972
0,0,0,-0.135162517342992,0,0,0.0194339009159775,0,0,0,0,0,-0.102022187326986,0,0,0,-0.105679284785993,0,0.038599978698444,0,0,0,-0.0726341336580166,0,-0.0194378093692996,0,0,1.18979985521387,0.0410480605776565,-0.0103265062185634,0,0,0,-0.0538806943185112,0,0,0,0.0210834258102414,0,-0.0413103126387221,0,0,0,0,0,0,0,0,-0.0538854163945664,-0.033564588374916,0,0,0,0,0,-0.10685744082932,0,0,0,0,0,0,0,0,0.0112177144818546,-0.0954204084951881,0,0,0.0450416289898749,0,0,0,0,-0.0816817389410589,0,0,0,0.0417335349605597,0,0,0,0,0,0,0.124408574644176,0,0.00697001445795056,-0.0650564999578185,0,-0.00714054255040706,0,0,0,-0.267280548822946,0,-0.0522186749719445,0,-0.0193650017833635,0,0
0,0,0,0,-0.078013188839641,0,0,0.0317499900645947,0,0,0.00964777077459982,0,0,0,0,0,0,0.0984580868512716,0,0,0,0,-0.214201003334454,0,0,-0.0406769028890249,0,0.0410480605776565,1.30662910315841,0,0,0,0,0,0,-0.0927274913344149,0,0,0,0.0231450623751285,0.0416543939687546,0,0,0,-0.266349841202456,-0.0898030981343583,0,0,0,0,-0.025739980920779,-0.276760264667425,0,0.000569298813059242,0,0,0.0199984464773511,0,0,0,0,0,0,-0.0518602565243827,-0.0366456304632392,-0.0227878936812245,0,0,0,0,0,0.0693445914426288,0,0,0,-0.0654546983237023,0,0,0,0,-0.0783123493069556,-0.105460926145449,0,0,0,0.0181654837821966,-0.116282826336567,0,0.00572228306216462,0,0.132149590636894,0.000235914609148416,0,0,-0.0179998647692979,0,0,0,0.00137765445665002,-0.120465989548771
-0.249259316197126,0,0.078219456607842,0,-0.00994597335436822,0,0,0,0,0,0,0,0,-0.0863244446871565,-0.148240680592537,0,0,0.0367194727503046,-0.0229220760114592,0,0,0,0,0,0,0,0,-0.0103265062185634,0,1.40734675903751,0,0,-0.132601844528859,0,-0.085173198779072,0,0,0,0,0,0,-0.150922758867207,0,-0.0147046157115847,0,0,-0.0883835996921501,0,0.0259724760201657,-0.0742261018125778,0.0237144391021212,0,-0.0762999178453888,0,0,0,0,0,0,-0.0194932354100703,-0.0718268760254233,0,0,0,0,0,0,0.0420648046221589,0,-0.130800168715046,0.18774184209751,0,0,0,0,0,-0.0796152196882514,-0.0988237462786328,-0.175294443964553,0,0.0344833522937901,0,-0.0142136158520795,-0.0342610696153113,-0.170255771628358,0,0.131426871303088,0,0,0.0851866266566898,0,-0.0127065668932637,0,0,0.0543615201324213,0,0.0989669359850814,0.064720429304296,-0.0920344216616644,0
0,0,0.0727714963470454,-0.0735962964638237,-0.0511930025462118,0,0,0,0,0,-0.0405570528316776,-0.00882279477199852,0,0,0,0,-0.023952237511715,0.00467353346410057,0,0,0.0466430750070671,-0.00111331733315513,0,0,0,-0.0119668439480896,-0.120759171592767,0,0,0,1.09420048020468,0,-0.00930646061463513,0,0,0.0167712591110708,-0.0735539137172443,0,0,0,0,0,0,0,0,0,0,0,0,0,0,0,0,0.0198979411034385,0,0,0,0,0,0.0222284430008475,-0.0830711173091431,0,0,-0.0928921602951903,0,0,0,0.0691770348686559,0,-0.0517013215054005,0,0,-0.0151641641114211,0,0,0,0,0,-0.107696136072003,0,0,0,-0.0880566223982043,0,0,0,0,0.00194344235157144,0,0,0,0,0,0,0,0,0,0,-0.00876461427784222,0
0,-0.0513127943904498,0,-0.00888603945913933,0,0,-0.0204050869078727,0,0.0787646054748189,0,0,-0.0855963319473902,0,0,0,0,0,0,0.0890703754081354,0,0,0.031031112525568,0,0,0,0,0,0,0,0,0,1.25085808358818,0,0,0,0.0858029534661506,0.116512247566786,0.0450363711967211,-0.161995131415783,0.00456200283108776,0,0.0316639276134373,-0.0313685715771453,0,0,0,-0.0744790293023721,0.0120714771048762,0,0,0.0671247596871344,0,0,0,0,0,0,0,0,0.00449935476402342,0.1343886044014,0,0,0.0261032917201364,0,-0.0518794111752489,0,0.0155647715708953,0.0638008536825846,0,0,0.0440042227765925,0,-0.0396458057177329,0,0,0,-0.198666689929574,0,-0.0948468499561839,0.153496374273967,0,0,0,0,0,0,0,0,0,-0.126425594668601,0,0,0.0404505770944393,0,-0.0211687403974176,0,-0.0705743919022958,-0.041500665361079,0
0,0.0529237907625947,0,0,-0.015785680081939,0.037397893172035,0,-0.0110585124645189,0,0,-0.027212083058227,-0.112521448701394,0,0,0,0,-0.176265375902169,0,0,-0.0467078947364982,0.136563398145124,0,0,0,0,-0.0506226834366489,0,0,0,-0.132601844528859,-0.00930646061463513,0,1.17858215839451,-0.120812029513189,0,0,0,0.0506019984395517,0,0.0462682569914972,-0.0504304531136227,-0.00732025007977209,0,0,0,0,0,-0.0404791024926874,0,0,-0.0249148760052293,0,0,-0.0584830559768937,0,-0.0396131744294828,0,0.000812884039604095,-0.0375117415388424,0,0,-0.0257413084481948,0,0,0,-0.000358294401203125,0,0,0,-0.0731033713008156,0,0,0,0,0,-0.0319318276397158,-0.0263205698173696,0,0,0,0,0,0,0,0,0,0,0,-0.0173909821167297,0,0,0,0,0,0,0.186641439478845,0,0,-0.0899338733577037,0
-0.0490733610662453,0,0,0,0,0,0,-0.10851476745293,0,0,-0.113916574987928,0,-0.0546857862769961,0,-0.0744376216027117,0,0,0,-0.13666469433858,0,0,0,-0.169997119859648,0.103610441766399,0,0,0.0815461301590834,-0.0538806943185112,0,0,0,0,-0.120812029513189,1.29366443935596,0,0,0,0,-0.142964136341207,0,0,0,-0.0345276238332306,0,0,0,0,0,0,0,0,0,0,0,0,0,0,0.0186379079620405,0.144558953888674,-0.16518138920652,0,0,0,0,-0.0221887353253589,0,0,-0.0528372587660352,-0.00332989458938212,0,0.0358660204730014,0,0,-0.00649559833183266,0,0,0,0,-0.00702598728742217,0.00315888316515358,0.225707631671162,0,0,0,0,0,0.00778130198014758,-0.103954175916135,0,-0.128170375472794,0,-0.0217656795753945,0.00666245079329614,0,0,-0.0580807885870172,-0.0414272792975534,-0.0506067069950922,0,0
0,0,0,0,0,0,0,0,0,0,0,0,-0.0311481489507389,0,0,0,-0.0846018974575896,0,0,0.104109294546197,0,0,0.0585753784057966,0,0,-0.00360359924011822,0,0,0,-0.085173198779072,0,0,0,0,1.36946408309923,0.110469259129931,-0.0870828066208537,-0.108081568986347,0,0,0,0,0,0.0418770411720095,0.047085704707931,-0.26004173792456,0,0,0,0.0104055543349333,0,0,0,0,0,0,0,0,0.0658626672308446,-0.1529845036653,-0.0299450723337263,-0.0675170101554753,0,0,0,0,0,0,0,-0.00999977990893559,0.145885013626327,0,-0.00283207397813024,-0.168826840123157,-0.0339577381057728,0,-0.0401119924937323,-0.10297097046286,-0.229208514322567,0.0162113544035627,0,0,0.00930492162678697,0,0,0.0163472915982607,0,0,0.0662139261658041,0,0,0,0,0,0,0,0,0.168072915301053,0.107736568295855,-0.014011393211535
-0.0576155611597641,0.204204117399483,0.0192428265738338,0,-0.0483851950685401,-0.0193073676564907,0,0,0,0,-0.105996208065823,0,0,0,0,0,0,0,0,0,0,0,-0.0543292309216341,-0.119497451470236,0.0916200605275895,0,0,0,-0.0927274913344149,0,0.0167712591110708,0.0858029534661506,0,0,0.110469259129931,1.24318621054018,0,0,0.0673455452214966,0,0,0,-0.0491034789400003,0,0.0668668551582001,0,0,-0.0662044855234049,0,0,0,0,-0.0489210132172558,0,0,0,0,0,-0.129488397810679,0,0,0,0,0,0,0,0,0,-0.0690995988934468,-0.00524174049933122,0,0,0,-0.00756265179055111,-0.200568823404255,-0.189334955455545,0,0,0,0,0,0,0.0208082938178181,0,-0.0151527180535746,-0.0176978212008471,0,0,0,0.0153771036766988,0,0,0,0,0,0,0,0,0,0.0441551392221046
-0.0183851547583739,0,0.0805943364979891,0,0.0435701471023476,0,0,0,0,-0.0760574718777318,-0.0383144412575458,0,0.0257255572904931,0,0,-0.08124422922389,0,0,0,0.0280442414702672,0,0,0.129266313649402,0,0,0,0,0,0,0,-0.0735539137172443,0.116512247566786,0,0,-0.0870828066208537,0,1.38287286075919,0,0,0,0,0,0,0,0,-0.0451523269777295,0.286714196623766,0,0,0,-0.0330579713536152,0.0299975883635371,0.093821478067503,0,0,0,0,0,0,0,0.0401820969324233,0,0,0,0,0,0.0536967415742036,0,0,-0.171375898244946,0,-0.103047619386623,0,0.210373834963635,0,0.00107338130711146,0,-0.058078784074656,0,-0.240489746639596,0,0,-0.0803103752097328,0,0,0,0,0.166053495010401,0.0507224936146053,0,0,0.132252640481063,0,0,-0.00665536761752592,-0.110168619809527,0.0226413561770052,0,0.01370502192469,-0.0183712489257392
0.0646519646512377,0,0.0276051335760217,0,0.0808641254500501,0,0,0,0,0,-0.0321498167831095,0,0,0,0,0,0,0.04277892769522,0.123891880676749,0.0195747716795325,0,-0.00289288825378295,0,-0.0211087771297073,0,0,0,0.0210834258102414,0,0,0,0.0450363711967211,0.0506019984395517,0,-0.108081568986347,0,0,1.13399286875304,0,0,0,-0.0007665876630185,-0.0143149696674364,0,0,0,0,0,0,0,0,0,0,0,0,0,0,0,0,0,-0.0744493118324348,0,0.112856225406679,0,-0.0624097797615196,0,-0.0465953984661567,0,-0.036263628416518,0,0,0,0,0,0,0,0,-0.15144176408159,0,0,0,0,-0.137413647270943,-0.0228276076093686,0,0,0.00188812621638802,0.162262662722484,0,0,0,-0.0225432345861134,0,0,-0.0188113025762308,0,0,0,0,0
0,0,0,0.126687801445561,0,-0.0291217439599571,0,0,0,0,-0.0156374863258591,0,0,0,0,0,0,-0.030916216050132,0,-0.0715831645568362,-0.148195188354742,0,0,0,0,0,-0.0337860121346214,0,0,0,0,-0.161995131415783,0,-0.142964136341207,0,0.0673455452214966,0,0,1.3054989615792,0,-0.00106473540433262,0,0.0531074428508578,0.0800566016172855,0,0,-0.236501200433132,0,-0.0213174289637764,0,0,0,0,0.0762256687602831,0,0,0.0107159776247992,0,0.104933422900121,0,-0.0811534197002431,0.00655008859962683,0,0,-0.0256828889248184,-0.0420814386279727,-0.079498431623386,0,0,0.0409356742548955,0,0,0.124761906969356,0,0.131685859169734,0.103449950568586,0,-0.00759670065635324,0,-0.0695354367249688,0,-0.0526699041624323,-0.108296643814547,0,0,-0.182133946515326,0.0119106130177416,-0.0338443136085833,0,-0.085315978557197,0.0491680408216342,0,0,0,0,-0.0290883402651047,0,0,0,0
0.0214118755788686,0,0,0,0,0,0,-0.0372105583189027,0,0,0,0,0,-0.011706196644626,0,0,-0.0487863486147337,-0.00880831706234027,0,0,0,0,0,0,0.0353693226888013,0.0248109927975775,-0.0276750446839416,-0.0413103126387221,0.0231450623751285,0,0,0.00456200283108776,0.0462682569914972,0,0,0,0,0,0,1.10226563002887,0,0,0,0,0.0518637825765797,0,0,0,-0.17341386096963,0,0.018130464677868,0.0823840396679612,0,0.0559437892103428,-0.0357629381210866,0,0,0,0.0110377797734248,0,0,0,0,0,-0.0416837042404275,0,0,0,0.0780181277456173,0,0,0.0341355051941987,0,0,-0.0605641709543293,0,0,0.0597124704923101,0,0,0,0,0,0.0596458002852227,0,0,0,-0.0293558815031379,0,0,0,0,0.0805832047695282,0,0,-0.0593001887760222,0,0,0,0
0.0906775410590271,0,0,0,-0.0759948406827824,0,0.136213258999291,0,0.131706470536876,0,0.221526402577465,-0.0291271053683985,0.0806257954348908,0,0,-0.0632208045252329,0,0,-0.0060084509264874,0,0,0,0,0,0,-0.0259877977755374,0,0,0.0416543939687546,0,0,0,-0.0504304531136227,0,0,0,0,0,-0.00106473540433262,0,1.18345575044125,0,-0.0988608010854944,0,0,0,-0.0820234396978029,-0.0343961612109495,0.019369584232628,-0.173447831519527,0,0.00134909589958582,0,-0.0330174602219384,-0.0729334767196174,-0.0722735224871535,-0.0776494933431136,0,0.0192775642336843,0,-0.00198239198161655,0,-0.0240899307278464,0,0,0,0,0,0,0,0,-0.0177885200567618,-0.0237313479016204,-0.119095491233969,0,-0.00269108266179958,0,-0.0957605520135547,0,-0.000352567286119415,0,0,0,0,0,0,0,0,0,-0.0254894541129858,0,0,0,0,0,0,0,0,0,0
0,0,0,0.146187962436729,0,0,0,0,0,0,0,0,0.0661008186681002,-0.117512750926501,0,0,0,0,-0.0410363378435294,0,0.0904699954606527,0,0.0740857818092795,-0.184851534012685,0,0,-0.0291815605442618,0,0,-0.150922758867207,0,0.0316639276134373,-0.00732025007977209,0,0,0,0,-0.0007665876630185,0,0,0,1.17822491682785,0.00495786791335513,0.0371860429869667,0,0.0453192992251927,0.160287481178617,0.0317721555274285,0,0,0,0,-0.0263447382457265,0,-0.00377505501868467,0,0,0,0,0.0126493847013134,0,0,0,0,0,0,0,0.00569543970317351,0,0,0,-0.0252027087997277,0,0,0.132032593149583,0,-0.049233909769559,0,0,0,0,0,0,0,0,0,0,0.0604861695978836,0,0,0,0.0580592103874236,0,0,-0.0240150599501228,0,0,0,0,0.0157836294412201
0.000264584209233634,0,0,-0.0314264065860147,0,0,0.0225064635155114,-0.0531812991800978,-0.0659622773307632,0,0,0,0,0,0,-0.00229905412376974,0,0,0.109540846994957,0.0108367396842587,0.00086232315034676,0,0,0,0,0,0,0,0,0,0,-0.0313685715771453,0,-0.0345276238332306,0,-0.0491034789400003,0,-0.0143149696674364,0.0531074428508578,0,-0.0988608010854944,0.00495786791335513,1.1233857858645,0.000415204546027248,0,0,0,0,0.0154370747074422,0.0350154442493387,0.0488689643063809,0,0,-0.131662956999281,0.068458142323202,0,0,0,0,0,0,0.00484449697589884,0,0.175605087679786,-0.015279676000094,0,0,0,0,-0.0474185218321403,0,0,0.0227957945583154,-0.0708281666487264,0,0,0,-0.0127446370120786,0,-0.0239559264909349,0,0,0.0549612634737143,0,-0.0321027351968274,0,0,-0.00475042722854982,0,-0.0408745140522683,0,0,0,0,-0.0819354481278519,0,0,0.025667656856969,0,0
0,-0.209449567506567,0,0,0,0,0,0.0802480752643887,0,0,0.0702757390455269,-0.010460629027339,0,0,0,0,-0.00397787794357623,0,0,0,0,0,-0.00166607785890452,0,0,0,0,0,0,-0.0147046157115847,0,0,0,0,0.0418770411720095,0,0,0,0.0800566016172855,0,0,0.0371860429869667,0.000415204546027248,1.15001592422202,0,0,0,0,0,-0.0545487045587844,0,0.0158524867287201,0,0,0.00789457957016189,-0.0378338338329961,0,0,0,-0.117313382360315,0,-0.122220188953997,0,-0.060290096527151,0,0,0,0,0.011342268930564,0,0,0,0,0,-0.0498818690528399,0,0,0,0,-0.0501344245046962,-0.108211394952254,0,-0.0417592658592576,0,0,0.0893856110431705,0,0,-0.0901323923469546,0,0,0,0,0,0,0,0,0,0,-0.0337769775745072
-0.145243304787041,-0.0425496965193031,0,0,-0.0355507520210842,0,0,0,0,0.0845451100669982,0,0,-0.0652436055984396,0,0.017629480212892,0,-0.00900323498210686,0,-0.0242207598807532,-0.11255193487723,0,0,0,0,-0.00588227857746259,0.0952954147735462,0.0527308574927884,0,-0.266349841202456,0,0,0,0,0,0.047085704707931,0.0668668551582001,0,0,0,0.0518637825765797,0,0,0,0,1.22841495134093,0,0,0,0,-0.0576798697596498,0,-0.00774690635997735,0,0,-0.113438837532719,0,0,0,0,0,0.0121533059442831,0,0,-0.0889259031167834,0.00796230639916127,0,0,-0.130398622700897,0,-0.00757316974450897,0,-0.0578564881781256,0,0,0,-0.0567315082283367,-0.0101198090955704,0,0,0,0,0,0,0,0.135551507072764,-0.0250976696574649,0,0.0964492595458719,0,0,0.0229049775489152,0,0,0,0,0,0.0816261841425789,-0.0410847465374095,0,0
0,-0.0563916161541992,0,-0.0619764361845852,0,0,0,0.128099634076719,0,0,0,0,-0.154775508762608,0,0,0,-0.0326024191220048,0,0,0,0,0.0073789919759745,-0.0813978537603439,-0.0477501388063997,-0.0777474064623001,0,0,0,-0.0898030981343583,0,0,0,0,0,-0.26004173792456,0,-0.0451523269777295,0,0,0,0,0.0453192992251927,0,0,0,1.35384876910522,0,0,-0.08533146258648,0.186914100986275,-0.0333695490390142,0,0.0277226084037193,0,0,-0.013628006594837,0,0,-0.16918029440203,-0.183905316471977,0,0.0652835605703563,-0.133799738277263,-0.0619314731134044,0,0,0,0,0.183429353517233,0.0844527551090335,0,0,0.0679261281260423,0,0,-0.0678160565875114,0,0,0,0,0,0,0,0.0429260908610139,0,0,0,0,0,0,0,0,0,0,0,-0.0793658898482091,0,0,0,-0.0547428247397471
0,0.00736862554711828,0,0,0,0.040025440462619,0,-0.0700975167580487,0,0,0,-0.0691141850181731,0,0,0,-0.0159091287155409,0,0.0532295348516829,-0.070836136982121,-0.0307167494329301,0.158184328637804,0.00230823324500191,0,-0.117450856203152,0.0434888329038161,0,0,0,0,-0.0883835996921501,0,-0.0744790293023721,0,0,0,0,0.286714196623766,0,-0.236501200433132,0,-0.0820234396978029,0.160287481178617,0,0,0,0,1.31149313331792,0,-0.0515015384677632,0,0,0,0,0,0.0496497693844785,0,0.0258822147552464,0.016944016461866,0.0919310338421645,-0.0441660362649934,0,0,0,-0.0699318897445843,0,-0.0418039355452707,0,0,0,0,0,0,0,-0.027600360208922,-0.112894546790981,0.073612720252699,0,0,0,0,-0.116788457727803,0.0314791345143022,0,-0.0675424701444723,0,0,0,0,0,0,0,0,0,0,0,-0.0591686233906869,0,0,0,-0.079191828324282
0.00817918508076295,0,0,0,0,0,0,0,0,0.00498664970307249,0.0970671065086125,0,0,0,0,0.0911981032106135,0,0,0,0,0,0,0,0.0565514253205817,0,-0.0412538461522864,0,0,0,0,0,0.0120714771048762,-0.0404791024926874,0,0,-0.0662044855234049,0,0,0,0,-0.0343961612109495,0.0317721555274285,0,0,0,0,0,1.11944721271911,0,0,0,0,0.0802107375575244,0,0,-0.0265037310975506,0.0571143750994032,0,0,0,0,0,0,0.115036938041538,0.14138635453714,0,0,0,-0.131229595025728,-0.0813639104659964,0.0345049973481778,0,0,0.0291390832768457,-0.0126333116708471,0,0,0,0,0.0775720132562888,0,0,-0.00560532583620314,0,0.015021785417532,0,-0.0161351927924128,0.0238838178954601,0,0.0282488982921793,0.0226222909424222,0,0,0,0,0,0,0,0,0
0,0.00699909852247038,-0.0464680619199893,0,0,0,0.0362875328167922,0,-0.00539725143926103,-0.0589261761550883,-0.0964064218488311,-0.0432151235760153,0,-0.265841719757454,0,0,-0.144430128079779,0,-0.0414511878878952,0.0768330290800938,-0.0393244322301951,0,0,-0.0346211021694254,0,0,0,-0.0538854163945664,0,0.0259724760201657,0,0,0,0,0,0,0,0,-0.0213174289637764,-0.17341386096963,0.019369584232628,0,0.0154370747074422,0,0,-0.08533146258648,-0.0515015384677632,0,1.29022962095774,0,-0.0457995781926217,0,-0.0374574991073379,0,-0.088479447265564,0,0,0,0,0,0,0,0,0,-0.00570510117135023,0.0920309165125759,0,0,0,0,0,-0.191007157904009,0.0968544874518417,0,-0.192673787638177,0,0,0,0,0.0458565351920997,0,0,0.0285840065629676,0.0166903543350717,0,0,0,0,-0.0147349838681081,0,0,0,0.00220026872657648,0,0,-0.123650435052744,0,0,0,-0.0206219090115903
-0.242787906555073,0,0,0,0,-0.0798349797054537,0,0,0,0.234064173464587,0.02665668732695,0,0.0779862438373503,0,0,0,0,0,0,0,-0.000669347282389666,0,0,-0.0965827286384141,0,0,0,-0.033564588374916,0,-0.0742261018125778,0,0,0,0,0.0104055543349333,0,0,0,0,0,-0.173447831519527,0,0.0350154442493387,-0.0545487045587844,-0.0576798697596498,0.186914100986275,0,0,0,1.33518404778688,0,0,0,0,0,0.0847821413387119,0,-0.21848615689732,-0.0311852123191188,0,0,0,-0.00966719265421587,0,0,0,0,0.0702101218874779,0.00182343301821265,0,-0.0411455181057814,0,0,0,0,0,0,0,0,0,-0.1275620694153,0,-0.112465713893486,0,-0.0971366119995409,0,0.00840945655239332,0,0,0,0.0384954566620642,-0.00933741622189851,0,0,0,0,-0.0203983481678309,-0.0204530672910089,0,0
0,0.067674050976401,0.0195216524956576,0.0170220456080191,0,0,0,0,0.00115450157267312,0.102901138480959,0,0,0.0548061761165139,0,0.0138875092639532,0,-0.0115316847225141,0,0,0,0,-0.00990269514364909,0,0,0,0,0.0839962780998109,0,-0.025739980920779,0.0237144391021212,0,0.0671247596871344,-0.0249148760052293,0,0,0,-0.0330579713536152,0,0,0.018130464677868,0,0,0.0488689643063809,0,0,-0.0333695490390142,0,0,-0.0457995781926217,0,1.0801329337826,-0.146881905224977,0,0,0,0,0,-0.0246576630815073,0,0,0,0,0,0,-0.0692973073620856,0.0326227475847666,0.00621271125297673,-0.00800171532626226,0,0,0,0,0,0,0,0,0,0.0442155324050408,0,0,0,-0.0133584013542766,0,0,0,0,0,0,0,0,0,0,0,0,0,0,0.0501018325390677,0,0,0
0,0,0,0,0,0,-0.0406016419505861,0.281683807892517,0,0,0,0,0,0,0,-0.0160985748953641,-0.175409632263906,0,0,0,-0.132206724282873,0,0,0,-0.0691253473441712,0,0,0,-0.276760264667425,0,0,0,0,0,0,0,0.0299975883635371,0,0,0.0823840396679612,0.00134909589958582,0,0,0.0158524867287201,-0.00774690635997735,0,0,0,0,0,-0.146881905224977,1.30369366043309,0,0,0,0,0,0,0,0,0,0,0.057540882412551,0.166158247693237,0,0.0648958256305803,0.138646509090177,0,0,0,0,0,0,-0.0249898710373896,0.0984938937810333,0,0,0,0,0,0,0,-0.0102134711603058,0,0,0,0,0,0,0,0,0,0,0,0,0,0,0,0,0
