"X1","X2","X3","X4","X5","X6","X7","X8","X9","X10","X11","X12","X13","X14","X15","X16","X17","X18","X19","X20","X21","X22","X23","X24","X25","X26","X27","X28","X29","X30","X31","X32","X33","X34","X35","X36","X37","X38","X39","X40","X41","X42","X43","X44","X45","X46","X47","X48","X49","X50","X51","X52","X53","X54","X55","X56","X57","X58","X59","X60","X61","X62","X63","X64","X65","X66","X67","X68","X69","X70","X71","X72","X73","X74","X75","X76","X77","X78","X79","X80","X81","X82","X83","X84","X85","X86","X87","X88","X89","X90","X91","X92","X93","X94","X95","X96","X97","X98","X99","X100"
1.1950782592168,0,0.0335080242119004,-0.0311095380221321,0,0,0.0337665762559579,0.0159687621605138,0,0,0,0,-0.0252696384682413,0,0,-0.0299806325493211,0,0,-0.171619772346262,0,0,0,-0.0529102725468317,0.0239034913368863,0,0,0,0,0,0,0,-0.166738115134612,0,0.0459794953833489,0,0,0.0447391207260588,0,0,0,0,0,0,0.0633550243328086,0,0,0,0.0157350449981375,-0.0551600093291591,0,0,0,0,0,0.0242446954277353,-0.0530450827249793,0,0,0,0,0,-0.107811087057126,-0.190478038723071,0,0.0284636654784595,0.132518124959431,0,0,0,0,-0.084247852075755,0.000556528627562533,0.0062224689422037,-0.0674021006794315,0,0,0,0,0,-0.0890947172657974,0,-0.0190200755416837,0,0,-0.082733863883583,-0.0238292171564734,0.0102343608391791,0,0.0989107785526929,0,0,0.012443524033503,0,0,0,0,0,0,0,0
0,1.20238278445859,0.0401740549412135,0,0,0,0,0.00663352389120034,0,0,0,0,0,0,0.0432299570439593,0,-0.0886446856856372,0,0,0.0716792119544359,0,-0.0150404116306453,-0.00109453500178151,0,0.0295785909251469,0.00884525281523341,0,-0.0356356595468613,0,0,0,0,0,0.0768659438956099,-0.295211668752878,0.0366502529513552,0,0,0.217333043403134,0,0,0,0,-0.0118922653494437,0,-0.0634827244025105,0.0259307350291304,-0.0501823172649799,0,0,0,-0.083047284228881,-0.0864663057764819,0,0,0.119374024291235,0,0,0,0,0,0,0,0,0,0,0,0,0,0,0,-0.0685658537177983,0,0,0,0,0,0,0,0,0,0,0,0,0,0,0,0.0427880780671738,0,0,0,0,0,0.00279534085973314,0,0,0,0,0,-0.0188236511738493
0.0335080242119004,0.0401740549412135,1.43896744749059,0,-0.210846606539073,-0.0476346997336862,0,0,0,-0.0960480961133264,0,0,0,0,0,0,0,0.0798639996991929,0,0,0,0,0,0,0,-0.0575123471002033,0,0,0,0,0,0,-0.0651341277233035,0,0.328077954338342,0,0.163426617417955,0.0195708387476769,-0.0348245669314537,0,0,-0.0952673940751025,0.00396867902122335,0,-0.111705878650626,0,-0.00448233775474084,0.0451255535211231,0.381844039575386,-0.0609459866905201,-0.00555902012138573,0.0890662475102902,0,0,-0.0729964222727289,0.0846792867841211,0,0,-0.0212071680915026,0,0,0,0,0,-0.0637913822137846,0,0,-0.0752447952447944,0,0.0218147493326853,-0.128067554349017,0,0,-0.18827885652379,0,0,0,0,-0.0158659885822679,0,0,0,0,0,0,0,0,0,0.1421109515086,0,-0.0405570756063612,0,0,0,0.147351310770045,0,0.00727006375418767,0,0,0
-0.0311095380221321,0,0,1.22655576573279,0,0,0,0.0897306029556186,0,0,0,0.0357308172025012,-0.089223909743193,0,-0.118584928992906,0,0,-0.0487369127010823,-0.0235526396764832,0.00687463034777522,0.00140886259086982,-0.0858397576891758,0,-0.0556258765709534,0,0,0.0221474435945111,0,-0.132136412419108,0,0,0,0,0,-0.0292236308118227,0.011570161455334,-0.0446899337912178,0.0656564862891077,0,0,0,0,0,0,0,0.0281102285040639,0,-0.0296783764987523,0,0,0.132664369995886,0,0,0,0.0268706409236722,0,0,0,0.110915461348187,0,-0.076145812288956,0,0,0,0,0,0,0,-0.21443337215254,0,-0.0280887530716402,0,-0.0514066326216795,-0.0386007485293048,-0.0258370900492436,0,0,0,0,0,0,0,0,0,-0.0939938417898603,0,0,0,0,0,0,0,-0.114474592056043,0.0278788638129382,0,0.0548894399276188,0,0,0,0
0,0,-0.210846606539073,0,1.15702449335295,0.0786178164579147,0,-0.0258655865193576,0,0,0,0,-0.124348968811155,0.0533096216625451,0,0,0,0,-0.0330958654330079,0,0,-0.103980278972199,0,0,0,0,0,0,0,0,-0.00190305605190287,0,0.0995859739265405,0,0,0,0,0,0,0.112779675452442,0,0,-0.0318386654353288,0,0,0.066603190312107,0.0660191268533856,0,0,0,0,0,0,-0.0270574172066722,0,0.0279860962425278,0,-0.0823672041355792,0.015633809519636,0,-0.0806461265540964,0,0.0280481174162639,0,0,0,0,-0.0919399788541805,-0.0631295853877439,0,0,-0.00399698193012122,0,-0.0359521785142369,0,0,0,0,0,0,0,0,0,0,0,0,0,0,0,-0.0374148167142364,-0.0350324373721652,0.0320949200827478,0,0.108206353702195,0,0,0,0,0,-0.042808196396009
0,0,-0.0476346997336862,0,0.0786178164579147,1.2807816660197,0,0.159100219950742,0,0,0,0,0,0,0,0,-0.131300633358058,0,0,-0.0122312746011394,0,-0.111007828398147,0,0,0,-0.038107938907352,0,0,0,0,0,0,0.0829492775886056,0,0.000893370878944106,0,0,0,0,0,0,-0.145241347370334,0,0,-0.0299864371458714,-0.00591727732974003,-0.0637702856837167,0,0,0,0.0151965670904531,-0.00631690123470706,0.0630423712799879,0,-0.0133540521430069,0,0,0,0,-0.0630174747131133,0,0,0,0,0,0,0,0,0.0653584213196751,0.0448271815569226,0,0,0,-0.0266037325767853,-0.0355264031146346,0,0,0,0,0,0,-0.20205570625735,0,0.0942538498292516,0,0,0,0.00642263437266828,0,0,0,-0.099943774002094,0,0,0,0,-0.319891062980382,0,-0.124266601613988,0
0.0337665762559579,0,0,0,0,0,1.20832932677208,0,0,0,0,0,0,0,0,0,0.174435852228081,0,0,0,0.0718626247035769,0,0.00639288740080998,0,0.00119668080111108,0,0.102981513858258,0,0,0.029495744919039,0,0,0,-0.0211159138939147,0,-0.0259145220510067,0,0,-0.003998497939034,0.0784913695505534,0,0,0,0,0.0519860627576319,0.103130384686945,0,0,0,-0.0168468005036291,0,0.026912200449193,-0.0165173262524377,0,0,-0.0123306307653976,0,0,0.0974657580559879,0,0.0886632294139113,0,0,0,-0.0153015385736083,0,0,0,0,0.00705508961766456,0,-0.0245075348456109,0,0,0,0,-0.0473754614227241,0,0,-0.046722095960286,0,0,-0.0400884968096929,0,0.229242109447131,0,0,-0.0629548685456073,0,0,0,0,-0.0629625187886042,0,0,0.172402350060315,0,0,0.0595916928421364,-0.0616828009091065
0.0159687621605138,0.00663352389120034,0,0.0897306029556186,-0.0258655865193576,0.159100219950742,0,1.31915814723088,-0.0190374775717997,0.00268789926332339,0,0,0,0,0,0.168442372180677,0,0,0,0,0,0,0,0,0.0498123282017268,0,0,0,0.00703852301669048,-0.0592700013868381,0,9.38305520707313e-05,0,0,0,0,0,0.0606128508084811,-0.0482267646530217,0,0,0,0.271642266362763,-0.114468311561577,0,0,0,-0.204534711101866,0,0,-0.00916804034815238,0.0233936960087613,0,0,0,0,0.0810185764268886,0,0,0,0.00834317839910007,0,0,0.0647504250722971,-0.0436185634111985,0.217529555659822,0,0,0,0,0,0,0.0532807245492932,0,0,0,0,0,0.00435716340708017,0,0,0.00561869575992414,-0.0125306724756902,0,0.0482571793769779,0,0,0.0614661515206603,0,0,-0.106096804238554,-7.18554844497779e-05,-0.0271131897351533,0,0,0,0,-0.0265716088085072,0,0
0,0,0,0,0,0,0,-0.0190374775717997,1.15808938089756,0,0,0,0,0,0,0,0,0,0.0126914007227888,0,0,0,0,-0.0628904802108092,0,0.110045795252408,0,-0.0565204028770391,0,0.140037685743207,-0.0128591922668952,-0.0574364118585053,0,0.0310175351645709,0,0,0,0,0,0,0,0,0,0,0,0.0241086175762337,0.049019229623242,0,0,0,0,0,0,0,0,0,0,0,0,0,0,0.0390526642099914,0,0,0,-0.102014340752756,0,0,0,0,-0.0556096936847077,0,0,0,0,-0.0886232050150121,0,0,0,0.0503265618299998,0,0,-0.0797374318810838,-0.186430565488316,-0.0841441918489902,0,0,0,0,0,0,0,0,0,0,0,0,0,0,-0.156376189024581
0,0,-0.0960480961133264,0,0,0,0,0.00268789926332339,0,1.26150517258716,0.0592236552885618,-0.00957891932729084,0,0,-0.143185996611764,-0.00100957965407428,-0.0583203104113291,0,-0.0611803973751576,0.0627828219582494,-0.0684610937600122,-0.0275276664619974,0,0,0,0,0,-0.0459700432966055,0,0,0.0472287180784534,0,-0.0763045650145367,0,-0.0145160680098326,0,0,0,0,0,0,0,0,0.0280316504704706,0,-0.195323302131617,0,0,0,0,0,0,0.00496669108452623,0,0,-0.182987643084719,-0.148519443769054,0,0,-0.0477619022984607,-0.0520712534040388,0,0,0,0,-0.0182466059617291,-0.246813346032513,0,0,0,0,0,0,-0.060739059904467,0,0,0,0,0,-0.0251044751479491,0,0,0,-0.0852553995965903,0,0,0,0,0.00043612357209254,-0.0288675472375326,-0.0473047668681535,0,0,0,-0.0536455573477212,0,0,0,0.0700384661406576,-0.0370493332686765
0,0,0,0,0,0,0,0,0,0.0592236552885618,1.36304320835401,0.0154676343546152,0,0,0,-0.122900941981741,0.0389212975669298,0,0,0,0,0,0,0,0,0,0,0.0780230045823228,0,-0.0117108365771591,0.0163105393957538,0,0,0.2478056422808,-0.00518301013242993,0,-0.000197392559500261,0.159466711775433,0.311460375069461,-0.0154087170579234,0,0,0,0,0,0,0,-0.11040034220754,0.058784336437795,0,0,0,0.072657624104643,-0.10930732916126,-0.0239586459896788,0,0,-0.0240415879341381,0.044416137177653,0,0,0,-0.0227813146924111,0.126724564202674,0,-0.0447447267355956,0.0522407412929196,0,0,0,0,0.11467783170957,0,0,-0.176061004095737,-0.0316655733932677,0.0565563197805247,0,0.0327231543592524,0.00480103695349753,0,0,0,0.0179986293611245,-0.161656115160734,0,0,0,-0.0431779631200189,0,0,0,0,0,0,0,0,0,0.00836040636574499,0
0,0,0,0.0357308172025012,0,0,0,0,0,-0.00957891932729084,0.0154676343546152,1.12570472720415,0.000409880406887441,0,0,0,0.00919378914562347,0.0176028823635465,0,-0.0553393807612677,0,0,0,0,0,-0.00887732366113581,0,0,0,-0.0353067682983111,0,-0.0330961935416067,0,-0.009313843613518,-0.0137039530944026,0.0237806774894109,0.10370312645299,0,0,0,0.00789876027341729,0,-0.0722856802097652,0,-0.101457913475546,0,0.102651764453304,0.0748298473777687,0,0,0,0.0230427720287326,0,0,0,-0.173536026384616,0,0,0,0,0,0,-0.0344852527662867,0,0,0,0,0,0,0,0.012933062710037,-0.10442681446425,0.0192996458447183,0,0,0,0,0,0,0,0,0,0,0,0.0520272715071499,0,0.0294686531683083,0,-0.0318774635074202,0.0103004562574087,0,0,0,0,-0.0211078413065954,0,0,0,-0.0259051960526295,0
-0.0252696384682413,0,0,-0.089223909743193,-0.124348968811155,0,0,0,0,0,0,0.000409880406887441,1.2855342080001,0,0,0,-0.112621224981784,0,0.00567193539732511,0,-0.0738076928867619,0,0.00575721400509169,0,0,0.137345716889403,0,0,-0.093396488849491,0,0,0,0,0,0.0873010229006222,0.0748979790391612,0,0.158618432387484,0,0,-0.0698417378376563,0.102245767931742,0,-0.136804939451308,0,-0.0113691910136876,0,-0.00942726585318597,0,0.0821260391026788,0,0,0,0,0,0,0,0,0.030831218843607,0,-0.102795597283886,0,0,0,-0.0203080650700868,0,0,0,0,0,0.0730504385139885,0,0,0,0,0,0,0.164383597367686,0,-0.1346439825299,-0.0823735725905077,0,0.00967121637183948,0,-0.155977465902738,0,0,0,0,0,0.102205975736667,0,-0.107300547245096,0,0,0,0,0,0.0476854766362439,0
0,0,0,0,0.0533096216625451,0,0,0,0,0,0,0,0,1.25301451528307,0.111071319581188,0,0,0,0.00776719461831518,0.0038789286610263,0,0,0.0160012622709681,-0.100934914457797,0,0,-0.0579998630623633,0,0,0,0,0,0,-0.0054715258225598,0,0,-0.0452680180879859,0.0429623190405597,0,0,0.100750074091167,0,0,0,0.00316264816823028,0,0,-0.130873672536685,0,0,-0.0367539539297205,-0.0323370500499582,0,0,0,0,-0.042759576874407,0,-0.151294371884368,0,0,0,0,0,0.0513667313982707,0,0,0,0,0.0624526879301238,0,0,0.0146198226383991,0,0.021335162937525,0,0,0,0.0992938376481865,-0.0808803377835004,0,0,-0.00796257112453168,0.142995232931431,0,0,-0.0691008536666811,0.0300035122344093,0,-0.0101469978864896,0.112228372744593,0,0,-0.0916177652163186,-0.0546473630182344,0,-0.26757560232741,0,0,0
0,0.0432299570439593,0,-0.118584928992906,0,0,0,0,0,-0.143185996611764,0,0,0,0.111071319581188,1.34165290426127,-0.05932728721605,0,-0.0363175672878908,0,-0.0914012800483625,0,0.0181499167747002,-0.0952913821238726,0,0,0,0,0,0,0,0,0,0,0,0.0310723133834985,0,0.0266400742655297,-0.224633999939001,0,-0.0779549535832494,0,0.152793393778273,0,0,-0.127466374497759,0,0.129297380627495,-0.0648125279727384,0,0.00680668479865284,0,0.0921891144801081,0,0,0.0875413923028713,-0.0301835188835725,0.0809973923129869,0,0.0567983646250996,0,0,-0.0359943614512335,0.0411056472569142,0,0,-0.218164905830446,-0.0254848946835132,0,-0.0654642513440875,-0.00579210950123617,0,-0.0716302477474859,0,-0.0462656156770964,-0.123416106414434,-0.00465397483462951,0,0,0,0.0440963532509621,0,0,0,0,-0.00625176484840179,0,0,-0.11953888210327,0,0,0,0,-0.000654711880039462,0,0.0313359419959806,0,0,0,0,0
-0.0299806325493211,0,0,0,0,0,0,0.168442372180677,0,-0.00100957965407428,-0.122900941981741,0,0,0,-0.05932728721605,1.30270224243963,0.129502720252413,0,0,0,0,-0.0027948540132484,0,0,0,0,0,0,0,-0.110754784670231,0,0,0,0,-0.0488745530295786,0,0,0,0,0,0,-0.0232176074172322,-0.0639759800804359,0,-0.136787252932966,0,0,0,0,0,-0.0164762949025192,0,0,0.0117551502077794,0,0,0,6.0638869249107e-05,0.198366104092949,0,-0.155488772771594,0,-0.175867325923492,0,0,-0.133498471092955,0,0,0.0733347054713479,0,0,-0.0248022773119775,0,-0.0486633110502793,0,0,0.0508184022993986,-0.0243998449841208,0,-0.0613848224899491,0.00168840800066472,0,0,0,-0.0674935287988946,-0.11626901247301,0,-0.0179278584737109,0,0.0388526595083408,0,0.0837502039706522,0,0,0,-0.0118167497641086,0,0,0,0
0,-0.0886446856856372,0,0,0,-0.131300633358058,0.174435852228081,0,0,-0.0583203104113291,0.0389212975669298,0.00919378914562347,-0.112621224981784,0,0,0.129502720252413,1.47255096027474,0,-0.00288733467927123,0,0,-0.0042566875132427,0,0,0,0,0,-0.0670156964222758,-0.124828903554091,0.18507164417294,0,0,0,-0.0322533318486694,0,-0.065921823658101,0,0,0.0352841131477425,0,0,0,-0.133351402786717,0,-0.159236829233025,-0.0395504141959089,0.0557455711193393,0,0,-0.0131803592861486,0,-0.0801723284824561,0,0,0,0,0.0816289361582299,0.0632422564501647,-0.191857949041877,0,0,0,0.0930698494327515,0,0.066030794741554,0,-0.0607859975225112,-0.0670048885743593,0,0,0.066481101632703,0,0,0.344819375919484,-0.117472726699557,0,-0.0178031759108299,-0.0307482080136864,-0.0384921931552119,0,0,0,0,0,0.0043023485252476,0,0,0.00880826543227586,0.097080174635955,-0.0258878462940118,-0.187792868991629,-0.110650386760643,0,0,0,0,0,0,-0.0236825563463027,-0.13013562945789
0,0,0.0798639996991929,-0.0487369127010823,0,0,0,0,0,0,0,0.0176028823635465,0,0,-0.0363175672878908,0,0,1.17181094963511,0,0,0,0,0,0,-0.119222835869747,-0.0447514040357918,-0.0220691788375458,-0.0569885047208293,0,0,0,0,0,-0.0790915761994651,0.00905441236366625,0,0,0.0221856561958019,0,0,0,0,0,0,0.100322002267368,-0.0675921516326309,0,0,0,0,0.00677710867240333,0,0,0,0.0119146121979486,0,0.0467037633475601,-0.0383079996424247,0,-0.038888409761179,0.0489909279337803,0,0.00278884376155106,0,0,0,-0.032384173563489,0,-0.0523506059647168,0,-0.0132523014454069,0,-0.0431664519182361,0,0,0,0,-0.106508454670716,0,0,-0.190931861035488,0,0,0,0,0,0,-0.0281460966876165,-0.0600717774023873,0,0.0049527265821193,0,0,0,0,-0.207102919128759,-0.0427748626484627,0,0,-0.0637756277066557
-0.171619772346262,0,0,-0.0235526396764832,-0.0330958654330079,0,0,0,0.0126914007227888,-0.0611803973751576,0,0,0.00567193539732511,0.00776719461831518,0,0,-0.00288733467927123,0,1.17012537228552,0,0,-0.101344133405773,0,0,0.0404987311554935,0.0127233564488233,0,0,0,0,0,0,0,-0.0583751949908699,0,0,0,0,-0.174591460248177,0,0,0,-0.0573192799795785,0,-0.0402362748439169,0,-0.163520783112713,0,-0.0902843555079756,-5.83715886604391e-07,0,0,0,0,0,0,0,0,0,0,0,0,0,0.00347939184216137,0,0,0,0,0,0,0,0,0,0,-0.079452257316562,0,0,0,-0.036401235757711,0,0.0094506326407162,0,0,0.0474867589461284,0,0,0.083170547264927,0,0,0,0,0,0,0,-0.0965557715696548,-0.0473614504198731,0,0.0505407854963145,0,0
0,0.0716792119544359,0,0.00687463034777522,0,-0.0122312746011394,0,0,0,0.0627828219582494,0,-0.0553393807612677,0,0.0038789286610263,-0.0914012800483625,0,0,0,0,1.17287241187727,0,0.104805044640839,0,0,0,0.00511255900084114,0,0.099136442296903,0,0,-0.0369925168167018,0,0,0,0,0,0.0866525904091368,-0.239389098786545,0,0,-0.0527532694529931,-0.0147694704526403,-0.0273849388794814,0,0,0.0179943760923036,-0.00370481351282767,0,0,-0.0077413807680131,0,0,0,0,0,0,0,0,0,0,0,-0.00287200842384026,0,0,0,0,0,-0.023967250441348,-0.00104822171687161,0,-0.0851105898229913,0,0,-0.0444588821848452,-0.0817978410013502,-0.0226138876813154,0,0,0,0,0,0,-0.0285347796869062,0,-0.0748317961961056,0.0354330131881736,0,0.0544652662841329,0,0,0,0,0,0,-0.0980208806176643,0,0.0132296745471196,0,-0.0227956142892267,0
0,0,0,0.00140886259086982,0,0,0.0718626247035769,0,0,-0.0684610937600122,0,0,-0.0738076928867619,0,0,0,0,0,0,0,1.10661634380792,0,0,0,0,0,0,0,-0.108224856616484,0.0123378462829934,0,0.00111773122740522,0,0,-0.0479006864726045,0.066050553225143,0,0,0,0,0.16759561077997,0,0,0,0,0,0,0,0,0,0,-0.0392324753896981,0,0,0,0,0,0,0,0,0,0,0.0114403297366685,0,0,0,0,0.0732566585665868,0.0170379803243056,0,0,0,0,0,-0.0160954666787655,-0.0183240026252216,0,0,-0.084826877787613,0,-0.0558617307845536,0,0,0,0,0,0,0,0,0,0,0,0.12669687167986,0,-0.145931242446076,0,0,0,0.011573180538824,0
0,-0.0150404116306453,0,-0.0858397576891758,-0.103980278972199,-0.111007828398147,0,0,0,-0.0275276664619974,0,0,0,0,0.0181499167747002,-0.0027948540132484,-0.0042566875132427,0,-0.101344133405773,0.104805044640839,0,1.47357698914941,0,-0.0166164588795332,0,-0.077917781186529,0,0,0,0,-0.0993764142824035,0,0,0,-0.00842084175322058,-0.0316848246900506,0.00656586752611941,0,0,0,0,0,0,0,0.0015237034726414,0.0368927400968426,0,0,0,0,0,0,0,0,0,0,0,0,-0.153621292430094,0,-0.123985427657532,0,-0.142769102131164,0,0,-0.130314470072328,0,-0.0395736268479765,0,0,0,0.00102040000031112,0,-0.252496545201497,0,0,0,-0.540725196755617,0,0,-0.0360702061721431,0,0,0.109032425854447,0,0,0,0,0,0,0,-0.0641750781254373,-0.0637522112308041,0.0384195999804399,0,0,0,0,0,0
-0.0529102725468317,-0.00109453500178151,0,0,0,0,0.00639288740080998,0,0,0,0,0,0.00575721400509169,0.0160012622709681,-0.0952913821238726,0,0,0,0,0,0,0,1.16232945547402,0,0,0,0,0,0,-0.0631876108033766,0,0,0,0.0717965871009619,-0.0238138949061636,0,0,0,0,0,0.00107936030748911,-0.0474603013677754,0,0,0,-0.0939785626077996,0,0,-0.0106771441951985,0,0,0,0,0,0,0.0928150314142918,0,0,0,0,0.00618394545995951,0,0.0518230566926534,-0.0804759496701428,0.0288193608526888,0.0158225495734262,0,0,0,-0.0220753677622235,0,0,0,-0.121691703768003,-0.125397798010565,0.0442974416678229,-0.0305468530269451,0,0.0161819334366028,0,0,0,0,0.0106183435040604,0,-0.158740705173872,0,0,0,0,0,0,0.128314770541944,-0.126066420536983,0.158263982357854,-0.0400250557897335,0,0.0273387105583175,0,0
0.0239034913368863,0,0,-0.0556258765709534,0,0,0,0,-0.0628904802108092,0,0,0,0,-0.100934914457797,0,0,0,0,0,0,0,-0.0166164588795332,0,1.25518293114243,0,0.00500091145297918,-0.0895547518781176,-0.138654826685321,0,0,0,0,0,0,-0.124621848129465,0,0,0,0,-0.113316667541919,-0.0612717520898969,0,0,0,0,0.252889757412837,0,-0.0243532865599485,0,0,0,0,0,0,0,0.0695125367793508,-0.0854119856080608,-0.0650600988473352,0,0,-0.101841395128308,0,0,0,0,0,0,0,-0.0773631743123056,0,-0.0790543564762988,0,0.123812947915428,0,0,-0.0871357221102232,0,0,0,0,0,-0.0580117116869895,0,0,0,-0.24246040519152,0,0,0.00756097342698941,0,0,0,0,0,0.0246531140088717,0,0,0,0,-0.0499886546117053
0,0.0295785909251469,0,0,0,0,0.00119668080111108,0.0498123282017268,0,0,0,0,0,0,0,0,0,-0.119222835869747,0.0404987311554935,0,0,0,0,0,1.11207675463275,0,0.0845366249226665,0,-0.0212883932818638,0,0,0,0.00666089707182603,0,0.0285233785488857,-0.00898662882434019,0,0,0,0,-0.0347493899212077,0,0,-0.0236288827824878,-0.00962777283553298,-0.0953331495868918,0,0.00777257692758454,0,0,0,0,0,0,0,0,0,0,0,-0.00403093104253627,0,0,0.0028689355907234,0,0,0,0,0,-0.0613107322354973,-0.0137437115251086,-0.159995903439449,0,-0.0940801426502678,-2.76820000565541e-05,0,0,0,-0.0591219046693444,0,0,0,0,0,0,0,0,0,-0.09550295055142,0,0,0,0,0,0,0,0,-0.0223023757696863,-0.10770165158675,0.00592345556746547,0
0,0.00884525281523341,-0.0575123471002033,0,0,-0.038107938907352,0,0,0.110045795252408,0,0,-0.00887732366113581,0.137345716889403,0,0,0,0,-0.0447514040357918,0.0127233564488233,0.00511255900084114,0,-0.077917781186529,0,0.00500091145297918,0,1.2089102098968,0,0.0704887466748512,0,0,-0.0259349247635355,0,0,0,0,-0.043174205884375,-0.0694407267830221,0,0,0,0,0,0,0,0,-0.0912294396367573,0,0,0,0,0,0,0.00134098446716651,0,-0.16635660819934,0,0,0,0,0,0,-0.041394840041987,-0.108297113331244,0,0,0,0,0,-0.117469817894142,-0.0280153173322093,0,0,0,-0.0103035950961435,0,0,0,0,0,0,-0.0230557004221163,0.0156410107353185,-0.0809995888528484,0,0,-0.0878849134142649,-0.0424789958745786,0,0,-0.0142304335584158,0,0.132480481089997,0,0,0,0.210449380710462,0,-0.0355489816516177,0,0
0,0,0,0.0221474435945111,0,0,0.102981513858258,0,0,0,0,0,0,-0.0579998630623633,0,0,0,-0.0220691788375458,0,0,0,0,0,-0.0895547518781176,0.0845366249226665,0,1.22862686742683,-0.0209249031121611,0.0170208664413041,-0.0495772961153708,0,0.205341397905172,-0.104687140151423,0.107250036084952,0,-0.00416357159765917,0,0,0,0,-0.0620664358143127,-0.02057272520236,0,0,0.028392215967183,0,-0.0164511646089779,0,0,0,0,0,0,0.00251549690121008,-0.00130670103072169,0.0985098490004174,-0.0793383188186003,-0.0371482218218959,0,0,0,0,-0.0479775688135043,-0.0681934929049691,0,0.12500735157214,-0.0506198664180643,0.0145739951303749,0,-0.125044027948078,0.0427917346829753,0,0,0,0.0668732238549917,0.0289451188319847,0,0,0,-0.0999360168727872,0,0,0,0.0469674851073308,0,0,0,0,0,0,-0.00644629561819217,0,0,0,0,0,-0.166464883173201,0,0,0
0,-0.0356356595468613,0,0,0,0,0,0,-0.0565204028770391,-0.0459700432966055,0.0780230045823228,0,0,0,0,0,-0.0670156964222758,-0.0569885047208293,0,0.099136442296903,0,0,0,-0.138654826685321,0,0.0704887466748512,-0.0209249031121611,1.1961910873504,0,0,0,0,0,-0.153166024145217,-0.0917471801715918,0,0,0.00111553818676517,0,-0.0452052153141556,0.0839223645248217,0,0,0,0,0,-0.0275005091509567,0,0,0,0.0722264319825419,0,0,0,0.00707339401102893,0,0,0,0,-0.0242680361445671,-0.0458070692101998,0,0.00872381015109804,-0.0773875605084129,0,0.0458902397866586,-0.0663618064113015,0.0814572432671632,0,0,-0.00718540862497687,0.0934120682168852,0,0,0.0580838504361068,0,0,-0.034967460421195,0.00821928633902047,0,0,0,0,0,0,0,0.0970888015333239,-0.0442598737871714,0,0,0,0,0,0,0,0,0,0.148693368219451,0.0710453709654989,0
0,0,0,-0.132136412419108,0,0,0,0.00703852301669048,0,0,0,0,-0.093396488849491,0,0,0,-0.124828903554091,0,0,0,-0.108224856616484,0,0,0,-0.0212883932818638,0,0.0170208664413041,0,1.24726467323924,0,0,0,0.00933976066725266,0,0,0,-0.108088573374415,0,0,0,-0.016901299845086,0,0,-0.0760976644051642,0,0,0,0,-0.00940796367179096,0,-0.0249038354298086,0,0,0,0,0,0,0,0,0,0,0,0.0345017821808008,0.00711972514236557,0,0,0,0,0,-0.0862788742003747,-0.0264322147170352,0,0,0,-0.243480435203526,0,0,0,-0.0947553336314007,-0.0172081953826675,0,-0.0978728231095597,0.131405934246938,0,0,-0.0755856666686847,-0.178689483446957,0.00393317474368207,0,-0.0852602298189723,0,0,-0.0394063765446345,0,0.0382664294370042,0.0385112145811797,0.0382455545282061,-0.00473993068560138,0,0
0,0,0,0,0,0,0.029495744919039,-0.0592700013868381,0.140037685743207,0,-0.0117108365771591,-0.0353067682983111,0,0,0,-0.110754784670231,0.18507164417294,0,0,0,0.0123378462829934,0,-0.0631876108033766,0,0,0,-0.0495772961153708,0,0,1.39753643758525,0.000409722694752223,0,0,0,0.0653039030728315,0,0,0,-0.034182437774883,0.144413604736304,0,-0.0884827031619298,0.0273516365943188,-0.0163099734706857,0,-0.0492067556680044,-0.0180801263073467,0.0498841658772316,0.154374067093418,0.247548361213961,0,0,0,0,0,0.0183450327939622,0,-0.106558001872038,0,0,0.268992964907043,-0.096999485568848,0,0,-0.0860494215565,0,0.0291632467845312,0.024765321314444,0,0,0,-0.0519865905251167,0,0.0360119170032094,-0.00896394343197751,0,0,0,0,0,0,-0.0915897929462775,-0.0404675653910414,0.066340210327927,-0.126952243510226,0,0,0,0,0.0344038728945219,-0.0822607958979054,0,0,-0.064363020245179,0,-0.204687004838425,0,0,-0.0205630093517889,0
0,0,0,0,-0.00190305605190287,0,0,0,-0.0128591922668952,0.0472287180784534,0.0163105393957538,0,0,0,0,0,0,0,0,-0.0369925168167018,0,-0.0993764142824035,0,0,0,-0.0259349247635355,0,0,0,0.000409722694752223,1.12693978261731,0,0,0,0,-0.0650103951807568,0.0839314047726207,0,-0.0206339987329222,-0.0145110026950892,0,0,0.0878155220428654,0.0958756890878115,0,0,0.0320390438927178,0,-0.0770462162355397,0,0,-0.0138724673385016,-0.0368531613861445,0,-0.0271300937560905,0,0,0.105304519326541,0,0,-0.120576497137861,0,0,0,0,0.00425932970435682,0,0.0225012892296511,0,-0.0547191764713197,0,0.0312428602491029,0,-0.0394636176435011,-0.0703445518444805,0,0,0,0,0,0.0216138650606975,-0.0228199874161991,0,-0.0117796502825055,-0.0913657209545951,0,0,0,0,0,0,0,0,0,0,0,0,0,0,-0.094524148749025
-0.166738115134612,0,0,0,0,0,0,9.38305520707313e-05,-0.0574364118585053,0,0,-0.0330961935416067,0,0,0,0,0,0,0,0,0.00111773122740522,0,0,0,0,0,0.205341397905172,0,0,0,0,1.21053077062945,0,0,0,0,0,0,0,0.0571323754918492,0,0,0,0.00310297834680765,-0.0081103159687261,0,0,0,-0.0140176337570789,0,0,0,-0.0227842420260931,0,0,0,-0.119940121759786,0,-0.0601550079282247,0.00825131094646923,0,0,0,0,0,0,0,-0.0108295673171743,-0.0116706910084378,0.0499900010002376,0,0,0,0,0,-0.0733664244734363,-0.184219200054579,0,0,0,0,-0.0310028815874763,0,0,0,0,0,0,-0.0591291554733473,0,0,0,0,0,-0.0277686630843017,0.235200858128615,0.0938174677155326,0.0252692653626101,0,0
0,0,-0.0651341277233035,0,0.0995859739265405,0.0829492775886056,0,0,0,-0.0763045650145367,0,0,0,0,0,0,0,0,0,0,0,0,0,0,0.00666089707182603,0,-0.104687140151423,0,0.00933976066725266,0,0,0,1.32510098518825,0.0136536344524487,0,0,0,0,0,0,0.00271427272121921,0,0,-0.0498780196094297,0,0,0,0.0414357400156778,0,-0.0777758982700602,-0.0160008486464148,0.0175791820718351,0,0.0204398025416183,-0.135879414322681,0,0,0,0,0.0510301521207061,-0.234398614092405,0,0,0.152315662289914,0,0,0,0,0,0.323723802677842,0,0,0,0.086488705431506,-0.0804721772476734,0.205846977027416,0,-0.0989624715701935,0,-0.0517679874115468,0,0,0,0,0,0,0,0,0.0502615005826644,0,0,0.137851608805905,0,0,0,-0.0182839500145791,0,0,0,0
0.0459794953833489,0.0768659438956099,0,0,0,0,-0.0211159138939147,0,0.0310175351645709,0,0.2478056422808,-0.009313843613518,0,-0.0054715258225598,0,0,-0.0322533318486694,-0.0790915761994651,-0.0583751949908699,0,0,0,0.0717965871009619,0,0,0,0.107250036084952,-0.153166024145217,0,0,0,0,0.0136536344524487,1.32668727986418,0,0,0,0,0,0,0,0,0,0,0,0,-0.00040990055400298,0,-0.0109419136623824,0,0,0.106630274468873,0,0,0,-0.209865259728243,0,0.000505117372987463,-0.00540601521812024,-0.0133489301345821,0,0,0.0364600747658193,0.124645960923577,0.000231959659694943,-0.133976724962686,-0.0872110847643037,0,0,0.0358668031875779,0.144566100321065,0,0,0,0,-0.0858681332128909,0,0,0.117862190054879,0,0,-0.01796171294918,0,0,0,0,0.137786146650326,0,0,0,0,0.00485717531659778,0,-0.0478038620303727,-0.0599850196795383,0,0,0,0,0
0,-0.295211668752878,0.328077954338342,-0.0292236308118227,0,0.000893370878944106,0,0,0,-0.0145160680098326,-0.00518301013242993,-0.0137039530944026,0.0873010229006222,0,0.0310723133834985,-0.0488745530295786,0,0.00905441236366625,0,0,-0.0479006864726045,-0.00842084175322058,-0.0238138949061636,-0.124621848129465,0.0285233785488857,0,0,-0.0917471801715918,0,0.0653039030728315,0,0,0,0,1.48498150060894,0,-0.0865884841755897,0,0,-0.0338922766706017,0.183061561316994,-0.0124999277877532,-0.0524469913468512,0,0,0.10226222688686,0,0,0,-0.0351403426242946,0,0,0,0,-0.224422358603396,-0.0153603239330141,0,0,0,0.0490591465773775,-0.0435415278065466,-0.0340727105897752,0.0371992960686708,0.0691771810666521,0.0837249427345436,0,-0.0189461304069775,0.0159329710870822,0,0,-0.0461709808279162,0,0,-0.032424081489649,0,0,0.0648984644548459,-0.0181227227696225,0.0496363737365843,-0.0150938040104823,0,0,0,0.000893226040206982,0.304404647121421,-0.0561888951156962,0,0.0341693735580487,0,-0.107143934127234,0,0.0473585463922976,0,0.0299409646381475,0,0,0,0,0,0
0,0.0366502529513552,0,0.011570161455334,0,0,-0.0259145220510067,0,0,0,0,0.0237806774894109,0.0748979790391612,0,0,0,-0.065921823658101,0,0,0,0.066050553225143,-0.0316848246900506,0,0,-0.00898662882434019,-0.043174205884375,-0.00416357159765917,0,0,0,-0.0650103951807568,0,0,0,0,1.31326340194583,0,-0.032286204498107,-0.0788209293524751,0,0,-0.107908625659996,-0.022560281452341,-0.0399468178297823,0,0,0,0,-0.329825514228154,-0.137643619889257,0,0,-0.0367700504745926,0,-0.00261636078255252,0,0,-0.00424170949750068,0,0,0,-0.0112501980988086,0,-0.0462684520440518,0,0,0,-0.0833765669389135,0,0,0.0302399664949833,0,0,0,0.142568132801898,0,0,-0.174569620257814,-0.0225761752337745,0,0,-0.0603161541345858,0,0,0,0.00273001519906901,0,-0.0445737022936532,0.00858780657132011,0,0,0,0,-0.0408937310101995,-0.127086499411834,0,-0.014643795582157,0,0,0
0.0447391207260588,0,0.163426617417955,-0.0446899337912178,0,0,0,0,0,0,-0.000197392559500261,0.10370312645299,0,-0.0452680180879859,0.0266400742655297,0,0,0,0,0.0866525904091368,0,0.00656586752611941,0,0,0,-0.0694407267830221,0,0,-0.108088573374415,0,0.0839314047726207,0,0,0,-0.0865884841755897,0,1.2598871474405,0,0,0,0,0,0,0,0.0265657594435725,0,-0.00909315841755652,-0.0924434235103065,-0.152101901585872,0,0.0322517080551229,0,0,0,0,0,-0.0706964832712231,0.00562477858690173,0.066022392540727,-0.00897283728380945,0,0.00562127818312156,0.0224247566325459,0.260900404258497,0,0.0751450520121573,-0.0284654047008959,0,0,0,0,0,0,0,0.115176654720016,0,0,0.0670844917169589,0,0,0,0,0,0.0947075303449744,0,0,-0.0410360544170817,0.0114818587842543,0.0188779176846839,-0.0103248937016929,0.0573062545662751,0,0,0,0,0,0,0,0,0
0,0,0.0195708387476769,0.0656564862891077,0,0,0,0.0606128508084811,0,0,0.159466711775433,0,0.158618432387484,0.0429623190405597,-0.224633999939001,0,0,0.0221856561958019,0,-0.239389098786545,0,0,0,0,0,0,0,0.00111553818676517,0,0,0,0,0,0,0,-0.032286204498107,0,1.35019350634397,0,0.0341828939495848,-0.0461066476087552,0,0,0.106033999875165,0,0.0401149648031216,0,0,-0.178178885261573,0,0,0,0,0,-0.125823970314178,-0.0791492139839017,0,0,0,-0.0753264203237634,0,0,0,-0.111942078289628,0,0,0,0,0,-0.0975479006633929,0,0,0,0,0,0,0,0.0386954608530739,0,0,0,0,0,-0.129812835513029,0,0.0233637953441872,0.0619946775118622,0,0,0,-0.00473037797451008,0,0,-0.0525890087676926,0,0,0,0,0,0
0,0.217333043403134,-0.0348245669314537,0,0,0,-0.003998497939034,-0.0482267646530217,0,0,0.311460375069461,0,0,0,0,0,0.0352841131477425,0,-0.174591460248177,0,0,0,0,0,0,0,0,0,0,-0.034182437774883,-0.0206339987329222,0,0,0,0,-0.0788209293524751,0,0,1.51483936476072,0,0,0,0.203967849406324,-0.234287456026893,0.161498974088138,0,0,0,-0.0482569814771456,0.096151011843448,0.015359066397664,0.0362149087720332,0,0,-0.0666399967975669,0.0110329114526882,0.0866917386418381,-0.00934925222848925,0,-0.0274702754711617,-0.0137100419743447,0,0.0525234920435806,0,0,0,0.0341726125680082,-0.0738232391748225,0,0,0,0,0,0,0.214557530728912,0,0.034236184442858,0,0,0,0,-0.0473286820705766,0,0,0,0,0.0247255003006319,0,0,-0.0172549716048434,0.0242933875839395,-0.0170502603152209,0,0,-0.0559002811844697,-0.286398166081184,0,0,0,-0.123695291376202
0,0,0,0,0.112779675452442,0,0.0784913695505534,0,0,0,-0.0154087170579234,0,0,0,-0.0779549535832494,0,0,0,0,0,0,0,0,-0.113316667541919,0,0,0,-0.0452052153141556,0,0.144413604736304,-0.0145110026950892,0.0571323754918492,0,0,-0.0338922766706017,0,0,0.0341828939495848,0,1.29049627183753,0,0,0,0,0,-0.113583170631571,0,0,0,0,0,0,0,-0.13226116271804,0.0416084182319546,0,0,0.0186148042828459,0,0.0275285889166508,-0.105195036079395,0,0,0,0.0733160981534219,0.0866090703441708,0,0,-0.0372722342043001,0,0,0.0133033131127213,0,0,0,0,0,0,0,0.000371060136298518,0,0,0.00922780823205203,-0.0578345020789225,-0.0951306636758347,-0.152518908111771,0,0,0,0,0.00645165358279113,0,0,0,0.0455062190485496,0,0,-0.312323667861572,0,-0.0865149170695356
0,0,0,0,0,0,0,0,0,0,0,0.00789876027341729,-0.0698417378376563,0.100750074091167,0,0,0,0,0,-0.0527532694529931,0.16759561077997,0,0.00107936030748911,-0.0612717520898969,-0.0347493899212077,0,-0.0620664358143127,0.0839223645248217,-0.016901299845086,0,0,0,0.00271427272121921,0,0.183061561316994,0,0,-0.0461066476087552,0,0,1.15499362480778,0,0,0,0,0,-0.0731443914699812,-0.0418561729285647,0,0,0,-0.128980669469529,-0.137069981274755,0,0,0,-0.0309271526368644,0,0,0,-0.0436914069335329,0.0570780267647109,0,0,0,0,0,0,-0.0566647592837802,-0.0316824004851823,0,0,0,0,0,0,0.023868751802678,0,-0.0119631010877221,0,0,-0.0813840170524266,0,0,0,0,0,0,0,0,0,0,0,0,0,0,0,-0.0336492222203579,0,0
0,0,-0.0952673940751025,0,0,-0.145241347370334,0,0,0,0,0,0,0.102245767931742,0,0.152793393778273,-0.0232176074172322,0,0,0,-0.0147694704526403,0,0,-0.0474603013677754,0,0,0,-0.02057272520236,0,0,-0.0884827031619298,0,0,0,0,-0.0124999277877532,-0.107908625659996,0,0,0,0,0,1.27392978425965,-0.0364375591280692,0,0,-0.103018092370168,0,0,-0.0142756061615129,-0.105700054235852,0,-0.0279974866269094,0.00471332957611494,0,-0.072426746758012,0.00699473593772481,0,-0.039346417232831,0,0,-0.0415598742832341,-0.0661045166253077,0,-0.204310318496287,0,0,-0.0749262248383181,0,-0.00447496124766912,0,0,0,0,0,0,0.0107088751189176,0,-0.0231662972545201,-0.0728783734003172,0,0.0315636306792237,0,-0.0292025576314734,0,-0.0733399899339378,0,0,0,-0.0780812953457128,0,-0.0158191152003681,0,0,0,-0.207932941967017,0,0,0,-0.0853841203785298,0
0,0,0.00396867902122335,0,-0.0318386654353288,0,0,0.271642266362763,0,0,0,-0.0722856802097652,0,0,0,-0.0639759800804359,-0.133351402786717,0,-0.0573192799795785,-0.0273849388794814,0,0,0,0,0,0,0,0,0,0.0273516365943188,0.0878155220428654,0,0,0,-0.0524469913468512,-0.022560281452341,0,0,0.203967849406324,0,0,-0.0364375591280692,1.26615696304458,-0.0683763542341725,0,0,0.0334429087476266,0.0994285143794336,-0.0343554702579235,-0.0505018608242858,0,0,0,-0.0312275701802882,0,0,0,0,0,0.0890538526969274,0,-0.0533794418797085,0,0,0.0194266551456366,-0.0392194833301418,-0.00566989997650569,0,0,0,0,-0.0972536702771703,0.0281055510844746,0.0366297224151557,0,0,0,0,0,0,0,0.0823805453997609,-0.0913181951635399,0,-0.0498565429534259,0.0601432213367407,0.00742775371477236,0,0,0.0345232118953346,-0.0188755858094617,0.13195179003983,0,0,0,0,-0.0499858512288706,0,0,0
0.0633550243328086,-0.0118922653494437,0,0,0,0,0,-0.114468311561577,0,0.0280316504704706,0,0,-0.136804939451308,0,0,0,0,0,0,0,0,0,0,0,-0.0236288827824878,0,0,0,-0.0760976644051642,-0.0163099734706857,0.0958756890878115,0.00310297834680765,-0.0498780196094297,0,0,-0.0399468178297823,0,0.106033999875165,-0.234287456026893,0,0,0,-0.0683763542341725,1.22609080877433,0,0,0,0,0,-0.0361241183794526,0,0,-0.100496375042197,0,-0.0341579001543858,0.0818280553295888,0.00503560285388071,-0.0746141795020028,0,0,0,0,0,0,-0.133923319639697,0,0.00821018364347561,0,0,0,0,0,0,0,0,0,0,0,-0.167192291687649,0,0,0,0,0,0,0,0,0.0308053982164462,-0.0118713639058862,0,0,0,-0.010143355885025,0.0533754936482919,0,-0.00310540925058468,-0.0049295623270393,-0.133946941626548,0,0
0,0,-0.111705878650626,0,0,-0.0299864371458714,0.0519860627576319,0,0,0,0,-0.101457913475546,0,0.00316264816823028,-0.127466374497759,-0.136787252932966,-0.159236829233025,0.100322002267368,-0.0402362748439169,0,0,0.0015237034726414,0,0,-0.00962777283553298,0,0.028392215967183,0,0,0,0,-0.0081103159687261,0,0,0,0,0.0265657594435725,0,0.161498974088138,0,0,0,0,0,1.32502255037048,0,0,0,0,-0.168840843781056,0,0,0,0,-0.00465745027669295,-0.155069900594322,0,0,0,0,0,-0.0227651236452108,0,0,0,0,0.180508508627213,0.0175786546807661,-0.0512094630284761,0,0.0273233016933466,0,0,0,-0.03941746805016,0,-0.114413758346229,0,-0.00370158619612956,0,0,-0.000964261773627954,0.064222065690725,-0.0724960069793553,0,0,0,0,0,0,-0.137695776511004,0.0839143255387176,0,-0.130014762897368,0,0,0,0,0,0.0352229595052648
0,-0.0634827244025105,0,0.0281102285040639,0.066603190312107,-0.00591727732974003,0.103130384686945,0,0.0241086175762337,-0.195323302131617,0,0,-0.0113691910136876,0,0,0,-0.0395504141959089,-0.0675921516326309,0,0.0179943760923036,0,0.0368927400968426,-0.0939785626077996,0.252889757412837,-0.0953331495868918,-0.0912294396367573,0,0,0,-0.0492067556680044,0,0,0,0,0.10226222688686,0,0,0.0401149648031216,0,-0.113583170631571,0,-0.103018092370168,0,0,0,1.3851282375863,-0.0408564776931958,-0.159559045235256,0,0.0855844826501595,0,0,0.198574729579725,0.0753945383600921,0,0,0,0,0,0,0,-0.10153899903502,0,0,0,0.100108946832432,-0.0435661785367073,0,-0.056541413868551,0,-0.0316984485032663,0,0,0,-0.0471382599008454,0.0267658836227781,-0.0222412832276905,0,0,0,0,0.0467238788463038,0,0,0,-0.149962143506807,-0.145595276010464,0,-0.133069918362127,-0.0869043211139779,0,0,0,0,0,-0.0279529171873351,-0.0199666766323346,-0.0519222504377748,0.0882794325224603,0
0,0.0259307350291304,-0.00448233775474084,0,0.0660191268533856,-0.0637702856837167,0,0,0.049019229623242,0,0,0.102651764453304,0,0,0.129297380627495,0,0.0557455711193393,0,-0.163520783112713,-0.00370481351282767,0,0,0,0,0,0,-0.0164511646089779,-0.0275005091509567,0,-0.0180801263073467,0.0320390438927178,0,0,-0.00040990055400298,0,0,-0.00909315841755652,0,0,0,-0.0731443914699812,0,0.0334429087476266,0,0,-0.0408564776931958,1.24508056163218,0,-0.107010911856217,-0.0733468022462753,0,0,0,0,-0.00667739781558521,0,0,-0.13453308213863,0.0908783185604791,-0.0603126817582851,0,0,0,0,-0.0684386506314406,0,0,0.131948787790509,-0.0737853684382631,0,0,0,0,0,0,-0.00891251737459729,0,0,0,-0.0137273212061984,0,0.0665321438141901,-0.167391773413317,0.0647119078501397,0.0624289319864394,0.180194783072232,-0.0589067454797798,0,0,0,0,0,0,0,0,0,0,0,0,0.0254765347686803
0.0157350449981375,-0.0501823172649799,0.0451255535211231,-0.0296783764987523,0,0,0,-0.204534711101866,0,0,-0.11040034220754,0.0748298473777687,-0.00942726585318597,-0.130873672536685,-0.0648125279727384,0,0,0,0,0,0,0,0,-0.0243532865599485,0.00777257692758454,0,0,0,0,0.0498841658772316,0,0,0.0414357400156778,0,0,0,-0.0924434235103065,0,0,0,-0.0418561729285647,0,0.0994285143794336,0,0,-0.159559045235256,0,1.2527352831676,0.138072070497144,0,0,-0.0163125270853265,0,0,0,0,0.0427372737326826,0.0141077897418893,-0.00707223525836232,0,0,0.0490671931860971,0.0339589296497155,0,0.0348183156583813,0,0,0,0,0.00881707986447294,0,0,0,0,0,0,0,0,0.0314487039307322,-0.0540943564124246,0.0420639235855584,0.0172103753160935,0,0,0.0142728020604027,0,-0.018156131357601,0,-0.103866582190634,0,0,0,0,0.0047151972604926,0.139670507348443,0,0,0,0.0973112661892298,0
-0.0551600093291591,0,0.381844039575386,0,0,0,0,0,0,0,0.058784336437795,0,0,0,0,0,0,0,-0.0902843555079756,0,0,0,-0.0106771441951985,0,0,0,0,0,-0.00940796367179096,0.154374067093418,-0.0770462162355397,-0.0140176337570789,0,-0.0109419136623824,0,-0.329825514228154,-0.152101901585872,-0.178178885261573,-0.0482569814771456,0,0,-0.0142756061615129,-0.0343554702579235,0,0,0,-0.107010911856217,0.138072070497144,1.61966596251331,-0.135902511786067,-0.00726597027728989,0,0,-0.000171816707193336,-0.0234312641947158,0,-0.131674191446897,0,0,-0.0959890228020801,-0.0394896416072755,0,0,0,0,0,0,0,-0.131149849566226,0,0,0,0,-0.187254790496412,0,-0.0688465398974104,0,0,0,-0.0819344919705031,0,0,-0.0072420053255812,0,0,0,0,0,0,0,0.000823788123919373,0,0,-0.11334973174227,-0.168653269249431,0,0,0,0,0
0,0,-0.0609459866905201,0,0,0,-0.0168468005036291,0,0,0,0,0,0.0821260391026788,0,0.00680668479865284,0,-0.0131803592861486,0,-5.83715886604391e-07,-0.0077413807680131,0,0,0,0,0,0,0,0,0,0.247548361213961,0,0,-0.0777758982700602,0,-0.0351403426242946,-0.137643619889257,0,0,0.096151011843448,0,0,-0.105700054235852,-0.0505018608242858,-0.0361241183794526,-0.168840843781056,0.0855844826501595,-0.0733468022462753,0,-0.135902511786067,1.38338199568651,-0.130006268753839,0,0,0,0,-0.263105184315329,-0.00919752326878196,0,0,0,0,0,-0.0367836844315673,0,0,0,0,0,0,0,0,0,-0.0678429150483333,-0.0995751548488645,0,0,-0.0134367008187681,0,-0.0486755217445027,-0.0317729389796836,0,0.0364097424024392,0,0,0,0.000423449740106537,0,0,0.0234021300408031,0,-0.0843966459050859,0,-0.0145703135226601,0.0282741936585455,0,0,-0.00613895271109721,0,0,0
