"X1","X2","X3","X4","X5","X6","X7","X8","X9","X10","X11","X12","X13","X14","X15","X16","X17","X18","X19","X20","X21","X22","X23","X24","X25","X26","X27","X28","X29","X30","X31","X32","X33","X34","X35","X36","X37","X38","X39","X40","X41","X42","X43","X44","X45","X46","X47","X48","X49","X50","X51","X52","X53","X54","X55","X56","X57","X58","X59","X60","X61","X62","X63","X64","X65","X66","X67","X68","X69","X70","X71","X72","X73","X74","X75","X76","X77","X78","X79","X80","X81","X82","X83","X84","X85","X86","X87","X88","X89","X90","X91","X92","X93","X94","X95","X96","X97","X98","X99","X100"
1.1709117608172,-0.183874174663526,0,0,0,0,-0.0484982553643119,0,0,0,0.105236875118145,-0.000966112900169349,0.104528628697138,-0.0704208519276127,0,0,0.0391583300732928,-0.0141719457590438,0.0571490898059775,0,0,0,0,0,0,0,0,0,0,-0.140975591796034,0,0,0,-0.150798381961277,0.0226521981843419,0,0,0,0,0,0,0,0,-0.102125255303683,0,0,0,0,0.0500610561853848,0,0,0,0,0,0,0,0,0,0,0.00328214067298257,0,-0.0708490563352283,0,-0.0184498417539227,0,-0.118146232469726,0,0.0578731651713056,0,0,0.0267177708157632,0,0,0,0,0,0.0557244668706638,0,0,0,0,0,0.0157766161810146,0,0,0,0,0,0,0,-0.00650273807279182,0,0.0570366813997201,-0.0742832498194206,0,0,0,0,0,0
-0.183874174663526,1.29023701580948,0,-0.00737166133043212,0.039797586761234,0,0,0,0,0,0.109415325827563,0,-0.0224380102270117,0,0,0,0,0,0,-0.0582588924852927,0.00144270975231144,0,0,0,0,0,0,-0.11189242041457,0,-0.124248517893969,0.0680044194061432,0.0999401554752003,0,-0.10587838037046,-0.00308042442578267,0,0.000695064300028115,0.0562712919763669,0,0,0,0,0,0,0,0,0,0,0,0.0344182317517039,-0.106928116134954,0,0,0.0141605192622147,0.0305011813451884,-0.213868159397157,0,0,0,0,0.0313802843948759,0.114442027871687,0,0,-0.0821459554510241,-0.147143591346539,-0.0818768111999394,0,0,0,0,0,0,0,0,0,0,-0.198382276224734,0,0,0,0.0583736790081727,0,0,0.0336314987943012,0,-0.0113108983911714,0,0,0.0479898553257798,-0.0315043157177338,0,0.0509907385731885,-0.00557292399784366,-0.0354502716750417,0,0.012649334668773,0,0,0
0,0,1.43627084652286,0,-0.200838217461823,0,0,0.00481849862804679,0,-0.044640469689015,0,0,0,0,0,0,-0.136770444093894,0.00246301060323306,0,-0.040913159165915,0.0773688977564806,0,0,0,0.012304392630824,0,0,-0.00407641364000758,-0.13045312454876,0.146392852615054,0.0321878339574501,-0.0422984886586077,0,-0.243889117194144,-0.00954062456647588,-0.0155683272228484,0.200139063775864,0,0.0162290427247563,0,0,0,0,-0.145554420386336,0,0,0,0,0,0,0.144673243993776,0,0,0.0708677858746555,-0.128177399807986,-0.00262922621116022,0,-0.0324994776548177,-0.103306735889169,-0.19102595694801,0,0,0,0,-0.0980617996269096,0,0,0,-0.161524140512656,0,0,0,0.0396975961935856,-0.0283662622272064,0,0.0364555965053756,-0.151958018555354,0.0343208491309481,-0.00515335504983352,-0.0579257742252807,0,0,0,-0.0280674618160461,0,0,0,0,0,0,0,0,0,0,0,0,0,0,0,0
0,-0.00737166133043212,0,1.22923563006989,0,0,-0.0829005399078737,0,-0.0367266038575563,0,0.0116719049359983,0,0,0,0,-0.0232758548497727,0,-0.0463493803447731,0,0,0,-0.0493370353554322,0,0,0,-0.0136727122729151,0,0,0,0,-0.0525685579351729,0.0387892350665328,0,0,-0.0598098392045107,0,0.0329844472649987,0,0,0,0,0,0,0,0,0,-0.141249628288071,0,0,0.0705489817322938,-0.190800891743346,0,0,0,-0.0137082309008723,0,0,-0.101355531834458,0,0,-0.143816285331591,-0.0408702277160021,0,0,0.000561042272491192,0,0.00273086538691246,0,-0.062029731520871,0,0.0855142501798859,0,0.0575608813023738,-0.0639713297767637,0,0,0,0,0,-0.110043448319241,0,0,-0.142429547486864,0,0.138346521121586,0,0,0,0.00564952390788699,0,-0.0402420729572405,0,0,0,0,0,0,0,0,0.0336410387224695
0,0.039797586761234,-0.200838217461823,0,1.46408314554647,0,0,0.0408549243452952,0,0,0,-0.0350167092051819,0,0.00488399345054201,-0.167449248057793,0,0,0,0,0,-0.0346991875193233,0.0544645353267467,0,0,0.0206203493404123,-0.0103437982749197,-0.128308377597714,-0.0824834849434414,-0.0813131368540242,0,0,-0.195483247346903,0,0,0,0,-0.0414636448288536,0,0,0,0,0,-0.234450697068226,0,0,-0.0715778844722028,0,0,0,0,0,0,0,0,0,-0.0872981687708477,0,0,0,0,0,-0.0273391811638065,-0.00466368070076921,0,0,0,0,-0.014702872462084,-0.229941447580337,0,-0.0943437081956745,0,0,-0.135922692050471,0,-0.0673740654523323,0,-0.0326979204873874,-0.125253454236037,0,0.00430991434167604,-0.102727739896349,0,0,-0.0311007356119286,0,-0.0471069728384383,0,0,0,0,-0.146495194055167,0,0.0122918770893839,0.0917893263431793,0,0.017504562805522,0,0,0
0,0,0,0,0,1.28916821347844,0,-0.0736558225964831,-0.00800591335963498,0,0,0,0,0,0,0,0,0,0,0,0,-0.0831860548186174,0,0,0,0,0,0,0,0,-0.191190049379038,0,0,0,0,-0.0476576690408545,-0.0601079012813609,-0.0318256557735996,-0.0234874622884981,-0.084319768131709,0,-0.246646008771271,0,-0.000934373995102992,0.0129513709099486,0.0413264711007503,0.0562397812737778,-0.0763824431428594,-0.00937240222524316,-0.0405955214506502,0.0628939415103908,0,0,-0.028234981197306,-0.251674284573224,0,0,0,0,0,0,-0.0448883790259657,0,0,-0.0350618455444053,0,0,0,0,0,0,0,0.0597714762707319,0,0,0,0,0.0392486690998165,0,0,0.0422112325229671,0,0,0,0.0926206772251691,0,0,0,-0.0821130415878899,-0.0100780828881025,0.0760760772209332,0,0.00230187368953107,0,-0.0228678378384362,-0.170551507121887,0.0439840331018463,0,0,0
-0.0484982553643119,0,0,-0.0829005399078737,0,0,1.15722976933127,0,0.0780336692275054,0.0117043714987292,0,0,0,0,-0.0130105250864183,0,0,0,0,0.158067210752662,0.013764880241993,0,0,0,0,-0.0971423106627189,0.0267918275925262,0,-0.00687793039508754,0,0,0,0,-0.00152199582609332,0.224132423195035,0,0,0,0,0,0,0,0,0,0,0,0,0,0,0,0,0,-0.0135914816044977,-0.0904920139770109,0,-0.00933368712681385,0,0,0,0,-0.0916319921105883,0,0,0,0.00135267001230716,-0.0258765017390247,0,0,0,-0.00785011288853249,-0.0612478814119874,-0.0728526359367647,0,0,0.124330716763662,0.0101482156331492,0,0,0.0575789160471894,0,0,0,0,0,0,0,0,0.10628736950112,0,-0.109871139014068,-0.00906021297156175,0.0597043740662039,0,0,0,0,-0.000484505206175506,-0.0070902142185245,0,0
0,0,0.00481849862804679,0,0.0408549243452952,-0.0736558225964831,0,1.23692854618338,0,0,0,0,0,0,-0.030526128758054,0,0,0,0,0.0367859178407819,0,-0.0454178216625297,0,0,0,0,0.018963988630142,0,-0.11878396654664,-0.125928884748573,0,0.106481864926347,0,0,0,0,-0.0796256658262612,0,-0.100654401763119,0,0.208885141648186,0,0,-0.0274898708735294,0,0,-0.0835229454848031,0,-0.0856553748208695,-0.0329494277486916,0.0532143359465112,0.156532895122461,-0.0232921944298775,-0.0398746688103766,0,0,0,0.0506679422375513,-0.0407751270829831,0,0,0,0,0,0,0,0.0657934239866135,0,0,0,0,0,-0.0973428825089258,0,0,0,0,0,0,0,0,0,-0.0293398450187884,-0.0503203496285733,0.167641830383839,0,0,0,0,0,0,-0.0393405570055412,-0.110102749235129,-0.143491016567995,0,-0.0100015668202469,0,0,0,-0.061178393532433
0,0,0,-0.0367266038575563,0,-0.00800591335963498,0.0780336692275054,0,1.20405174356366,0,0,0.0687209357798702,0,0.00663999806113599,0.108251128185487,-0.0365784185562106,-0.0696574854891461,0,0,0,0,-0.00135706327889695,-0.00149050698064897,0,0,0,0,-0.0240016386170957,0,0,0,0,0,0,-0.0812317203742785,0,0,0,0,0,0,0,0,0,0,0,0,0,0,0,0,0,-0.0640430676444846,0,0,-0.016399280515721,0.0326652808497617,0,-0.119173771699239,0,-0.120684212964231,0,0,0,0,0.0611681346411787,0,0,-0.0408321429196292,0,0,0,0,0,0,0,0,0,0,-0.181216485647217,0.0270782090120099,0,-0.0957045991769616,0,0,0,0,0,0,0,-0.0739006240797968,0,0,0.0259586308619968,0.0024918765147834,-0.0543279538363412,0,0,0,-0.207209243602522
0,0,-0.044640469689015,0,0,0,0.0117043714987292,0,0,1.13766828548892,0,-0.0866705921282497,0,0,0,0,0,-0.0242813979600956,0,0,0,0,0.0558506017614576,0,0,-0.0862476196679898,-0.148793757003775,-0.0218269952985402,0,0,0,0.0396470410590778,0,0,0,-0.00876587581246611,0,0,0,0,0,0,0,0,0,0,0,0.0639905649793874,0,0.0666554846360062,0,0,-0.0305431907027864,0,0,0,-0.0324966305850616,-0.0442420233171755,0,-0.0879104610827632,-0.0439915871516535,0,0,0,0,-0.0189962948699071,0.0433209027968845,-0.00242219073500111,0,-0.0596911224375527,0,0.000792590585028468,0,0,0,-0.059872248743529,0.109385403754952,0.0912250002578428,0,-0.0228917461067063,0,-0.0452188556132572,0,0,0,0,0,0.0262730610145649,0,0,0.0511955017424694,0.0102499099443116,0,0,0,-0.142101558671444,0,0.00476978669035516,-0.00833005378171247,0
0.105236875118145,0.109415325827563,0,0.0116719049359983,0,0,0,0,0,0,1.23230067050482,-0.0522711448068247,0,0,0,0,0,0,0,0,0,0,0,0,-0.0505263534716845,0,0,0,0,-0.0936920134083056,0,0.0762734995075982,0,0,0,0.0163471243051532,0.0663812980792018,0,0,0,0,0,0,0,-0.0884123993628271,0.243821085353484,0,0,-0.000281742766002662,0,0,-0.0747919784926467,0,0.00821686846754861,-0.00476519451715237,0.2065359633197,0,0,-0.119288569282649,0,0.038044653296386,0,0,0,0.0398155729524794,0,0,-0.0439105719327497,0,0,-0.0245125406004366,-0.0315103779648251,-0.0132897466805516,0,0,0,0,0,0,0,0,0,-0.0689682855479525,0.00165177721856048,0.030379091708573,0,0,0,-0.112595902042258,0.0280837383362903,0.106172356821862,0,0,0,0,-0.0609193489957168,-0.00012915548987183,0,0,0
-0.000966112900169349,0,0,0,-0.0350167092051819,0,0,0,0.0687209357798702,-0.0866705921282497,-0.0522711448068247,1.11380774247866,0,0.0225850165824073,-0.00394314018971125,0,0,0,0,0,0,0,0,0,0,0,-0.149102093523294,0,0,0,0,0,0,-0.0394563902416918,0,-0.136453189323669,0,0,0,0,-0.113727339189355,0.0203354007822477,0,0,0.0714299987834105,0,0,0,0,0,0,0,0,0.0557270296964192,0,-0.0578958903257403,0,0,0,0,0,0,0,0,0,-0.0209792215055006,0,0,0,0,-0.041958013807476,0,0,0,-0.0458158876312079,0.0445309844272876,0,0.0566900698047677,-0.0655917213951302,0,0,0,-0.00283032274753453,0,-0.0041090139191002,0,0,0.0674521695386333,0.0691066860697661,0,0,0,0,0,-0.0195875786089486,-0.0362362213285453,0,0,0,0
0.104528628697138,-0.0224380102270117,0,0,0,0,0,0,0,0,0,0,1.13821678736762,0,0,-0.136224383968237,-0.0664848996521554,0,-0.0970898000362601,0,-0.00175698578739013,0,0.0276995073821122,-0.0353418539348326,-0.0127780687134178,0,0,0,0.00181724991130024,-0.09343407701454,0,0,0,0,0,0.0790252395491309,0.0798517017532708,0,0,0.0377764298708235,0,0,0,0,0,0,0.0334114679592294,0,-0.0146442059657098,0,0,0,0,0,0,0,-0.047374522272542,-0.177701494906925,-0.0149260953604124,0,0.124291955081965,0,0,0,-0.0593090728448908,0,0,0,0,0.0907562215002724,0,0,0,0,0,0,0,0,0,0,0,0,-0.00108362962979201,0,0,0,0,0,0,0,0.104426631921306,0,0,0,0,0,0,0,0.0480189701669253,0
-0.0704208519276127,0,0,0,0.00488399345054201,0,0,0,0.00663999806113599,0,0,0.0225850165824073,0,1.18594553858833,0,0,0.0346712129671233,0,-0.0682758944781391,-0.0101154210907916,0.159068391108209,0,0,0,0,0,0,0.0885101787853778,0,0,0,0.0393861900222033,-0.0214365392868801,-0.0330250741694803,0.10127440830229,-0.0411999645452109,0,0,-0.022095583878238,0,0,0,0,0,0,0,0,0,-0.147069141195006,0,-0.0644526178708679,0,0,0,0,0,0,0,0,0,0.0676747539064732,0,0,0,-0.0664805771365065,0,0,-0.0393721013594915,0,-0.0802218508141724,0,0,0,0,0,0,0,-0.128540644371628,-0.0675614027575035,0.129440012413432,0,0,0,0,0.00467111144967012,0.176781244224388,0.0920642210314672,0,0,0,0,0,0,-0.108431441604758,0,0,0,0,0,0
0,0,0,0,-0.167449248057793,0,-0.0130105250864183,-0.030526128758054,0.108251128185487,0,0,-0.00394314018971125,0,0,1.57450068690131,0,-0.211626904527013,0,0,0,0,0,0,0,0.0774436322927787,-0.0254646841342794,0,0.0295641495541787,-0.0216125124968115,0,0,0,-0.277680624223852,0,0,-0.0398887880567925,0,0,-0.141133014771918,0.158614229751562,0,0,0,0.0705606074905603,0.217053763133538,-0.0386956706892602,-0.0914863787052083,0,-0.0571969467835986,0,0,0.0144887734231501,0,-0.0169254025695521,0.0853045674501727,-0.0512681061354566,-0.156187514310402,0,0,-0.0333927234377994,0.0248668038837312,0,-0.0123622574518686,0.130302282114244,0,-0.163470246969671,0,0,-0.0710963330930842,0,-0.0585610428839372,0,0,-0.318532814405727,0,0.0293573388119112,0,-0.109706026890286,0,0,0,0,0,-0.162920841006437,-0.00306956140153305,0.0765560612087802,0,0,0,0,0,0,0,0,0,0.101199726144894,0,0,-0.0569247417337728,-0.155514363323724
0,0,0,-0.0232758548497727,0,0,0,0,-0.0365784185562106,0,0,0,-0.136224383968237,0,0,1.11165702190554,0,0,0,0,0,0,0.0925659426507922,0,0,0,-0.0123381499931494,0,0,-0.0117184535600419,-0.00350955751602118,0,0,-0.0485251431773585,0,0,0.0460725084390993,0,0,0,0,0,0,0,0,0,0,0,-0.0205336091276421,0,0,0,0.0301589297022448,0,-0.0974608491938698,0,0,0,0,0,-0.0890704637229881,0,0.0222393115347351,0,0,0.039396320878122,0,0,0,0,0,0,0,0,0,0,-0.00895223244443457,-0.0847628862787908,0.0153053309433791,0,0,0,-0.0809178962023023,-0.154331419051121,0,0,0,0,0,0.0518087631218355,0,0,-0.0369229295496291,0,0,0,0,0,0,-0.0444058740996547
0.0391583300732928,0,-0.136770444093894,0,0,0,0,0,-0.0696574854891461,0,0,0,-0.0664848996521554,0.0346712129671233,-0.211626904527013,0,1.33657545947263,0.00833832491880211,-0.0360342519515049,-0.122042545522912,0,0,0,0,-0.00711510493357454,0,0.126943344175306,0,0,0,0,0,-0.100535241034073,-0.0411567530978169,-0.231402572030553,0,0,-0.107636464464896,0,0,-0.013225702581005,0,0,0,0,0,0,0,-0.00094835574218349,0,0,0,0.126117343430354,-0.0713650248433776,0,0,-0.0625051476086339,-0.0758036277963684,0.00996357968995997,-0.0756790571386655,0,0,-0.0878158037205871,0,0,0,0,0,-0.0393505069518626,0,0,-0.0719232176559839,0,0,0,0,-0.0379106266271278,0,-0.132442029700112,-0.031853528570279,0.0332911264533794,0,-0.0548426076397089,0,0,0,-0.0365536000621768,-0.0391015575092151,0,0,0,-0.0287006582280221,0.0168540397011422,-0.0100432899471908,0,0,-0.117169820203085,0,0,-0.0482061533615561
-0.0141719457590438,0,0.00246301060323306,-0.0463493803447731,0,0,0,0,0,-0.0242813979600956,0,0,0,0,0,0,0.00833832491880211,1.10562051622447,0,0,0,-0.0356782609717705,0,0,0,0,0,0,0,0,0,0,-0.0785695932656835,0,0,-0.0425669004429054,0,0,0,0,-0.0371772588260913,0,0.0558713011893754,0,0,0,0.118019225732596,0,0,0,-0.15905468432177,0,0,0,0,0,0,0,0,0,0,0,0,0,0,0,0.012060168349449,0,0.0646958884108081,0,0,0.0463170971546578,0,0.03675421679499,0,0,0.0563226373552452,0,0,0,0,-0.0120005397015854,-0.119065128275773,0,0.0194016026301985,0.017095507121041,0.00421948028606826,0,-0.00636066509849412,0,-0.0241622732227647,0,0,-0.0092566094661189,0,-0.0558029679831884,0,0.0739777018810036,-0.0186834640184088,0
0.0571490898059775,0,0,0,0,0,0,0,0,0,0,0,-0.0970898000362601,-0.0682758944781391,0,0,-0.0360342519515049,0,1.12106307281933,0,0,0,0,0,0,0.00722019467073972,0,-0.0454574680498665,0,0,0,0,0.0867003750088058,-0.218617237343997,0,0.0388596483975756,0,-0.106740124268473,0,0,0,0,0,0,0,0,-0.103566828676326,0,-0.0565868788219957,0,-0.0662756772956198,0,0,0,0,0,0,0,-0.0122535264674115,0,0,-0.0109531112794355,0,0,0,-0.00866695471498096,0,-0.0208667180633942,-0.0316776524725288,0,0,-0.0187624410843856,0,-0.0973485907503347,0,0,0,0,0,-0.0330336859822004,0,-0.00677007168195705,0,0.0517635057181211,0,0,-0.021476176628714,0,0,0,0,0,0,0,0.0287335740246343,-0.00305963006409398,0,0,0,0
0,-0.0582588924852927,-0.040913159165915,0,0,0,0.158067210752662,0.0367859178407819,0,0,0,0,0,-0.0101154210907916,0,0,-0.122042545522912,0,0,1.25904135282069,0,0,0.0236180950198206,0,0,0.00330706295956291,0.0496329784984042,0,0,0.0107479248505816,0,-0.0752411358342378,0,-0.0668101957632179,-0.0334200231176054,0,0,0,0,0,0,0,0,-0.0421559713836687,0,0,0,0,-0.278176014390497,0,0,0,0.00790548753268786,0,0,0,-0.0792327135903936,0,0.195954591278752,0,0,0,0,0,0,0,0,0,-0.016749213398014,0,0,-0.0354566227773756,0,0,-0.142679838899555,-0.0251357676529022,0,0,0,0,-0.0265981098365527,0,0,0,0,0,0,0,0,0,-0.124945368271342,0,-0.00381968805666446,0,0.0947087961042175,0,0,0,0,0
0,0.00144270975231144,0.0773688977564806,0,-0.0346991875193233,0,0.013764880241993,0,0,0,0,0,-0.00175698578739013,0.159068391108209,0,0,0,0,0,0,1.15332857761944,0,0,0,0,0,-0.0435175449533551,0.183513560685889,0,0,0,0,-0.02578438392088,0,0,0,-0.0310029085039505,0,0,0,-0.0275263975451533,0,-0.0247628868192404,0,0.0566338873766162,0,0,0.0763773262338605,0,0,-0.0661948807614476,0,0,0,0.0138986688935957,0,0,0,-0.0636221795463019,0,-0.139311790057413,0.0135281174294713,0,0,-0.104489739548075,0,0,0,0,0.00395548761063232,-0.0659131890284928,0.0810797699499191,0,0,0,0,-0.00136812508523039,-0.0142178409319204,0,-0.0267391748528267,0,-0.0152218596930681,0,0,0,0,0,0,0,0,0.0171894773602004,0.0460902843822384,0,0,0,0.0414326845743829,0.145942292373788,0,0,0
0,0,0,-0.0493370353554322,0.0544645353267467,-0.0831860548186174,0,-0.0454178216625297,-0.00135706327889695,0,0,0,0,0,0,0,0,-0.0356782609717705,0,0,0,1.25958959606374,0,0,-0.067079809413083,-0.0134794839392717,0,0.0127857434121159,-0.031217972120324,-0.0847139460590097,0.0659179507279754,0,0,0,-0.0397205326907041,0,0,0,0,-0.141519121565245,-0.054439891520143,0,0,0,-0.0913358571951742,0,0,0,-0.0741491251458044,0,0,0,0,0,0,0,0,-0.0128716277330913,0,0,-0.0961523021418051,-0.0527940757112968,0,-0.0702987066478236,0,0.0107236288280058,0,0,0,0.0208697971879137,0,-0.0187111183574708,0,-0.199589352939593,-0.267618121362469,0,0,0.00595378491422665,0,0,0,0,-0.0613377108877225,0,0,0,0,0,-0.123578297804026,0,0,0,0,-0.00371677234216801,0,0,-0.173567881823406,0,0,0
0,0,0,0,0,0,0,0,-0.00149050698064897,0.0558506017614576,0,0,0.0276995073821122,0,0,0.0925659426507922,0,0,0,0.0236180950198206,0,0,1.09360738854895,0.0286660709162351,0,0,0,0,0,0,0,0,0.00131383926972596,-0.0319903163862192,0.129374746169163,0,0.0491523511361009,0,0,-0.079655252876127,0,0,0,0.0460176374782042,0,0,0.0592106564222512,-0.00393804819735899,0,-0.0316466589232539,0,0,-0.0642768306683833,0,0,0,0,0,0.00662099553542287,0,0,-0.0182112624931743,0,0,0,0,0,0,-0.00832485060252106,-0.0209080230049589,-0.0155958942890496,-0.0967713253407989,0,0,0,0.0281080346034493,0,0,0,0,0,0,0,0,0.0460414274748862,0,0.0051931934614168,-0.0293952450170429,0.00980066722501673,0,0.0108075239823192,0,0,-0.152056970605983,0,0,-0.0679027907043042,0,-0.0392593377000468,0
0,0,0,0,0,0,0,0,0,0,0,0,-0.0353418539348326,0,0,0,0,0,0,0,0,0,0.0286660709162351,1.23259921794493,0,-0.029309291767046,0,0,0,-0.193046052731203,0,-0.186926172365973,0,0,0,0.0359073615484516,0,-0.0304505479666915,0,-0.0602489417159485,0,-0.00817555295281279,0,0.0121358871700019,0.0562199344509812,0,0,0,0,0,0.0666590740634712,0.0537600579875428,0,0,0,0,0,0,0,0.0505244213131024,0,-0.00753517154821241,-0.0384535980394467,0,-0.0287913999210845,-0.0843697612062895,0,0,0,0,0,0,0,0,-0.227868849363682,0,0,0,-0.0459689697984379,0,0,-0.0728708835203478,0.172833347838401,0,0,0,0.0172943295362596,0,0,0,0,0,-0.0811768331321287,-0.0501886291791336,0,0,0,0,0.121081925677028,-0.000673836944986822
0,0,0.012304392630824,0,0.0206203493404123,0,0,0,0,0,-0.0505263534716845,0,-0.0127780687134178,0,0.0774436322927787,0,-0.00711510493357454,0,0,0,0,-0.067079809413083,0,0,1.17171879440645,0,0,-0.126580057036274,-0.0414114620605545,0,0,0.0923292999317563,0,0,0,-0.0292438669906487,0,0,0,-0.0716188294596504,0,0,0,0,0,0.0591054677394604,0,0,-0.127650385923654,0.0314845274326622,-0.13597005207172,0,-0.10113275011087,-0.00826398968643301,0,0,0,0,0,0,0,0,0,0,0.0439607899323695,0,0,0.0130050798871189,0.0593609625210842,0,0,0,0.0191392933577925,0.105965992032588,0,-0.0203730478880023,0,0,0,0.0748178666174767,-0.0147620276635077,0,0,0,0,0,0,0.0166687899092621,0,0.171306409151484,0,-0.0667061784639644,0,-0.0427024296515653,0,0,0,0,-0.0218586183530766,0
0,0,0,-0.0136727122729151,-0.0103437982749197,0,-0.0971423106627189,0,0,-0.0862476196679898,0,0,0,0,-0.0254646841342794,0,0,0,0.00722019467073972,0.00330706295956291,0,-0.0134794839392717,0,-0.029309291767046,0,1.17428573790588,-0.00397953376191709,0,0,0,0,0,-0.115499711440014,0,0,0,0,0,0,-0.0132123372757182,0,0,-0.0946545935146044,-0.12729677416544,0,0,-0.0144497803968432,-0.0666509058557362,0,0.0202719466781937,0,0.0877482508191318,0,0,0,0,-0.134827858546317,0,0,0,0,0,0,0.1365849472492,-0.0284501101204058,0,0,0,-0.109237414949994,0,0,0,-0.0240614610914289,0,0,-0.0311884696120543,0,0,0,0,0,0,0.0170963387743366,0,0,0,-0.0613200233351875,0,0,0,0,0,0,-0.0523547215994079,0,0.14990287763116,0,0,0,0
0,0,0,0,-0.128308377597714,0,0.0267918275925262,0.018963988630142,0,-0.148793757003775,0,-0.149102093523294,0,0,0,-0.0123381499931494,0.126943344175306,0,0,0.0496329784984042,-0.0435175449533551,0,0,0,0,-0.00397953376191709,1.21115161216307,0,0.0696574070091928,-0.141525483653864,0,0,0,-0.036534098800841,0,0,0.0069394883590329,0,0,0,0,0,0,0,0,0,0,0.00727983184453835,0.142934467318113,0.0640080378213382,0,0,0,0.100630854294188,0,0,-0.114189031175369,0,0,0,0,0,0,0.0047086831919983,-0.0271933823634107,0,0,0,0.0390057882841561,0,0,0,0,0,0,0,0,-0.0465713666090633,0,-0.0885082639933172,0,0,0,-0.0379221182023406,0,0,0.0572561414208683,0.062036940343803,0,0.047946023840636,0,-0.0783266790166049,0,0.0385164725005798,0,-0.046328598442604,0,0.0654877032121518,0,0
0,-0.11189242041457,-0.00407641364000758,0,-0.0824834849434414,0,0,0,-0.0240016386170957,-0.0218269952985402,0,0,0,0.0885101787853778,0.0295641495541787,0,0,0,-0.0454574680498665,0,0.183513560685889,0.0127857434121159,0,0,-0.126580057036274,0,0,1.26100068762784,0,0,0,-0.00285891909913854,0,0,-0.156112331981182,0,0.00812932634108353,0,0,-0.191802082993768,0,0,0,0,0.0268956305653156,0,0,-0.0936856615910389,0,0.0587682016686051,0,0.000171541764838622,0,0,0,-0.0846637197435398,0,0,0,0.00794648953189916,0,0,-0.125867784628813,0,-0.0798598354741111,0,0,0,0,0,0,0,0,0.0196541929322871,0,-0.0171048847691324,0,0.0247854419522993,0,0,0,0,0,0,0,-0.0410549807250914,0,0.0427592106654783,-0.135196934032514,-0.00765752683389105,0,-0.0164872647637348,-0.000372113182583198,0,-0.0896767638068496,-0.104100884196335,0.0601446124246186,0,0,0
0,0,-0.13045312454876,0,-0.0813131368540242,0,-0.00687793039508754,-0.11878396654664,0,0,0,0,0.00181724991130024,0,-0.0216125124968115,0,0,0,0,0,0,-0.031217972120324,0,0,-0.0414114620605545,0,0.0696574070091928,0,1.18163670366849,0,0,-0.0361168340761317,0,0,0,-0.110061341440228,0,0,0,0,0,0,-0.00994515200723005,0,0.0396689888466799,-0.0956852197655486,-0.0933302490428867,-0.0163723031366931,-0.138762946327109,0,0,0,-0.0991351406703521,-0.0368336520669204,-0.00039722052218686,0,-0.0244480559347577,0,0,0,0,0,0,0,0,0,0,0,0,-0.0730607424178727,0,0,0,0,0,0,0,-0.0708789903373661,-0.0542223583778816,0.0528120555310477,0,0,0,0,0,0,0,0,0.0548841720925987,0,0.0211153652881537,0,0,0,0.0757960036304151,0,0,-0.157375802193018,-0.00675071313424841,0
-0.140975591796034,-0.124248517893969,0.146392852615054,0,0,0,0,-0.125928884748573,0,0,-0.0936920134083056,0,-0.09343407701454,0,0,-0.0117184535600419,0,0,0,0.0107479248505816,0,-0.0847139460590097,0,-0.193046052731203,0,0,-0.141525483653864,0,0,1.35980266049376,0,0,0,0,0,0,-0.0073346944638801,0,-0.0200963059934749,0,0.0734890748509282,0,0,0.0117695756223203,0,0,0,0.11572899815488,-0.039973761122253,0,0,-0.135070350638988,-0.201623228449554,0,-0.0622329239865715,-0.0337649411364813,0,0,-0.0328467253604925,0.04259349909633,0,0,0,-0.148077627709274,0,0,-0.0940090107375941,0,0.0164693712514472,-0.0478020140425449,0,0.0404272775387705,0,-0.0638928165318522,0,0,0,0,0,-0.0386329194324677,-0.00411256864061577,0,0,0,0.119125979829788,0.151876053817026,-0.154848933910148,0.0103781104046303,0,-0.113196858865482,0,0,0,-0.0183854479949498,0,0,0,0,0,-0.0863867672218129
0,0.0680044194061432,0.0321878339574501,-0.0525685579351729,0,-0.191190049379038,0,0,0,0,0,0,0,0,0,-0.00350955751602118,0,0,0,0,0,0.0659179507279754,0,0,0,0,0,0,0,0,1.20287077978853,0,0,0,0,-0.0154182508623948,0,-0.0533980445495321,-0.200260353395168,0.0370343794425847,0,0,-0.0193122087965081,0,0,-0.0759171740863619,0,0,0,0,0,0.0306650816982839,0.0511312680953369,0,0,0,0,0,-0.0675210856404418,0,0,-0.00380187086941775,0,0.0643193151369729,0,-0.0420212540197011,0,0,-0.051937689929715,0,0,0.0869471214391678,0.0653470472966695,0,0,0,-0.025821439123499,0,-0.0789636322425143,0,0,0,0,0.000913616532740914,0.0683794333909159,-0.0266083802711533,0,-0.0330515567248065,0,0,0,-0.0300573765480769,0.117049983115911,0,0,-0.00449671645669348,0.10647483337676,0,0,0
0,0.0999401554752003,-0.0422984886586077,0.0387892350665328,-0.195483247346903,0,0,0.106481864926347,0,0.0396470410590778,0.0762734995075982,0,0,0.0393861900222033,0,0,0,0,0,-0.0752411358342378,0,0,0,-0.186926172365973,0.0923292999317563,0,0,-0.00285891909913854,-0.0361168340761317,0,0,1.41139506500701,0.0114123161656822,-0.118216142424453,-0.0525208378188604,0.0955565951857087,0,-0.127738086316739,0,0,0,0,-0.11425212548158,0,0.0878896213904902,-0.0957282202070325,0,0,-0.109846883626146,0,0.0231133006625114,0.022337355420539,0,0.033844647780094,-0.0934300302124511,-0.136770137952555,-0.0350743747854118,0.128101175012582,0,0,0,0,-0.00223830016179192,0,0,0,0,0,0,0,-0.13963752796375,0,0,0,0.219425706599676,0,-0.099136072359488,0,0,0.0945128720754042,0,0,0,0,0,0,-0.0244329597411138,0,0,-0.0135592220727038,0,0,0,0,0.0372656306594365,0,0,-0.0867867083809433,0.0162440157931642,-0.0441223405198237
0,0,0,0,0,0,0,0,0,0,0,0,0,-0.0214365392868801,-0.277680624223852,0,-0.100535241034073,-0.0785695932656835,0.0867003750088058,0,-0.02578438392088,0,0.00131383926972596,0,0,-0.115499711440014,0,0,0,0,0,0.0114123161656822,1.2577219413679,0,0,0,-0.0260078546463357,0,0,0.0184455826722544,0,-0.0997196846603177,0,0,0,0,0,0,0,0,0,-0.135406091961755,0,-0.279301981288699,-0.0203206713656607,0,0,0,0,0,0,0,-0.110182068048547,-0.00827887933812521,0,0,0,0,0.017351776751751,0,0,0,0,0,-0.0210967221926331,0,0,0,0,0,0,0,-0.0132767713638183,0,-0.0394028694095908,0,0,0,-0.00296589793419785,0,0,0,0,0.0168596736326011,0,-0.13775509737817,0,0,-0.0241236702823769,0
-0.150798381961277,-0.10587838037046,-0.243889117194144,0,0,0,-0.00152199582609332,0,0,0,0,-0.0394563902416918,0,-0.0330250741694803,0,-0.0485251431773585,-0.0411567530978169,0,-0.218617237343997,-0.0668101957632179,0,0,-0.0319903163862192,0,0,0,-0.036534098800841,0,0,0,0,-0.118216142424453,0,1.40485188087186,0,0,0.0352315936850232,0,0,-0.0940303754103926,0,0,0,0,0,0.00287172034803306,0,-0.00234167371772959,0,0,0,0.0285727238607764,0,0,0.0536843263023027,-0.252457260382295,0,-0.0461138178326531,0,-0.159863835978964,-0.130036721219376,0,-0.0813884881493037,0,0,0,0.0223279478405409,0,0,0,0,0,0,0,0,0,0,0,0,0.0915158584409238,-0.0223392813866355,0.0857217469141566,0,0,0,0,0,-0.103976862804287,0,0,0,0,0,-0.0558995987919532,0,-0.188185397022709,-0.0656695490815827,0,-0.0107657410317691,0
0.0226521981843419,-0.00308042442578267,-0.00954062456647588,-0.0598098392045107,0,0,0.224132423195035,0,-0.0812317203742785,0,0,0,0,0.10127440830229,0,0,-0.231402572030553,0,0,-0.0334200231176054,0,-0.0397205326907041,0.129374746169163,0,0,0,0,-0.156112331981182,0,0,0,-0.0525208378188604,0,0,1.45991918177247,0,-0.00146042766758081,0,0.448499949630894,0,0.12303514427522,-0.151312188956756,-0.135791339143561,0.0541086634226202,0,0,0,0,0,0.0376066264841737,0,-0.0480659889280463,0,0,-0.00702889527127443,0,0,0,0,0,0,0,-0.0495299836584892,0,-0.00603205229392902,0,0,0,0,0,0,-0.15177474536927,0,0,0.066245654549915,0,0,0.0287010917915109,0,0,0.00783125458589832,0,0,0,0.153388810241704,0,0,0,-0.0620420438573464,-0.15423490771694,0,0.0773526795627887,0,0,0,-0.0452296926964548,0.0730179060965223,0.0229254821094919,0,0
0,0,-0.0155683272228484,0,0,-0.0476576690408545,0,0,0,-0.00876587581246611,0.0163471243051532,-0.136453189323669,0.0790252395491309,-0.0411999645452109,-0.0398887880567925,0,0,-0.0425669004429054,0.0388596483975756,0,0,0,0,0.0359073615484516,-0.0292438669906487,0,0,0,-0.110061341440228,0,-0.0154182508623948,0.0955565951857087,0,0,0,1.12646394771024,0,-0.00245590808568911,0,0,0,0,0,0,0.00346810934948731,0,0,0,0,-0.0999803361373323,0,0,0,0,0,0,0.0983772880315819,-0.0952629340223715,0,-0.0143232615318137,-0.0579324861765556,0,0,0,0,0,0,0.0414898478538924,0,-0.0257178366012408,0,0,0.0320879485809336,0,0.0157718515388219,0.0403358563254078,0.00540342008197053,0,0,0,0.139161554734539,0,0,0,0,0,0,0,0,0,-0.00955995286554965,0,0,-0.036718127503526,-0.11023727764208,0,0,0,0,-0.0210790634302103
0,0.000695064300028115,0.200139063775864,0.0329844472649987,-0.0414636448288536,-0.0601079012813609,0,-0.0796256658262612,0,0,0.0663812980792018,0,0.0798517017532708,0,0,0.0460725084390993,0,0,0,0,-0.0310029085039505,0,0.0491523511361009,0,0,0,0.0069394883590329,0.00812932634108353,0,-0.0073346944638801,0,0,-0.0260078546463357,0.0352315936850232,-0.00146042766758081,0,1.29045770407224,-0.083156597260854,0,0.0247257751934114,0.135217626372739,0,-0.061385154948401,0,0.0106666767520487,0,0,0.0295007043590431,0,-0.204305021305194,0,0,0,0,0,0.0543899899564057,-0.0958093881662295,0,0,0.158613152464384,0,-0.200825920066703,0,0,0,-0.0406093371896859,0.0253764466305375,0,0,0,-0.00633962420235133,0,0,0,0,-0.0243129548506404,0,0,-0.0395554497206933,0,0,0,0,0,0,0.00379443144458178,-0.0334919939575903,0,0,0,0,0,0.102236327415304,0,0,0.134091366651032,0.0168531722218183,-0.0581146407001588,0,0
0,0.0562712919763669,0,0,0,-0.0318256557735996,0,0,0,0,0,0,0,0,0,0,-0.107636464464896,0,-0.106740124268473,0,0,0,0,-0.0304505479666915,0,0,0,0,0,0,-0.0533980445495321,-0.127738086316739,0,0,0,-0.00245590808568911,-0.083156597260854,1.29109885087111,0.0203450808634329,0.00791840539331114,0,0,0,-0.0861573329580781,0,0,0,0,0,0,0,0,0.172570511966136,-0.0186305909447544,0,0.120820810259141,-0.0161771183687757,0,0,0.0465648756301311,0,-0.0585521757233386,-0.00175797322027414,0,0,-0.161772717281316,0,-0.131622952597442,-0.0668810257534919,-0.0745364520355243,-0.12454197885014,0,0,0.220521581906353,-0.0286791130624548,0,-0.0944125391777502,0,-0.0147572807374667,0,0,0,-0.072470978971634,0.0435281581268019,-0.0224859435034491,0,-0.015202958617619,-0.0517949227433368,0,-0.0157881009184593,0.00555471069465516,0,-0.00320021531986548,0,0.0292922389928243,0,-0.0121903268318741,0,0,0
0,0,0.0162290427247563,0,0,-0.0234874622884981,0,-0.100654401763119,0,0,0,0,0,-0.022095583878238,-0.141133014771918,0,0,0,0,0,0,0,0,0,0,0,0,0,0,-0.0200963059934749,-0.200260353395168,0,0,0,0.448499949630894,0,0,0.0203450808634329,1.59707495685217,-0.0138089582623075,0,-0.0439310040493385,-0.0232726405794209,-0.0243457061215702,0,-0.124065736054015,0,0,-0.116172580915123,0,0,0,0,-0.00520096504641229,0,-0.21366004691143,0,0,0,0,0.177017872290043,0,-0.0555123036097006,-0.0491110597794037,0,0,0,0,0,0,-0.276351222501504,0,0,0.280079168959321,0,-0.0312114466503755,0,-0.0134514355252364,0.0614345460038283,0,0,-0.196063193728654,0.0437938028551943,0,0,0,0,0.0403100079028703,0,0,0,0,0,0,0.134392231761157,0,0,0,-0.0757495681605822,-0.0221407694605505
0,0,0,0,0,-0.084319768131709,0,0,0,0,0,0,0.0377764298708235,0,0.158614229751562,0,0,0,0,0,0,-0.141519121565245,-0.079655252876127,-0.0602489417159485,-0.0716188294596504,-0.0132123372757182,0,-0.191802082993768,0,0,0.0370343794425847,0,0.0184455826722544,-0.0940303754103926,0,0,0.0247257751934114,0.00791840539331114,-0.0138089582623075,1.2588037650418,0,0,0,0,0,0.0133237238668794,0,-0.1592428821643,0,0,0,0.131521676253744,-0.0662170382731444,0,0,0,0,0.0228079686361902,0,0,0,0,-0.0880233294440992,-0.00901196978024785,0,0,0,-0.00617399704286106,0,0,0,0.156743309747047,0,0,0,0,0.0332770404912027,0,0,0,0,-0.0361973347303918,0.184586846376473,0,0,-0.0633672039941434,0.0173700803102574,0,0,-0.0374899360569449,0,0,0,0,-0.0286526534702479,0,0,0,0,0
0,0,0,0,0,0,0,0.208885141648186,0,0,0,-0.113727339189355,0,0,0,0,-0.013225702581005,-0.0371772588260913,0,0,-0.0275263975451533,-0.054439891520143,0,0,0,0,0,0,0,0.0734890748509282,0,0,0,0,0.12303514427522,0,0.135217626372739,0,0,0,1.28527399054673,0,0,0,0,0,0.0363410251096488,0,0,0,-0.0406905034180731,0,0,0.09825961855641,0,-0.0285106358463216,-0.137970701241122,-0.0449327689175112,0,0,0,-0.118782738620875,0,0,0,0,0,0,0,0,0,-0.12225941372923,0,0,0,0,0,0,0,-0.0386963339891318,0,0,0,0,0,0,-0.0771930231609716,0.27342674317291,0,0.0127506365868252,-0.0677923374744671,0,0,0,0,0.0468838938478388,0,0.0277835660633411,-0.135978989987668,0
0,0,0,0,0,-0.246646008771271,0,0,0,0,0,0.0203354007822477,0,0,0,0,0,0,0,0,0,0,0,-0.00817555295281279,0,0,0,0,0,0,0,0,-0.0997196846603177,0,-0.151312188956756,0,0,0,-0.0439310040493385,0,0,1.15396475564844,0,0,0.052643411864725,0.000254939975662757,0,-0.143443235555128,0,0,0.0161809695357573,0,0.0562300933449857,-0.0167554718883901,0,0,0,0.00818340754852467,0,0,-0.14754959180862,0,-0.0262746262649154,0,0,0,0,0,0,0,0,0,0,0.0587555526600161,0,0,0,0,0,0,0,-0.00239162359824737,0.00522906482598204,-0.0133835571216341,0,0,0,0,0,0,0,0,0,0.0768445835801902,0,0,0,0.0582114097307423,0,0
0,0,0,0,-0.234450697068226,0,0,0,0,0,0,0,0,0,0,0,0,0.0558713011893754,0,0,-0.0247628868192404,0,0,0,0,-0.0946545935146044,0,0,-0.00994515200723005,0,-0.0193122087965081,-0.11425212548158,0,0,-0.135791339143561,0,-0.061385154948401,0,-0.0232726405794209,0,0,0,1.33626812118459,0,0,0,-0.164651345902734,0,0,0,-0.0564810234526385,0,-0.0872265344316192,0,0,0,0,0,0,0,0,0,0,0,0,0,0,-0.095666594076578,0,0,-0.10623263144749,-0.0787346971313319,0,0,0.0110980395981658,-0.0196560145396766,-0.111976763286564,0,0,0,0.0125942277657955,-0.148655495552578,0,0,0.00288691980568184,0,-0.0650408447708585,0.250426160113594,0.147991940340336,0,0,0,0,0,0,0,0.0227709113593617,0,-0.0455614693799418,0
-0.102125255303683,0,-0.145554420386336,0,0,-0.000934373995102992,0,-0.0274898708735294,0,0,0,0,0,0,0.0705606074905603,0,0,0,0,-0.0421559713836687,0,0,0.0460176374782042,0.0121358871700019,0,-0.12729677416544,0,0,0,0.0117695756223203,0,0,0,0,0.0541086634226202,0,0,-0.0861573329580781,-0.0243457061215702,0,0,0,0,1.21247339715455,0,0,0,-0.0455899500296882,0,-0.0187913587118586,0,0.0109296864031376,0.00528303256603389,0,0,0,0,0,0,0,0,0.113436142961102,0,-0.00257294129291909,0,0,0.050170708184598,-0.146293908639131,0,0.01279520527725,0,0,0,0.0505799018162804,-0.266539444244619,0,0,0,-0.0304888904358335,0,0,0,0,0.00134822913296656,0.0301142390765144,0,0,0,-0.140541025613422,0,-0.0547825586373118,0,0,0,0,0,0.00250207311207051,0,0,0
0,0,0,0,0,0.0129513709099486,0,0,0,0,-0.0884123993628271,0.0714299987834105,0,0,0.217053763133538,0,0,0,0,0,0.0566338873766162,-0.0913358571951742,0,0.0562199344509812,0,0,0,0.0268956305653156,0.0396689888466799,0,0,0.0878896213904902,0,0,0,0.00346810934948731,0.0106666767520487,0,0,0,0,0.052643411864725,0,0,1.24912531807618,0,-0.136151783014038,0,0,0,0,0,0,0.0966397961928352,0,-0.0666073432329868,0,-0.0170627102870983,0,-0.0844969109070902,0,0,0,0,0,0.000813967245198524,0,0,0.00477599111778614,0,0.125046705622274,0,0,0,0,-0.0524540262685061,0,-0.0566230421242057,0,-0.117012376838104,0,0.00806813973109611,0,0,0,0.0384110457036083,0,0,-0.125448736322689,0.122521732728267,0,0,-0.0658879683604149,0,0,0,0,0,0,0
0,0,0,0,-0.0715778844722028,0.0413264711007503,0,0,0,0,0.243821085353484,0,0,0,-0.0386956706892602,0,0,0,0,0,0,0,0,0,0.0591054677394604,0,0,0,-0.0956852197655486,0,-0.0759171740863619,-0.0957282202070325,0,0.00287172034803306,0,0,0,0,-0.124065736054015,0.0133237238668794,0,0.000254939975662757,0,0,0,1.50554845755121,0,0.0525773235904983,0.401197670534823,-0.104127369663324,0,0,0,0,0,-0.0349776886977576,0,-0.0192815648552804,0,0,0.126205440516948,0,0,0,0,0,0,0.0343289717781031,0,0,0,0.0183411531281706,0.0402795623455734,0,-0.304906512955461,0.0894158990239634,0,-0.2736945009867,0,0,0,0,0,0.0850669777853403,0,0,-0.0880968920555421,0,0,0,0.187311038650387,0,0.0717094442619265,0.0112066730159787,0,-0.113895250208827,0,0,0,-0.0609437353147494
0,0,0,-0.141249628288071,0,0.0562397812737778,0,-0.0835229454848031,0,0,0,0,0.0334114679592294,0,-0.0914863787052083,0,0,0.118019225732596,-0.103566828676326,0,0,0,0.0592106564222512,0,0,-0.0144497803968432,0,0,-0.0933302490428867,0,0,0,0,0,0,0,0,0,0,0,0.0363410251096488,0,-0.164651345902734,0,-0.136151783014038,0,1.25556722293475,0,0,-0.0110131483744608,-0.000381686608093825,0,-0.00345334616967052,0,0.0107063065323561,0,0,-0.0117094423239435,0,0,-0.0177656046425321,0,0.0750183927101479,0,0,-0.0750648084045937,0,0,-0.028328874594689,0,0,-0.0188920485363486,0,-0.0566157058986147,0,-0.0882904665318329,-0.0100136442215544,0,0.0149509325095865,0,-0.170413518269158,0,0,-0.0828871856248483,0,0,0,0,0,0,-0.180433607469032,0,-0.0719637720885656,0,0,0,0.011363797786941,-0.0315176871911141,0,0
0,0,0,0,0,-0.0763824431428594,0,0,0,0.0639905649793874,0,0,0,0,0,0,0,0,0,0,0.0763773262338605,0,-0.00393804819735899,0,0,-0.0666509058557362,0.00727983184453835,-0.0936856615910389,-0.0163723031366931,0.11572899815488,0,0,0,-0.00234167371772959,0,0,0.0295007043590431,0,0,-0.1592428821643,0,-0.143443235555128,0,-0.0455899500296882,0,0.0525773235904983,0,1.1839593578109,-0.00173747055915983,0,0,0,0,0,0,0,0,0,0.00281375027588414,0,0,0,0,0,0,-0.029788660472283,0,-0.0954110883922072,0,0.0561599249697701,0,-0.16400280019459,-0.0286104183004101,0,0,0.00475235566266055,0.0641424552234355,0,0,0.135296013985972,0,0,0,-0.0857579283682357,0,-0.00437073573408576,0.0250055756965204,0,-0.0315013959414263,0,0,0,0.0124013066854177,0,-0.0573432089745726,0,0,0,0.033859466035382,0
0.0500610561853848,0,0,0,0,-0.00937240222524316,0,-0.0856553748208695,0,0,-0.000281742766002662,0,-0.0146442059657098,-0.147069141195006,-0.0571969467835986,-0.0205336091276421,-0.00094835574218349,0,-0.0565868788219957,-0.278176014390497,0,-0.0741491251458044,0,0,-0.127650385923654,0,0.142934467318113,0,-0.138762946327109,-0.039973761122253,0,-0.109846883626146,0,0,0,0,0,0,-0.116172580915123,0,0,0,0,0,0,0.401197670534823,0,-0.00173747055915983,1.37028888165124,0,0.072442552544954,0,-0.0434960155220483,0,-0.0623187831730624,-0.021466977870951,-0.118403651752018,0,0,0,0,0.00534973437348604,0,-0.0330363898598751,0,0,-0.0182638768567971,0,0,0,0,0,-0.0126304841821166,-0.0752430151136779,0,-0.00104834255288489,0,0,0,0,0,0,0,-0.010832071883239,0,0.0107433762470654,0,0,0,0,0,0,0,0,0.0440182986211687,0.0579218072447506,0,0,0.0720715076529519,0
0,0.0344182317517039,0,0.0705489817322938,0,-0.0405955214506502,0,-0.0329494277486916,0,0.0666554846360062,0,0,0,0,0,0,0,0,0,0,0,0,-0.0316466589232539,0,0.0314845274326622,0.0202719466781937,0.0640080378213382,0.0587682016686051,0,0,0,0,0,0,0.0376066264841737,-0.0999803361373323,-0.204305021305194,0,0,0,0,0,0,-0.0187913587118586,0,-0.104127369663324,-0.0110131483744608,0,0,1.16828340988049,0,0,0,0,-0.0322358402494684,0,0.119072447005916,0,0.0601536820256916,0,0,0,0,-0.0170488637294092,0,0,0,-0.0172960013239175,-0.126667230329378,-0.0282903644010921,-0.0426512116441433,0,0,0,0,0.083905433034096,0,0,0,0,0,0,0,-0.085917661558285,-0.012800322090068,0,0,0,0,0,0,0,0,0,0,0,0,-0.0780722606954892,0,0
0,-0.106928116134954,0.144673243993776,-0.190800891743346,0,0.0628939415103908,0,0.0532143359465112,0,0,0,0,0,-0.0644526178708679,0,0,0,-0.15905468432177,-0.0662756772956198,0,-0.0661948807614476,0,0,0.0666590740634712,-0.13597005207172,0,0,0,0,0,0,0.0231133006625114,0,0,0,0,0,0,0,0,-0.0406905034180731,0.0161809695357573,-0.0564810234526385,0,0,0,-0.000381686608093825,0,0.072442552544954,0,1.27977136508497,0,0,0,0,0.0313353572106364,0,-0.0214819153382368,0,0,-0.00951944840319498,0,0,-0.000773086166639102,-0.0045216659617463,-0.021399546804099,0,-0.261476497251109,0,0,0,0,0,0,0,0,0,0,0,0,-0.0830696232065017,0,0.0131690097318788,0,0,0,0,0,0,0,-0.145238057832968,0.0278756963060384,0,0,-0.0326132574767264,-0.0808522539521819,0,0,-0.13125439985715,0
0,0,0,0,0,0,0,0.156532895122461,0,0,-0.0747919784926467,0,0,0,0.0144887734231501,0,0,0,0,0,0,0,0,0.0537600579875428,0,0.0877482508191318,0,0.000171541764838622,0,-0.135070350638988,0.0306650816982839,0.022337355420539,-0.135406091961755,0.0285727238607764,-0.0480659889280463,0,0,0,0,0.131521676253744,0,0,0,0.0109296864031376,0,0,0,0,0,0,0,1.19162668873592,0,0,-0.0064323991313963,0,0,0,-0.129708660959205,0,0,0,0,-0.0425407331822351,0,0,0,0,0,0,0,-0.082407067206569,-0.0628067611202216,0,0,-0.0623055765366921,0.064397411846774,0,0,-0.0697254232031976,0,0,-0.00650321448379533,0.0682574745228639,-0.0230855125598683,0,0,0.0704637377981748,0,0,0,0,0,0,0,-0.0019726196403177,-0.174366788504192,0.0382990123617112,0,0
