"X1","X2","X3","X4","X5","X6","X7","X8","X9","X10","X11","X12","X13","X14","X15","X16","X17","X18","X19","X20","X21","X22","X23","X24","X25","X26","X27","X28","X29","X30","X31","X32","X33","X34","X35","X36","X37","X38","X39","X40","X41","X42","X43","X44","X45","X46","X47","X48","X49","X50","X1.1","X2.1","X3.1","X4.1","X5.1","X6.1","X7.1","X8.1","X9.1","X10.1","X11.1","X12.1","X13.1","X14.1","X15.1","X16.1","X17.1","X18.1","X19.1","X20.1","X21.1","X22.1","X23.1","X24.1","X25.1","X26.1","X27.1","X28.1","X29.1","X30.1","X31.1","X32.1","X33.1","X34.1","X35.1","X36.1","X37.1","X38.1","X39.1","X40.1","X41.1","X42.1","X43.1","X44.1","X45.1","X46.1","X47.1","X48.1","X49.1","X50.1","X1.2","X2.2","X3.2","X4.2","X5.2","X6.2","X7.2","X8.2","X9.2","X10.2","X11.2","X12.2","X13.2","X14.2","X15.2","X16.2","X17.2","X18.2","X19.2","X20.2","X21.2","X22.2","X23.2","X24.2","X25.2","X26.2","X27.2","X28.2","X29.2","X30.2","X31.2","X32.2","X33.2","X34.2","X35.2","X36.2","X37.2","X38.2","X39.2","X40.2","X41.2","X42.2","X43.2","X44.2","X45.2","X46.2","X47.2","X48.2","X49.2","X50.2"
1.07695030388308,0,0,0,-0.184480380162603,0,0,0,0,0,0,0,0,0,0,0,0,0,0,0,-0.00451500908721376,0,0,0,0,0,0,0,0,-0.0432891107462865,0,0,0,0,0,0,0,0,0,0,0,-0.165278815534377,0,0,-0.0713406242676357,0,0,0,0,0,1.2245463290135,0,0,0,-0.257870310070379,0,0.141759884128207,0,0,0,0,0,0,0,0,0.0410168919519343,0.0191962515390149,-0.0307486788073391,0.0882678362394597,-0.00373389211319361,-0.0707632773353788,0,0,0,0,0,0,0,0.0294707238220551,-0.129788757902021,0,0,0,0,0,0,0,0,0.0460107987040415,0,0,-0.26384556110377,0,-0.0262249513518652,-0.15489730106242,-0.0315818379590084,0.0164937944202155,0,0,0,1.51416989438864,-0.010467782757494,0,0,-0.33737160722573,-0.0109108627910318,0.266538139416334,0,0.189048846851425,0,0,0,0,0.0645356883364376,0.0726637649443955,0.089423995514134,0.0545101649159864,-0.0962899199054016,0.16673350486492,-0.135234975806095,-0.166208366640669,0,0,0,0,-0.0120810942761904,0.0632875818663219,0.00590926720726189,0.11747599774865,-0.286600268559265,0,0,0,0,0,0,0,0,0.114657349636602,0.118148928196893,0,-0.475412884924315,0,-0.0727107010431661,-0.282223952448841,-0.0687449970120969,0.0757867705181935,0,0,0
0,1.14797130253889,0,0,0,0,0,0,0,0,-0.107895010855147,0,0.0675328486938283,0,0,-0.00505468185615199,0,0,0,0,0,0,0,0,0,0,0,0,0,0,0,0,-0.0738846647651429,0,0,0,0,0,0,-0.0032336823645324,0,0,0,0,0,0,-0.0769537479084152,0,-0.020539495128896,-0.355168638685444,0,1.36528134885385,-0.00191774351246847,-0.00433749004331168,0,0,-0.00434830859573706,0,0,0,-0.155657667529419,0,0.249182404337937,0,0,-0.0904443146908744,0,0,0,0,0.0334964623393046,-0.00732468446498212,0.0331517353895427,0,-0.0525687879656279,0,0.0379394392048349,0,0,0,0,0,-0.121115599021069,0,0,0,-0.0237278981248287,0,0,-0.0437807910015115,-0.0140553279830715,0,0,0,0,0,-0.137977472947426,-0.00154038609630019,-0.0605862640667579,-0.491007340610865,-0.010467782757494,1.68377147369405,-0.102478064771447,-0.0134090490447052,0.0629259400896559,-0.0525002652682284,0,0,0,0.0202864806789652,-0.143700956149426,0,0.513246683072408,0.0196391862052625,0,-0.185667338654244,0,0,0,0,0.14536654078704,-0.0205316713514029,0.087335329347414,0,-0.160881147446184,0,0.120050929859052,0.0078345376234201,-0.00740900712298263,0,0,0,-0.198266733536364,0,0.12409849542886,0.0371567277796729,-0.191918984477805,0.103300597442585,-0.0139872334515661,-0.142297029011639,-0.0894837795212488,0.0290280935893399,0.00496959004007728,0,0,0,-0.218148603371676,-0.140877838330848,-0.0695832508085847,-0.631264198783592
0,0,1.10158167642291,0,0,0,0,-0.0241675023866562,-0.0419721938182865,-0.0382728997393763,0,0,-0.0912731887093007,0,0,0,0.0017262872320174,-0.10581729542698,0,0,0,0,0,-0.0639561060934263,-0.0616756154575545,0,-0.0918502097496743,0,0,0,0,0,0,0,0,-0.164350208447921,-0.000395502093025735,0,0,0,0,0,0,0,0,0,-0.0241670944501085,0,0,0,0,-0.00191774351246847,1.28909145633419,0,0,0,0,-0.0784382580706405,-0.0206294598362492,-0.0881992282149817,0,-0.0602773901645435,-0.154045351162879,0,0,0,0.127693944395066,-0.171541457216134,0,0,0,0,0,-0.0783483406121015,-0.0530041259655412,0,-0.161298927380679,-0.0317538736568117,0,0,0,-0.00846653135900506,0,0,0,-0.183540717904862,-0.0129226297006635,-0.0495646313536281,0,0,-0.0235302644599506,-0.00719901733358243,0,0,0,0,-0.0829980690278993,-0.0539249472360609,-0.0248518250616521,0,0,-0.102478064771447,1.56720488195808,0,0,0,0,-0.162133303889879,-0.0342793750277068,-0.186800561004,0,-0.132430486197617,-0.282962376764985,0.0490220079438677,0,0,0.194700023485221,-0.304479141078643,0.0716829811287294,0,-0.00364937995032342,0.0418723041669628,0,-0.190328713600497,-0.0126268074272105,0,-0.247804193707271,-0.0811447188414833,-0.0297363368396703,0.244477775742166,0,-0.0461078187593226,0.00433149109360724,0,0,-0.20024300141126,-0.0550803555783744,-0.110481450820463,0.052493864420434,0,-0.0570551481123222,-0.0104674649416451,0,0,0,0.0301620365285534,-0.135685807805312,-0.152350541285357,-0.0832804982664592,0
0,0,0,1.07780528273896,0,0.0151478668939788,0,0.0335433389688762,0,0,0,0,0,0,0,0,0,0,0,0,0,0,0,0,0,0,0,0,0,0,0,-0.0660583577486761,0,0,0,0,0,0,0,-0.0546648136122069,0,0,-0.19637223385601,0,0,0,0,0,0,-0.171087726196205,0,-0.00433749004331168,0,1.28487183282909,0,0.143284187510004,0.0179760078436877,0.203302432283177,0,0,0,-0.0278536734187672,0.0820075884686916,0,0.0940047425618088,0,0.0698891837547875,0,0.0589213786217476,0,0,0,0,0,0,0,0,0,0,0,0,-0.184349004565948,0,0,-0.0703911625649372,0,-0.0550421483132269,0,0,-0.141676794730735,0,0,-0.305404292972594,0,0,0,0,0,-0.00206757168852528,-0.273991960522309,0,-0.0134090490447052,0,1.60688573742509,0,0.211073683464391,0.0931837276724599,0.359177464811511,0,0,0,-0.0537247215772539,0.180088372602899,0,0.254523480954247,-0.00111711136536537,0.195932876483045,0.0837476709693977,0.102962569427207,0,0,0,0.121082253030595,0.00213629513425269,0,0,0.0176749040273152,0,0,0,-0.0207034695794427,-0.292309545071271,0.0677169688340941,0.0133499892251507,-0.140121779477502,0,-0.229568710777384,-0.0433732298229399,0,-0.244407334254261,0.0318667192926032,-0.0245899458756627,-0.403885260599728,0,0,0.0394143385928858,-0.04407658263367,-0.0735849669966187,-0.0145896087268303,-0.364184593296941
-0.184480380162603,0,0,0,1.16279547399927,0,0,-0.0897666736761003,0,0,-0.0375264463088928,0,0,0,0,0,0,-0.0113074879086241,0,0,0,0,0,0,-0.0643924760827599,0,0,-0.0673285772096642,0,-0.0524627127520586,0,0,-0.132903235357028,0,0,-0.0637126293918965,0,0.112757856940462,0,0,0,0,-0.0681334406787467,0,-0.159854285379504,-0.0652566003816177,0,0,0,-0.000487579807266773,-0.257870310070379,0,0,0,1.46743321714595,0,0,-0.14555752622891,0,0,-0.0545427998360167,0,0,0,0,0,0.109141300318425,-0.0484395829176824,0.0908869868765843,0,0,0,0,0,-0.146567383547842,0,0,-0.12802339315957,0,-0.120575207167604,0,0,-0.240269943012304,0,0,-0.0837211034021891,0,0.290893783111052,0,0,0,0,-0.146761998846763,0,-0.175440701332529,-0.102733277164903,0,0,0,-0.00434285258421839,-0.33737160722573,0.0629259400896559,0,0,1.85319922155607,0,0,-0.233382328656899,0.0811444217774839,0,-0.0825163474622271,0.10899910955553,-0.0114698441202264,0,0,0.00106546091673554,0.174007366823912,-0.0806398715559033,0.232539260124763,0.0158408801000696,-0.0326025699836684,0.0722131386273319,0,0,-0.267442979854851,0,0,-0.182732744669636,0.00494163549259797,-0.222085289316683,0,-0.0418597895069123,-0.464403146250465,0,0,-0.14812960152212,0,0.430497090551335,-0.119098288556453,0,0,0.0606247842774546,-0.280304128243316,0,-0.174206951090636,-0.122199464489744,0,0.0352434086832881,0,0
0,0,0,0.0151478668939788,0,1.08603913475016,0,0,0,-0.115839207843278,0,0,0,0,0,0,0,0,0,0,0,0,0,0,0,0,0,0,0,0,0,0,0,0,0,0,0,0,-0.176399681265112,0,-0.0234603698915894,0,0,0,-0.169932786567569,-0.0911314296693224,0,-0.0106023575394558,0,0,0,0,0,0.143284187510004,0,1.31492482678673,-0.0715052046940987,0,-0.0474505184378514,-0.200191930633212,0,0,0,0,-0.0103847477980562,0,0,0,0,0.0432314861044183,0,0,0,0,0.139273782437882,0,0.102188640809286,0,0,0,0,0,0,0,0,0,-0.0290686084056241,0,-0.291870961058846,0.0477447031359896,-0.130759239630416,0,0,0,-0.287571662110583,-0.187380008341133,0,-0.126056432234447,0,0,-0.0109108627910318,-0.0525002652682284,0,0.211073683464391,0,1.66254819235199,-0.202608833902986,-0.0477826776735043,-0.124815325341656,-0.288503625867112,0,0.0896539707795315,0,0,-0.0384330981061378,-0.0315259575508454,0,0,0,0.0409544149868816,0.0149708017659135,0.0315243080609807,0,0,0.376241920087259,0,0.187972956062214,0,0,-0.0079319821778847,0,-0.0517166163331831,0,0.0160739846961368,0,0,-0.144644680328563,-0.011171161917589,-0.415167308839188,0.108886643515244,-0.194554689762309,-0.00296112366637601,-0.00231933350735836,0,-0.447879270906778,-0.246898009322174,0.0332134679666408,-0.218795607155848,0,0.106602131350283
0,0,0,0,0,0,1.15135154057725,0,0,0,-0.00074575803395976,0,0,0,0,0,0,-0.138726514602871,0,0,0,0,0,0,-0.166529247667307,0,0,-0.0767797634964645,0,0,0,0,0,0,0,0,0,0,0,-0.192638066771681,0,0,-0.0538382779331292,0,-0.0944217784651797,-0.0451752642018999,-0.126435631186146,0,0,0,0.141759884128207,-0.00434830859573706,0,0.0179760078436877,0,-0.0715052046940987,1.41781518539687,-0.00955703003321556,0,0,-0.0111543508808558,-0.0381977324394954,0,0,-0.00859138665484459,0,0,-0.265158123962828,0,0.230748743479336,0.011430246964187,0,0,0.0163772816179462,-0.34187545148086,0,0,-0.118744844548611,0,0,0,0,-0.0099120497375197,0,0.0124816505050399,0,0,0,0,-0.251755248047061,0,0,-0.105592479752396,0,-0.140631775683311,-0.0975941091706214,-0.180301937181145,0.051150555977134,0,0,0.266538139416334,0,0,0.0931837276724599,0,-0.202608833902986,1.86569102934863,0,0,0,0,-0.0898112293072756,0,0,-0.027398922559483,0.0589332291901249,0,-0.459616514755365,0,0.450410094240476,0.0924029395380302,0,-0.135771300196048,0.20531524289826,-0.532686456726789,0,0,-0.109093586816793,-0.101297476458085,-0.082425800392032,0,0,-0.110192284555845,0,0.160201553962728,-0.020702044411097,0,0,0.0313392101020489,-0.385429684190323,0,0,-0.217347805961325,0.050402615684794,-0.196888382292979,-0.173166236140879,-0.25977346326502,0.139366994745317,0,0
0,0,-0.0241675023866562,0.0335433389688762,-0.0897666736761003,0,0,1.08629496830555,0,0,0,0,0,0,0.0167138335945531,0,0,0,0,0,0,0,0,0,0,0,0,0,0,0,0,0,0,-0.0358005177824921,0,-0.206553183409277,0,0,0,-0.0542037415192989,0,-0.0379389155288107,0,0,-0.113442309057765,0,0,0,0,0,0,0,-0.0784382580706405,0.203302432283177,-0.14555752622891,0,-0.00955703003321556,1.28428148860681,0,0,0.0296147058263197,0,0,-0.0170553270922093,0.156991782704354,0.0212284980513178,0,0,0,0.0411937839666004,0.0352874368214176,0,0.0738096560095807,0,-0.0357313961146317,0,0,0,-0.00349950080662896,0,0,0,0,-0.104464054432922,0,-0.269049276050038,0,0,0.0289615010596222,-0.126671321179294,-0.0314921992089328,-0.0912553801868453,0,0,-0.178351737265234,-0.0250671469321388,0,0,0,0,0,0,-0.162133303889879,0.359177464811511,-0.233382328656899,-0.0477826776735043,0,1.63019718663313,0,0.100219597439546,0.124616698002938,0,-0.0130913738627807,-0.0829842775824591,0.290211615419271,0.104174844446709,0,0.127625057221602,0,0.154065383389404,0.153195865021061,0,0.236129224169524,0,-0.157483058228626,-0.0572519125178103,0,0,-0.0375226923437737,0,0.00753114473238804,0,0.157726943013402,-0.24869208920085,0,-0.36449974785389,-0.0632340709756333,0,0.099739472075462,-0.217777491118447,-0.0663350283078509,-0.148503499985463,0,0,-0.278336564004756,-0.120825553286436,0,0.00345518504870466,0.0706859433647235,0
0,0,-0.0419721938182865,0,0,0,0,0,1.42820663043832,-0.0217059956140165,0,-0.00226723366672284,-0.0341500973822586,0,0,0,0,0,0,-0.0135798948385298,-0.0539226666671328,-0.0105407601277027,0,-0.32765462419629,0,0,-0.00793583366635819,0,0,-0.295168858032781,0,-0.118520926584084,-0.0124967998530195,-0.00961658930954245,-0.048202583482834,0,-0.202825699032859,-0.0947398293497006,-0.113939611309356,-0.0274442126060929,0,-0.0438449396200779,0,-0.102419676890109,0,0,0,0,0,-0.0586864198637769,0,0,-0.0206294598362492,0,0,-0.0474505184378514,0,0,1.81709561247376,-0.0533175850169184,0,-0.0435408260464131,-0.0643832234388276,0,0,0,-0.0194751323879746,0,0,-0.0131278346443432,-0.11248766647642,-0.0313416731587876,0,-0.408192084151062,0,0,-0.0463741711630552,0,0,-0.357550786986367,-0.0127155777529048,-0.226992728152445,-0.0423313564135804,-0.0970247326472103,-0.0779538014180979,0,-0.212446906119819,-0.158005969631538,-0.129740266877242,-0.0574306603611646,0,-0.0832300772560534,0,-0.164104050006457,0,0,0,0,0,-0.110368429770812,0.189048846851425,0,-0.0342793750277068,0,0.0811444217774839,-0.124815325341656,0,0,2.30940977324061,-0.158092174434766,-0.0353340287087477,-0.080919674442136,-0.156326546331003,0,-0.0501047126319169,0,-0.104479215331386,0,0,-0.0172975926513039,-0.23429321800091,-0.036807489641463,0.000874982833631913,-0.516302959930803,0,0,-0.047994949386219,0,0,-0.430873516755037,-0.0426312250418695,-0.348778173498182,-0.143183336249279,-0.154035747090414,-0.132953110113665,-0.0369260829998642,-0.137481443165322,-0.198073432868434,-0.126803332580587,-0.095589808468794,0,-0.248996338842141,0,-0.249434778137248,0,0,0.17030773862483,-0.0459086121001951,0.0800046236333828,-0.259990534434254
0,0,-0.0382728997393763,0,0,-0.115839207843278,0,0,-0.0217059956140165,1.1209654670084,0,0,0,0,0,0,0,0,0,0,0,-0.0955502469315198,0,0,0,0,0,0,0,0,0,0,0,-0.0696457288565793,-0.114912422548554,-0.227626912628002,0,-0.00181114990912243,-0.0628688803716018,0,0,0,0,0,0,0,0,0,-0.0100813207687198,0,0,0,-0.0881992282149817,0,0,-0.200191930633212,0,0,-0.0533175850169184,1.34147386168444,-0.0414768616060377,-0.0115516620227935,0.0707333903854175,0,0,0,0,0.0184863794199921,0,0,0,-0.186146382145646,0,0,0,0,0,0.0152098602776555,0,0,0.0416274744980684,0,0,-0.119021004995837,-0.191993080385378,-0.316183386294468,0,-0.0825713641369824,-0.0897841955649394,0.0517497250041861,-0.0589773973510472,0,0,0,0,0,0,0.00949193660769179,-0.0765145670858498,0.110365709636015,0,0.0202864806789652,-0.186800561004,0,0,-0.288503625867112,0,0.100219597439546,-0.158092174434766,1.66180451857807,-0.122722522059081,-0.0167000140471235,0.133460154580402,0.0595594151635128,0.0524950159132283,0,0,0.0857056155022155,0,0.0709406580474758,0.0528071416762614,-0.299550015200227,0,0,0,0.00343974863120083,0,0.118227653304446,0.0347678544483838,0,0.068581420734706,0,0,-0.143733707444987,-0.291861921670975,-0.448545561122175,0.0392857919255796,-0.101663458921434,-0.112000675705601,0.130245662933578,-0.130093203334455,-0.0333246801174847,0,0,0,-0.0143913777957628,-0.0204599824873948,0.090415217257882,-0.124907183051027,0.187628809867652
0,-0.107895010855147,0,0,-0.0375264463088928,0,-0.00074575803395976,0,0,0,1.0586055205209,0,0,0,0,0,0,0,0,0,0,0,0,0,0,0,0,0,0,0,0,0,-0.0887764692045527,0,-0.021714929338625,0,0,0,0,-0.0864750308604995,0,0,-0.127380127101607,-0.01593183006348,-0.00420062011397998,0,-0.0346207796460719,0,0,0,0,-0.155657667529419,0,0,-0.0545427998360167,0,-0.0111543508808558,0.0296147058263197,0,-0.0414768616060377,1.20655543612638,0,0.000262676081068102,0,0,0,0,0,0,0,0.097389403899779,0,0,0.0246587017875998,0,0,0,0,0,0,0,-0.0583678374851804,-0.175981711344975,0,-0.0596945384861849,0,0,0.00965283141030822,0,-0.128424625945754,0.00502683458522969,0,-0.236352048753191,-0.0803990775283684,-0.01567527605737,0,-0.0701562948441634,0,0,0,0,-0.143700956149426,0,0,-0.0825163474622271,0,0,0.124616698002938,-0.0353340287087477,-0.122722522059081,1.4269820885891,0.0474726678805621,0.0465874707401575,0,-0.0142970060020445,0,0,0,0,0,0.226086369968774,0.00370540685264396,0,0.122180002359338,0,0,0,0,-0.0162607427656579,0,0,-0.156472545168012,-0.268295376627389,0,-0.135208817736914,0.056454197228126,0,0.0680011890717747,0.00955805978951652,-0.206489940056465,0.0615769269021003,-0.00609628588888692,-0.361166690487548,-0.146347893099205,-0.0711052685232454,0.0668947109907499,-0.129195204389801,0,0,0
0,0,0,0,0,0,0,0,-0.00226723366672284,0,0,1.04004593065457,0,-0.0161321073849371,0,0,0,0,0,0,0,0,0,0,0,0,0,0,0.0225177694095087,0,0,0,-0.0057260361618479,0,0,-0.190082751568306,0,0,0,-0.0396203649669351,0,0,0,0,-0.0247846002339303,0,0,0,0,0,0,0,-0.0602773901645435,-0.0278536734187672,0,0,-0.0381977324394954,0,-0.0435408260464131,-0.0115516620227935,0,1.18199123810724,0,-0.088617860190367,0,0.0792903369493905,0.00353777225049231,0.108332768921411,0,0,0,0,0,0,0,0.0151120758663338,0,0,0.14433105151756,0,0,0,-0.0319572356212714,0,0,-0.260768361052234,-0.0483696332641754,0,-0.053162725752552,-0.0597728977375308,0.085008960313256,0,-0.0438888453275057,0,-0.0551933539054296,-0.0265233248903676,0,0.0382801519365872,-0.0435852825025002,0,0,0,-0.132430486197617,-0.0537247215772539,0.10899910955553,0.0896539707795315,-0.0898112293072756,0,-0.080919674442136,-0.0167000140471235,0.0474726678805621,1.41687945868308,0.0539506615725316,-0.149937482705318,0,0.217727049688266,0.0915402167978317,0.213484943927048,0,-0.0267330807012636,0,-0.0884248611144671,0,0,0,0.0478693543163891,0,0,0.239252638164288,-0.0513110498541572,0,0,-0.0359926643328576,-0.0333122173179332,0.0222256325387063,-0.32767000293802,-0.0730723789817126,0,-0.156442300882021,-0.0751806295864666,0.147394624925494,0,-0.0997747053871045,0,-0.0973315032190722,-0.0870784097719382,0,0.0920303983596438,-0.0893568869535475,0
0,0.0675328486938283,-0.0912731887093007,0,0,0,0,0,-0.0341500973822586,0,0,0,1.3498860247044,0,0,0,0,0,-0.0560580751787994,-0.160923301127088,0,0,-0.185360125874939,-0.111310998541916,-0.27964839629403,-0.0737667727187371,-0.0726166816936387,0,0,-0.0758165727163179,0,0,0,0,0,0,-0.161792238340096,-0.0101875417490653,0,0,0,0,0,0,0,0,0,0,0,0,0,0.249182404337937,-0.154045351162879,0.0820075884686916,0,0,0,0,-0.0643832234388276,0.0707333903854175,0.000262676081068102,0,1.71365137825686,0,0,4.71227475437895e-05,0.00584195673543789,0,-0.103744847873216,-0.226018091746526,0.0899831391978397,0,-0.281229435342317,-0.143555560796468,-0.39615014971192,-0.113290195697227,-0.121755600997659,-0.00944072325767916,0,-0.0419676398953479,-0.00147547897773903,0,0,0.0510742631838248,0,0,-0.251648248904022,-0.0192430510125661,0,0,0,0,0.0196647576929043,0,0,0,0,0,0.00318650032619396,-0.00414590393391543,0,0.513246683072408,-0.282962376764985,0.180088372602899,-0.0114698441202264,0,0,-0.0130913738627807,-0.156326546331003,0.133460154580402,0.0465874707401575,0.0539506615725316,2.28191524976868,0,0,0.0550438729708401,0.181788642405903,0,-0.202863817224874,-0.373049623383091,0.314287224371495,0,-0.378076490462276,-0.133382021799477,-0.505756872619466,-0.120642210490035,-0.17755115133688,-0.0972725033469932,0.000556526818188882,0,0,-0.0258083534012957,0,0.269274026706581,0,0,-0.459769907711815,-0.00248410880109917,0,0,0.0158689927641105,0,0.011941656050896,0.00652451878124819,-0.054085391088997,0,0,0,0.106048732132337,-0.154584772800536
0,0,0,0,0,0,0,0,0,0,0,-0.0161321073849371,0,1.0692101737843,0,-0.116246619112508,0,0,0,0,0,0,0,0,0,0,0,0,0,0,-0.0351336413816698,0.0531538323464475,0,0,-0.165888198593415,0,0,0,0,-0.068231433182541,0,-0.0991821979495702,0,0,0,-0.0171422558533692,0,0,0,-0.00508809539070216,0,0,0,0,0,0,0,-0.0170553270922093,0,0,0,-0.088617860190367,0,1.26301836435381,0,-0.221310072417677,0,0.0197043391863454,0,0,-0.00022185666321299,0.0288040203013002,0,-0.0197905167890785,-0.0134232169698595,0.0717753217467423,0,-0.0434265959920718,0,0,-0.129366915164575,0.159305510748479,0,0.0806762681744974,-0.239449786766115,0,0,0.0183445475271078,0.0207534965908736,-0.122877829972034,0,-0.140164356661383,0,0.0184838251970599,0,-0.100441576836172,0,0.0822930715014564,0,-0.0373298815213341,0.0645356883364376,0.0196391862052625,0.0490220079438677,0,0,0,0,-0.0829842775824591,0,0.0595594151635128,0,-0.149937482705318,0,1.58124514522823,0,-0.330123410358756,0.0616214546301843,0.116238806456896,0,0,-0.0416318834059203,0.0939130844998795,0,-0.212295436399904,-0.136199311663073,0.267488852349689,0.0216014210670169,-0.0798719732478802,0.0450964300406455,0,-0.239859397774768,0.198810768930568,0,0.234688577003987,-0.3200637843392,0,0,0.00936049769268123,0.0920263530745557,-0.149444156676167,0,-0.20034744342096,0,0.134018699862139,0,-0.228407769145608,0,0.146765739905564,0,-0.0623945881769402
0,0,0,0,0,0,0,0.0167138335945531,0,0,0,0,0,0,1.01156608358308,0,0.0277699362173158,0,0,0,0,0,0,0,0,0,0,-0.00663158719684126,0,0,0,0,0,0,0,0,0,0,0,0,0,0,0,-0.0458456807921943,0,-0.00120125385939239,0,-0.0919434044504706,0,0,0,0,0,0.0940047425618088,0,-0.0103847477980562,-0.00859138665484459,0.156991782704354,0,0,0,0,0,0,1.13297934209508,-0.0946672236935377,0.129120598233593,-0.00111625876444409,0.0283271103246704,0,0,0,0,0,-0.0183473959611542,0,0,-0.0992138459568149,0,0,-0.0587577564408175,0,0,0,0,0,0,0,-0.0150445739995138,0,0,0,-0.0653867023356404,-0.139510232604187,0,-0.0736568555491997,0,-0.202285022194356,0,0,0.0726637649443955,0,0,0.254523480954247,0,-0.0384330981061378,-0.027398922559483,0.290211615419271,-0.0501047126319169,0.0524950159132283,-0.0142970060020445,0,0,0,1.37538585090587,-0.175301245929427,0.174195467165767,-0.0551135179016445,0.102270817768929,-0.0458353479829555,-0.0426521156536955,0,0,0,-0.128940589975688,0,-0.0253076656510503,-0.216861035346734,0,0,-0.120938348710312,0,0.0665637480757595,0,0,-0.053897369033329,0.19424510739596,0,-0.0625803546133266,0,0.0892466063153434,0.0576587209513143,-0.203469757887728,-0.194050299070985,-0.0742246736625227,-0.114835649362314,0,-0.303111387851031,0.0478943108536062,0
0,-0.00505468185615199,0,0,0,0,0,0,0,0,0,0,0,-0.116246619112508,0,1.01636048751104,0,0,-0.0279380453432929,0,0,0,0,0,0,0,0,0,-0.0203848200917776,0,0,0,0,0,0,0,0,0,0,0,0,0,-0.0049867129196967,0,0,0,0,0.0380309837214445,0,0,0.0410168919519343,-0.0904443146908744,0,0,0,0,0,0.0212284980513178,0,0,0,0.0792903369493905,4.71227475437895e-05,-0.221310072417677,-0.0946672236935377,1.13996579964706,0,0,-0.102442370602235,0,0,0,0,0,0,0,0,0,-0.102928643828043,0,-0.0149095922053787,0,0,0,0,0,0,0,-0.0569485056488508,0.137404837480082,0,-0.0813441664132719,-0.0750455949681947,0,0,0,-0.0446437408508255,0.12581877155767,0,0,0.089423995514134,-0.185667338654244,0,-0.00111711136536537,0.00106546091673554,-0.0315259575508454,0.0589332291901249,0.104174844446709,0,0,0,0.217727049688266,0.0550438729708401,-0.330123410358756,-0.175301245929427,1.40908496232369,0,0.0649492059860225,-0.192211083984031,0,-0.0133057562396083,0.0232652760175764,0,-0.0185622304109866,-0.0540487565673497,0,-0.0331150755223055,0,-0.160594180058459,0.107103917066639,-0.0774003611797795,0.0139223630302251,0,-0.0592556088347126,0,-0.0485049352678182,0,0,-0.161167885220661,0.295811021121941,0,-0.233898723461808,-0.131443617561674,-0.000337694521216419,0.0686972723977321,0,-0.130686875898809,0.219245873878639,0,0
0,0,0.0017262872320174,0,0,0,0,0,0,0,0,0,0,0,0.0277699362173158,0,1.00077350126878,0,0,0,0,0,0,0,0,0,0,0,0,0,0,0,0,0,0,0,0,0,0,0,0,0,0,0,0,0,0,0,0,0,0.0191962515390149,0,0.127693944395066,0.0698891837547875,0.109141300318425,0,0,0,-0.0194751323879746,0,0,0.00353777225049231,0.00584195673543789,0,0.129120598233593,0,1.07130771922215,0,-0.0156980139838507,0,0,0,-0.0379176923285519,0,0,0,0,0,0,0,0,0,0,0,0,0,-0.10690694619451,0,0,-0.119854173651542,0,0,0.00568845278951146,0,0.0137734804191834,0.0152173783646592,0,0.0468741691967606,0,0,0.0545101649159864,0,0.194700023485221,0.195932876483045,0.174007366823912,0,0,0,-0.104479215331386,0,0,0.0915402167978317,0.181788642405903,0.0616214546301843,0.174195467165767,0,1.24112866575119,0,0,-0.0400589123606718,0.00769632935905925,0.0299070341693434,-0.0977681720651014,0,0,-0.000712068616169918,0,0,0,-0.044834619306677,0,0,0,0,-0.00505252625868518,-0.030946663360058,-0.247036540993404,0.0115606930764468,0,-0.237514563103982,0.0711040805066276,0,0.0638908711407727,0,0.0441729597450917,0.0505037955357709,0,0.12866484842668,0,0
0,0,-0.10581729542698,0,-0.0113074879086241,0,-0.138726514602871,0,0,0,0,0,0,0,0,0,0,1.12535101077228,0,-0.108262429249421,0,0,0,-0.0230475647102093,-0.15597530200747,0,0,0,-0.0399787248883474,-0.0639738189314059,0,0,0,0,0,0,0,0,0,0,0,-0.0967713964906868,0,0,0,0,0,0,0,0,-0.0307486788073391,0,-0.171541457216134,0,-0.0484395829176824,0,-0.265158123962828,0,0,0.0184863794199921,0,0.108332768921411,0,0.0197043391863454,-0.00111625876444409,0,0,1.32676460468076,0,-0.217846649525164,0,0,0,-0.0425042709230583,-0.143237572731186,0,0,0,-0.0900256746360667,-0.058477035383446,0,-0.0602555377248477,0,0,0,0,0,0,0,0,-0.0554808584369563,-0.168264529376756,0,0,0,0,0,0.0253393158370014,0,0,-0.0962899199054016,0,-0.304479141078643,0.0837476709693977,-0.0806398715559033,0,-0.459616514755365,0.127625057221602,0,0.0857056155022155,0,0.213484943927048,0,0.116238806456896,-0.0551135179016445,0.0649492059860225,0,1.63697498769113,0,-0.330749871643691,-0.000316428787535362,0,0.142345958613878,-0.133746925577819,-0.155051988752612,-0.0119718434633089,-0.00202302113958948,-0.0488133496280181,-0.0828530672942797,-0.0674089583397038,0,-0.107621845262448,0,0,-0.00431953494817595,0.0366238660416753,0,0.0625767152392302,0,0,-0.070107027916063,-0.310807243612602,0,0,0.0766533287344578,0.0112201647497607,0.0585093545011921,0.146466270714468,0.0436720208271975,-0.00945759389393332
0,0,0,0,0,0,0,0,0,0,0,0,-0.0560580751787994,0,0,-0.0279380453432929,0,0,1.11849775108741,-0.170686903746307,0,0,0,-0.0763749816011244,-0.0651815780491038,-0.0359317484066259,0,0,0,-0.0435694071305058,0,0,-0.114882848861779,0,0,0,0,0,0,0,0,0,0,0,0,0,0,0.0717512742607002,-0.100009010251231,0,0.0882678362394597,0,0,0.0589213786217476,0.0908869868765843,0,0,0,0,0,0,0,-0.103744847873216,0,0.0283271103246704,-0.102442370602235,-0.0156980139838507,0,1.35404819457316,-0.24298299838632,0,-0.0259642977358139,0,-0.0957957498548921,-0.0668618714795543,-0.105261245102049,0,0.0247264613781439,0,-0.0750796095795532,0,0,-0.210912939091589,0,-0.0277931812806753,0,-0.0345029239513525,0,-0.032942580039421,0,0,0,0,0,0,0,0,0.195774100200375,-0.202775021620602,0,0.16673350486492,0,0.0716829811287294,0.102962569427207,0.232539260124763,0,0,0,0,0,0,0,-0.202863817224874,0,0.102270817768929,-0.192211083984031,0,0,1.68266603610453,-0.301589113880768,0.0480525468609889,-0.0419247602632626,0,-0.0489566571214734,-0.0678171821073055,-0.175548883443188,-0.0181408065245735,0.0773668238360415,0,-0.227661611884025,0.0651935006957937,0.0384129882636158,-0.320514614757171,-0.0110239398144211,-0.0891799779081998,0.0220427069892142,-0.0963575861620783,0.0147371959700299,-0.0538935813715064,0,0.0579467225332302,0,0,0,0,0,0,0.258775321128794,-0.346527892804405,0.0982039040059975
0,0,0,0,0,0,0,0,-0.0135798948385298,0,0,0,-0.160923301127088,0,0,0,0,-0.108262429249421,-0.170686903746307,1.2837073454951,0,0,0,-0.00879186709314834,-0.255439322052365,0,-0.0397351519507523,0,0,-0.181734903048356,0,0,0,-0.190434573678699,0,0,0,0,0,0,-0.0423042823985599,0,0,0,0,0,0,0,0,0,-0.00373389211319361,0,0,0,0,0.0432314861044183,0.230748743479336,0.0411937839666004,-0.0131278346443432,0,0,0,-0.226018091746526,0,0,0,0,-0.217846649525164,-0.24298299838632,1.65584598788751,0,0,0,-0.017924774880754,-0.411293769260277,0,-0.0621010001780135,0.121229004575327,-0.00130738858181603,-0.268478157121871,-0.0560118704640558,0,0,-0.357299207297133,0,0.0255999009315027,0,0,0,0,-0.139077228227357,0.0289194529440226,0.0338480688291981,0,0,0,0.102432543139288,0.00863949116883328,0,0,-0.135234975806095,0,0,0,0.0158408801000696,0.0409544149868816,0.450410094240476,0.154065383389404,-0.0172975926513039,0.0709406580474758,0,-0.0267330807012636,-0.373049623383091,0,-0.0458353479829555,0,-0.0400589123606718,-0.330749871643691,-0.301589113880768,2.18481217691145,-0.0124085771532922,0,0.0105973972728008,0,-0.591298237766842,0.00239833619876142,-0.0630247737750864,0.238574662041705,-0.0118653829929278,-0.350070001542097,-0.0916601157791699,0,0,-0.595936211012435,0,0.11138388060547,0,0.00270926392678456,-0.00557233195323392,-0.106623645877248,-0.223331895152018,0.169167355699951,0.0595016823198472,0,0,0,0.187632129465191,0.113429381045274,0,0
-0.00451500908721376,0,0,0,0,0,0,0,-0.0539226666671328,0,0,0,0,0,0,0,0,0,0,0,1.02484723926533,0.0200517042993006,0,0,0,0,0,0,0,0,0,0,0,0,0,-0.0449145348460298,-0.104553430006846,0,0,0,0,0,-0.043712888411194,-0.0250532456753205,0,0,0,0,0,0,-0.0707632773353788,0.0334964623393046,0,0,0,0,0.011430246964187,0.0352874368214176,-0.11248766647642,0,0.097389403899779,0,0.0899831391978397,-0.00022185666321299,0,0,0,0,0,0,1.15711277370792,0.166978835931887,0,-0.0632091268181477,0,0,-0.0169712178172526,0,0,-0.0065072319773256,0,0,0,0,0,-0.12885093837317,-0.177559497403216,0,0,-0.0426008411123067,0.0631977679593432,0,-0.107341632141924,-0.088940681605908,0,-0.0425827010544327,0,0,0,0,-0.166208366640669,0.14536654078704,-0.00364937995032342,0,-0.0326025699836684,0.0149708017659135,0.0924029395380302,0.153195865021061,-0.23429321800091,0.0528071416762614,0.226086369968774,0,0.314287224371495,-0.0416318834059203,-0.0426521156536955,-0.0133057562396083,0.00769632935905925,-0.000316428787535362,0.0480525468609889,-0.0124085771532922,1.41130158872693,0.212064317500206,0,-0.109907734286596,0,0,-0.0704211717789973,0,0,-0.0394835983688667,0,0,0,0,0,-0.22140095472005,-0.286933395262061,0.0130647995077971,0,-0.168293025974974,0.103748395783458,0.119175636624448,-0.157499642568824,-0.0964865184270126,0,-0.0863082202651953,0,0,0,0
0,0,0,0,0,0,0,0,-0.0105407601277027,-0.0955502469315198,0,0,0,0,0,0,0,0,0,0,0.0200517042993006,1.05483691731426,0,0,-0.0591022954545126,0,0,-0.0546902117040582,0,-0.0916217753242534,0,0,0,0,0,0,0,-0.0444134324489397,-0.133751069449111,0,0,0,0,0,0,0,0,0,0,0,0,-0.00732468446498212,0,0,0,0,0,0,-0.0313416731587876,-0.186146382145646,0,0,0,0.0288040203013002,0,0,0,0,-0.0259642977358139,0,0.166978835931887,1.23661209787261,0.13749080613576,0,-0.121017712595633,0,0,-0.184618142291101,-0.0098510336603655,-0.174236081731007,0,-0.060910236638062,-0.0115396673112362,-0.0289666431991123,0,0.0684870221705565,0,-0.0995832095882907,-0.201898902742583,0.0509846195040502,0,0,0,0,0,0,0,0,0,-0.0125900791028467,0,-0.0205316713514029,0.0418723041669628,0,0.0722131386273319,0.0315243080609807,0,0,-0.036807489641463,-0.299550015200227,0.00370540685264396,-0.0884248611144671,0,0.0939130844998795,0,0.0232652760175764,0.0299070341693434,0,-0.0419247602632626,0,0.212064317500206,1.520656343906,0.29286216909717,0,-0.187776400826231,0.00691849655560948,0,-0.383736983724598,-0.0509917602478219,-0.291295315533158,0.022282989375853,-0.0891590619253733,-0.0468455051796165,-0.0949379722753108,-0.0558030152881849,0.233228495652068,0,-0.136692038880223,-0.237902342378508,0.201695488258081,0.020614370005276,-0.0502254597271438,0,0.0189182290796597,0.0233574813094803,0,0,0.0100981789015896,0.00910973034524763,-0.0941627181364802
0,0,0,0,0,0,0,0,0,0,0,0,-0.185360125874939,0,0,0,0,0,0,0,0,0,1.16362866663981,0,0,0,0,0,0,-0.00919081153618723,0,0,0.0480363105362888,0,0,0,-0.331935100843343,0,0,0,0,0,0,0,0,0,0,-0.0678527613482929,0,0,0,0.0331517353895427,0,0,0,0,0,0.0738096560095807,0,0,0,0,-0.281229435342317,0,0,0,-0.0379176923285519,0,0,0,0,0.13749080613576,1.4001045903102,0,0,0,0,-0.0628758919996119,0.0573945428956586,-0.0874797749990111,0,0,0.210504431261606,0,0,0,-0.471697083949973,-0.0307525060688801,0,0,0,0,0,-0.011266153548746,0.0121544967202904,0,0,-0.170078513395746,0,0,0,0.087335329347414,0,0.121082253030595,0,0,-0.135771300196048,0.236129224169524,0.000874982833631913,0,0,0,-0.378076490462276,0,0,0,-0.0977681720651014,0.142345958613878,0,0.0105973972728008,0,0.29286216909717,1.78817693620007,0,0,0,0,-0.164436229817727,0.256836748814333,-0.198241025088958,-0.0901949157885926,0,0.409851516465745,-0.154870611013876,0,0,-0.650842504229299,-0.0979678472240723,-0.00403688152385207,0,0,0.0321512319628702,0,-0.0789026749852688,0.0461039598688327,0,0,-0.25119751889247,0,0
0,0,-0.0639561060934263,0,0,0,0,0,-0.32765462419629,0,0,0,-0.111310998541916,0,0,0,0,-0.0230475647102093,-0.0763749816011244,-0.00879186709314834,0,0,0,1.60729620177499,-0.0352081965401895,-0.198073966652561,-0.0154011435032011,0,0,-0.543393348129449,-0.0209071372930748,0,-0.112803229596629,0,0,0,-0.0849395782429407,0,0,0,0,0,0,0,0,0,0,0,0,0,0,0,-0.0783483406121015,0,0,0,0.0163772816179462,0,-0.408192084151062,0,0.0246587017875998,0,-0.143555560796468,-0.0197905167890785,0,0,0,-0.0425042709230583,-0.0957957498548921,-0.017924774880754,-0.0632091268181477,0,0,2.03416067550266,0,-0.26154552370657,-0.0551100374353973,0,0,-0.739933261708542,-0.0490453020452892,0,-0.212989015478851,0,-0.0183944578811023,0,-0.0908798262425193,0,0,0,-0.0190934136051611,0,0,0,0.0232705310981457,0,0,-0.0964390119569824,0,0,0,0,-0.190328713600497,0.00213629513425269,0,0,0.20531524289826,0,-0.516302959930803,0,0.122180002359338,0,-0.133382021799477,-0.212295436399904,0,-0.0185622304109866,0,-0.133746925577819,-0.0489566571214734,0,-0.109907734286596,0,0,2.61076137768246,0,-0.352639917783608,-0.127729115042548,0,0,-1.04538292428804,-0.0385704449803689,0,-0.395846094570399,0,-0.0138175028803063,0,-0.157637949688923,0,0.0655477795871718,0,-0.0630062254787775,0,0,0,0.167766339560141,0.120802115360938,0,-0.196216742317974,-0.199736763185486,0.178469341137403
0,0,-0.0616756154575545,0,-0.0643924760827599,0,-0.166529247667307,0,0,0,0,0,-0.27964839629403,0,0,0,0,-0.15597530200747,-0.0651815780491038,-0.255439322052365,0,-0.0591022954545126,0,-0.0352081965401895,1.3349526365266,0,0,0,-0.0649942439153844,0,0,0,-0.053241282688315,0,0,-0.000936376407942239,-0.11118363634146,-0.0224041296205927,0,-0.0132126840972553,0,0,0,0,0,0,0,0,0,0,0,-0.0525687879656279,-0.0530041259655412,0,-0.146567383547842,0.139273782437882,-0.34187545148086,-0.0357313961146317,0,0,0,0,-0.39615014971192,-0.0134232169698595,-0.0183473959611542,0,0,-0.143237572731186,-0.0668618714795543,-0.411293769260277,0,-0.121017712595633,0,0,1.72464913476047,0,0,0,-0.131884267512027,0,-0.0106518308602753,0,-0.115885191933947,0,0,-0.0305543610364724,-0.121611682372094,-0.105596718051676,-0.00869849658977894,-0.0395089986373259,0,0,0.0315682361080418,0,0,0.0219926280547789,-0.00846270550982169,0,0,0,0,-0.160881147446184,-0.0126268074272105,0,-0.267442979854851,0.376241920087259,-0.532686456726789,-0.157483058228626,0,0,0,0,-0.505756872619466,-0.136199311663073,-0.128940589975688,-0.0540487565673497,0,-0.155051988752612,-0.0678171821073055,-0.591298237766842,0,-0.187776400826231,0,0,2.24686934160956,0.00454200261654436,0,0,-0.164369009367445,0,-0.0180597441090257,0,-0.0737267373138789,0.00595338272804111,0,-0.105618583828943,-0.174444639634777,-0.224686179984071,-0.0555550893663149,-0.0465470894497009,-0.0465288440494697,0.105954189359012,0.19735802319618,0,-0.0120611270964426,0.0702569856416264,-0.0609048326414716,0,-0.0314038046792277,0
0,0,0,0,0,0,0,0,0,0,0,0,-0.0737667727187371,0,0,0,0,0,-0.0359317484066259,0,0,0,0,-0.198073966652561,0,1.1777085523741,0,0,0,-0.256640525209583,-0.0770869313173796,0,0,0.0882858339215661,0,0,0,-0.0311726770869206,0,0,0,0,0,0,0,0,0,0,0,0,0,0,0,0,0,0,0,0,0,0,0,0.0151120758663338,-0.113290195697227,0.0717753217467423,0,0,0,0,-0.105261245102049,0,0,0,0,-0.26154552370657,0,1.40478407678547,0.00376405145238015,0,-0.0647140022861834,-0.365255636188189,-0.124007953158878,0,0,0.277446994671299,0,0,0,-0.0934837007825598,0.0180165014145573,0.0176905599843986,0,0,0,0,0,0,0,-0.0119987782794568,0,0,-0.0120810942761904,0,0,0,0,0,0,-0.0572519125178103,0,0.00343974863120083,0,0.0478693543163891,-0.120642210490035,0.267488852349689,0,0,-0.000712068616169918,-0.0119718434633089,-0.175548883443188,0.00239833619876142,0,0.00691849655560948,0,-0.352639917783608,0.00454200261654436,1.70723802229579,0.0818635368378627,0.01463280369132,-0.146038470219108,-0.545834693743337,-0.162969507447001,0.0971854265765809,0.0446853320683015,0.463421883873239,0,0,0,-0.163281190253392,0.138015600458092,0.0662409870699006,0,0,0,0.0139949015574716,0,-0.0657564401350623,0,0,-0.0937562217028052,-0.00235375992511782
0,0,-0.0918502097496743,0,0,0,0,0,-0.00793583366635819,0,0,0,-0.0726166816936387,0,0,0,0,0,0,-0.0397351519507523,0,0,0,-0.0154011435032011,0,0,1.0234605951317,0.0246349945147858,0,0,0,0,0,0,0,-0.0215543908220122,0,0,-0.0125213320758443,0,0,0,0,0,0,0,0,0,0,0,0,0.0379394392048349,-0.161298927380679,0,0,0.102188640809286,0,0,-0.0463741711630552,0,0,0,-0.121755600997659,0,0,0,0,0,0,-0.0621010001780135,-0.0169712178172526,0,0,-0.0551100374353973,0,0.00376405145238015,1.15437738011695,0.16475670963282,0,0,0,-0.0191726207310076,0,-0.0236634704386653,0,-0.110433686570712,0,0,-0.11505616324912,0,0.0406004764803554,0,0,0,0,0.0845955226007849,0,0.010618196888577,0.0333342519263734,0,0.0632875818663219,0.120050929859052,-0.247804193707271,0.0176749040273152,0,0.187972956062214,0,0,-0.047994949386219,0,0,0,-0.17755115133688,0.0216014210670169,-0.0253076656510503,-0.0331150755223055,0,-0.00202302113958948,-0.0181408065245735,-0.0630247737750864,-0.0704211717789973,0,0,-0.127729115042548,0,0.0818635368378627,1.36697683867872,0.308799251178863,-0.0222038050442605,0,0.0182625610064308,-0.0772826826957405,0,-0.00534053079261268,0,-0.140132782058586,0,0.117516126261673,-0.206005711972566,-0.0566376246179474,0.103240610743734,-0.0623085419198018,0,0.0229858246070393,-0.0699272576345857,0.121199763857257,-0.0434097560224634,0.0415525755527171,0.131558009143648,-0.0343077718404105
0,0,0,0,-0.0673285772096642,0,-0.0767797634964645,0,0,0,0,0,0,0,-0.00663158719684126,0,0,0,0,0,0,-0.0546902117040582,0,0,0,0,0.0246349945147858,1.09124665471947,0,0,0,0,0,0,-0.0483968361912698,0,-0.127568274914032,0,0,-0.169221014140682,0,-0.0729221259688975,0,0,0,0,0,0,0,0,0,0,-0.0317538736568117,0,-0.12802339315957,0,-0.118744844548611,0,0,0.0152098602776555,0,0,-0.00944072325767916,-0.0434265959920718,-0.0992138459568149,0,0,0,0.0247264613781439,0.121229004575327,0,-0.184618142291101,-0.0628758919996119,0,0,0,0.16475670963282,1.31248216158435,0,0,0.0285177328501169,0,0,0,-0.0982878941533541,0,-0.200564880376582,0.000591650602982656,0,-0.235739542139998,0,-0.112674398570724,0,0.0910347832581704,0,0,0,-0.0915964574463927,0,0,0.00590926720726189,0.0078345376234201,-0.0811447188414833,0,-0.182732744669636,0,-0.109093586816793,0,0,0.118227653304446,0,0,-0.0972725033469932,-0.0798719732478802,-0.216861035346734,0,0,-0.0488133496280181,0.0773668238360415,0.238574662041705,0,-0.383736983724598,-0.164436229817727,0,0,0.01463280369132,0.308799251178863,1.67639839996937,0.02589196281103,0,0.139338899436994,0,0,0.0324229497600437,-0.183134036995595,0,-0.267309689498746,0.114703412639583,0,-0.356697542398879,-0.0366348132954517,-0.139917451826956,0,0.196708610699222,0,0,0,-0.152153592334277,0,0
0,0,0,0,0,0,0,0,0,0,0,0.0225177694095087,0,0,0,-0.0203848200917776,0,-0.0399787248883474,0,0,0,0,0,0,-0.0649942439153844,0,0,0,1.01148478557597,0,0,0,0,-0.055420445073242,0,0,0,0,0,0,0,0,0,0,0,0,0,0,0,0,0.0294707238220551,0,0,0,0,0,0,-0.00349950080662896,0,0,0,0.14433105151756,0,0,0,-0.102928643828043,0,-0.0900256746360667,0,-0.00130738858181603,0,-0.0098510336603655,0.0573945428956586,0,-0.131884267512027,-0.0647140022861834,0,0,1.12819404609316,0,-0.0847674284525995,0,0.121823500413805,-0.173034805260761,-0.0535949306921951,0,-0.0727765767178398,0,0,0,0,0,-0.0183561247279493,0,0,0,0.0356675084368957,-0.00957510198148018,0,0,0.11747599774865,-0.00740900712298263,-0.0297363368396703,0,0.00494163549259797,0,-0.101297476458085,-0.0375226923437737,0,0.0347678544483838,-0.0162607427656579,0.239252638164288,0.000556526818188882,0.0450964300406455,0,-0.160594180058459,0,-0.0828530672942797,0,-0.0118653829929278,0,-0.0509917602478219,0.256836748814333,0,-0.164369009367445,-0.146038470219108,-0.0222038050442605,0.02589196281103,1.3560289596034,0,-0.159818809411904,0.0382383982733658,0.258791762624509,-0.277513427139231,-0.103794881972014,-0.0662977622146328,-0.186471351815119,0,0.0131462543384527,0,0,0,-0.0786490738494478,0,0,0.0206525309743845,0.151546662849055,-0.145038582191445,0,0
