"X1","X2","X3","X4","X5","X6","X7","X8","X9","X10","X11","X12","X13","X14","X15","X16","X17","X18","X19","X20","X21","X22","X23","X24","X25","X26","X27","X28","X29","X30","X31","X32","X33","X34","X35","X36","X37","X38","X39","X40","X41","X42","X43","X44","X45","X46","X47","X48","X49","X50","X51","X52","X53","X54","X55","X56","X57","X58","X59","X60","X61","X62","X63","X64","X65","X66","X67","X68","X69","X70","X71","X72","X73","X74","X75","X76","X77","X78","X79","X80","X81","X82","X83","X84","X85","X86","X87","X88","X89","X90","X91","X92","X93","X94","X95","X96","X97","X98","X99","X100"
1.28367469842308,0,0.102092062799267,0,0,0,0,0,0,0,0,0,0.0121496528965289,0,0,0.0331192395319241,0,0,-0.0410911503392404,0,0.00950891258912865,0,0,0,0,0,0,0.15520469322868,0,0.42303582358686,0,0,-0.0758711043108661,0,0,0,0.0181569798706319,-0.0298422611272954,-0.0564346136355046,0,0,0,0,0,0,0,-0.0506057059975702,0,0.0780498074588198,0,0.0873359359060285,0,-0.0407577928427505,0,0,0,0,0,0,0,-0.0184019644787075,-0.0693959643384416,0,-0.00412679830887882,0,0,0,-0.0219768103661747,0,0,0,-0.168357410223174,-0.0114039757679819,0,0.0621937320223579,0,0,0,0,-0.0240621861318463,0,0,0.0163151255230254,-0.00781192656126692,0,0,-0.0249801185662244,0,0,0,0,0,0,-0.0146113510935966,0,0,-0.0630679502105101,-0.10949263766635,0,-0.0935440800920323
0,1.3131580341167,-0.0557218620665898,0,0,0,-0.0387434551052237,0,0,0,-0.102183695852608,0,0,0.0321089643392719,0.17370000425198,-0.134422166871175,0,0.116223548354147,0,0,0,-0.257610033523449,0,0,0,0,-0.0337675438769919,0,0,-0.0753328035172602,0.076474762348946,0,-0.178763955193168,0,0.00424027756773732,0,-0.100561764580764,0,0,0,0,-0.123117010760174,-0.0868758558837971,-0.0422111967698849,0,0,0,0,0,0,0,0,0,0,0,-0.00174166245942821,0,0,0,0,0,0.0139681732190482,0.0598939286159054,0,0,0,0,0.0740453641335846,0,-0.0701062208146704,0,0,0,0.1332981286803,0.083188333462056,0,0,0,0,0,0,0,0,-0.0065772723846017,0,-0.0142499924131001,0,0.163103001007286,0,0.0271303195470513,-0.0411936810624001,-0.0402917567068962,-0.0246810487552148,0,0,0.0608355560357747,0,0,0,0
0.102092062799267,-0.0557218620665898,1.2803274188433,0,0,0,0,0,0,0,0,0,-0.117719170792191,0,-0.0260871084025512,-0.0499403111468414,-0.000471316884020477,0,0,0,-0.0201103166301526,-0.124073936720248,0,0,0,0.0408199931654065,0,-0.0651375414263476,-0.0553004751317819,0,-0.0517267061153077,0,0,0.276972351413345,0,0,0,-0.0759721824043653,0.0651700584763951,0,0,-0.0555984704511618,0,-0.121163262646286,0,-0.0821953936299177,0,0,0,0,0,0.0110120428037358,0,0,-0.0179834344291302,0.0461871808418737,0,0,-0.0976563793627943,-0.0298176391786381,-0.0933940732921311,0.0188340757112421,0,-0.0545739508292391,0.0415434991029944,0,0,0,0,0.125803543140038,0,0,-0.0163384624895912,-0.00152437213433972,0,0,0,0,0,0.066148715689608,0,0,0,0,0,-0.190891303515904,0,0.0346288460947699,0,-0.0744476526520793,0,0,0,0,0,0,-0.177183903425303,0.104153605658533,0,0
0,0,0,1.35871872584118,-0.0921808613242896,0,0,-0.0713386148620187,0,0,0,0.167112174263133,0,0.181670865416107,0,-0.194268338059413,0,-0.0298263822199851,0,0,0,0,0,0,-0.126201448008734,0,-0.0315948859745816,0,0,0,-0.0261285747570703,0.0306030313524066,0.106525369326757,0,0,-0.0718385838068831,-0.108479794670864,-0.137746228197343,0,0,0,-0.140696637137546,-0.0336975734493489,0.0562332820280253,0,0,0,0.0120960190101479,0,0.0409139506745903,0,0.0355622825430677,0,0,0,0,0,0,0,0,0,0,0,0,-0.101445170702274,0,-0.112378229731668,-0.00259093565050932,0,0,0,0,0,0,-0.0246325453577488,0.00773526198928663,0.081100028299904,-0.0603307002508001,-0.0713186140578711,0,0.0784174517772932,-0.010029673134156,-0.00571113297776029,0,0,0,-0.0324038082701413,0,0,0,0,0,0,-0.17353452645373,0,0.199536588053154,0,0,0,0
0,0,0,-0.0921808613242896,1.19713398789797,0,0,0,0.0594446126010825,-0.00696029489203704,0,-0.0370368413670774,0,0,0.0246073937849195,0,0.144514057855579,0,0,0,-0.0197232447696965,0,0,-0.25069541417988,0,0,0,0,0,-0.0648081685169234,0,0,0.0558831094301573,0.0329499752903421,0.070761059269981,0,0,-0.0692096528545578,0.00182996504083045,0,-0.036455911106394,0,0,0,0,0,0,0,0,0.0387626320304542,0,-0.0215671082531088,-0.102658664874001,-0.0130350653485993,0,0,0,0,0.0943921086290277,-0.0356560818026499,0,0,0,0,0,0,0,0,0,-0.135036299316251,0,0,0,0,0,0.033895668664865,0,0,0,0,0,0,0,0.0571269647387169,0,0.0777419166479703,0.0664095852540679,0.041263196954659,0,0,0,0,0,0,0.107245540077723,0,0,0,0,-0.14547939027621
0,0,0,0,0,1.12980290908927,0,0,0,0,-0.0498785148117457,0,0,0,0,0,0,0,0.160518384963421,0,0,0,0,0,0,0,-0.0922054740687463,0,0,0,-0.00152311657995574,0.0197402927706762,-0.00121337564857156,0,0,0,0,0,0.0786343363378423,0,0,0,-0.0731630667026099,0,0,-0.0385362821055567,0,0,0,-0.0850012552433361,-0.088759161726719,0,-0.123088217850048,0,0,0,-0.019553171258267,0,0,-0.024903161288175,0.106608151508807,0,0,0,0,0,0,0,0,-0.0760664969545355,0,-0.0427674466890783,0,0,0,0,0,-0.0630986483713696,0,-0.100162664156559,0,0,0,0,0,0,0,0,0,0.0165349982678564,0,0,-0.0470113712848899,0,-0.0658901063448604,-0.0320459456400006,0,0,0,0
0,-0.0387434551052237,0,0,0,0,1.09342499372712,0,0,0,-0.0288091303786961,0,0.0197789235666753,0,0,-0.0983242348491754,-0.0375209033776172,0,0,0,0,0,0,0.0220347850825614,0,0,-0.136249303435983,0,0,0,0,0,0,-0.0183890387188137,0,-0.0185196123141598,0,0,0,0,-0.11497280371472,0,-0.11238235230104,-0.0220414293574147,0,0,-0.0827494350577881,0,0,0.0419211299629836,0,-0.0164533141525264,0,0.0407883042175302,0,0.0158536185209336,0,0.082966238326203,0,0.0648128124757254,0,0,0,0,0.0112688406990384,0,0,0,0,0,0,-0.0067192896754793,0,0,0.0244652563299742,0,0,0,0,0,-0.0293133138159506,0,0,0,0,0,0,0.00734719527385845,0,0,0,0,0.0118097601455933,0,0,0,0,0,0,0
0,0,0,-0.0713386148620187,0,0,0,1.46764623345778,0,-0.00251806236521762,0,0,0,0,0.145115636703117,0,0,-0.0219831054113067,-0.0346184656235408,0,0.00493873261593718,0,0,0,0,0.00962794334903592,-0.0254166245130588,0.154685483802689,0,0,0,0,0,-0.00984580155022583,-0.0744663995758464,0.0464221291517801,0,0,0,0.0423911478911756,0,0,-0.0945656390633306,0.181328847286759,0,0,-0.069767186654285,0,0.0853194286519041,0,0,0,0.201011437949646,0.11753791646048,0,0,-0.0210355301161983,0,-0.199368445369333,0,0,0,0,0,0,-0.0778105892911986,0,-0.0199256570204344,0.073050194968731,0,0,-0.0602772807636113,0,-0.0175731874027105,0.00838250470298003,0,0,0,0,0,0,-0.103654685752416,0.0277045893482979,-0.0854241568058678,-0.149890781256637,0,-0.189811332561082,0,-0.239111054955448,-0.100635264679745,0,0,0.162326571431624,0,0,0.0923487879934791,0,0,0,0
0,0,0,0,0.0594446126010825,0,0,0,1.09614901607848,0,0,0.112434232405541,0,0.0407542059994315,0,0,-0.0149988520288829,0,0,-0.0945175634505661,0,0,-0.0161763725055656,0,0,0,0,0,0.0510027034216534,0,-0.00248385217394319,0,0,0,-0.0454232298212226,0.0646409295088754,0,0,0,0,0.0409825635629588,0,0,-0.0065133971160899,0,-0.00490089617451624,0,0.0127108607910148,0,0,0.0114177208521819,0,0,0,0,0,0,0,0,0.0502699175358509,0.0363347112502163,0,-0.0173570844128165,0,0,-0.0443389769932793,0,0,0,-0.0132817529624372,0,0,0,-0.0624700163481074,0,0.0551106221959509,0,0,0.0237356318888568,0,-0.0184153903208489,0,0,0,0,0,0.0199446236047167,0,0,0,0.196533480263276,0,0,-0.0571949695363855,0,-0.0264274234003138,0,0,-0.0175188227016131,0
0,0,0,0,-0.00696029489203704,0,0,-0.00251806236521762,0,1.15378596853898,0,0,0,0.0161353993831093,0,0,0.0182125634447665,0,0,-0.0258776472155213,0,0,0,0,0,0.0382599762437826,0,0,0,0,0,0,0,0,0,0,0,0.0115683234276784,-0.0288816675445831,0,0,0,0,-0.0441446340577362,-0.0295613870831089,0,0,-0.0481191516341429,0,0,0,0,0,0.0190895366320774,0,0,-0.0463089812502561,0,0,0,0,0,-0.000697612250014562,0,0.0294327516513262,0,-0.138890552495685,0,0,0,0,-0.241935133665775,0,0,0,0,0,-0.196744169215701,0,0.00703811943238444,0,0,0.0593622124317101,0.0449824908823661,-0.0224866715745331,0,0.12760613097456,0,0,0,0,0,0,0,0,0,0.104530304320433,0.0316574061057698,0,0
0,-0.102183695852608,0,0,0,-0.0498785148117457,-0.0288091303786961,0,0,0,1.34203626465508,0.030021362465251,0,0,-0.104982612712902,0,0.266387801758546,0,0,0,0.130620696243827,0,0,0.0466190273378563,0,-0.00255828922715655,0,0,0.0647217012206045,0,0,0,0,0,0.0567157841812308,0,0,0.133466617544664,0,0,0,-0.0395854215296736,0,0,0.00438715344733206,0.115560395119084,-0.0274405458554303,0,0,0,0.0961483543753195,0,0,0.0158595629786985,0,0,0,0,0,0,0,0,0,0,-0.069733914244482,0.153499878278105,-0.105603915448382,0,-0.0397702453665333,0,-0.0125506375131423,-0.0314627692117837,0.0972151686246913,0.164377155144568,-0.111284191623689,0.0185249555644814,0.0437997772278918,0,0.0937583574102958,0,0,0,0,0,0,0,0.0545773951455525,0,0.0519095892908864,0,0,0,0,0.0487085450678997,0,0,0.0674798518567791,0,0.102698772481365,0.185015489571815
0,0,0,0.167112174263133,-0.0370368413670774,0,0,0,0.112434232405541,0,0.030021362465251,1.29874490875931,0,0,0,0,0,0,0,0,0,0,0,0,0,0,0,0,0,0,0,0,0,0,0,0,0.162827966231494,0,0,0,0,0,0,0,0.0177100908282024,0.0420313092223946,0.180414671958997,0,0,-0.0428823537339704,-0.0697624332396385,-0.0443233984852467,0,0,-0.0189171632414847,-0.0215065044057193,0,0,0,0,0,-0.239396379052154,0,-0.0441840632362724,0,0,0.00727583733340132,0,-0.0535519840598176,0.0117207695457566,0.0984420253784659,0,-0.00850242073507266,0,0,0,-0.0552165616987103,-0.0904666534751115,0,0,-0.0404142750116443,0,0,0,0,0,0,0.0398921158214992,0,0,-0.167998415361101,-0.0954129546975807,0,0,0,-0.0200173723605339,0.00276665376260616,0,0,-0.172455527251345
0.0121496528965289,0,-0.117719170792191,0,0,0,0.0197789235666753,0,0,0,0,0,1.25241012959561,0,-0.122847859653511,0,0,0.199519155564104,0,-0.0443589363078468,0,0,0.0761000008987791,0,0,0,0,0,0,0,0,-0.0920750196373713,0.0518742921975085,0,0,0,0,0.114263381526042,0.0239626827079824,-0.0532791460405521,0,0.031682048587648,0.0440108612897377,0,-0.00537857262188324,0,0,-0.00652052049956208,-0.0670823200072621,0,-0.00252861099755611,0,0,0.0734711280752324,0,0.0150992261921701,0,-0.0642838960534114,0,-0.0675654457330762,0,-0.0140944237004778,0,0,-0.0122973275807373,0.00600016867671661,0,0,0,0,0,0.0654336491154503,-0.0981340315338226,0,0,0,-0.0248453501193398,-0.12344860621289,0,0.0862357921480766,0,0.0733893836119999,0,0,0,0,0,0,0,0,0,0,0,-0.118362344273951,0.0454850148054415,0,0.065109723032896,0.00515817772028931,-0.125554714281893,0
0,0.0321089643392719,0,0.181670865416107,0,0,0,0,0.0407542059994315,0.0161353993831093,0,0,0,1.2614735271371,0,0,0,0.0695803418795004,0.036372864861249,0,0,0,0.0810937671282333,0,0,0,0.070824325668524,0,0,0,0,0,0,0,0.0693891586089475,-0.177224402358149,0.044029660410224,0,0.245428245775532,0,0,0.0684810737031447,0,0,0.0816607174090526,0.10276463595469,-0.0176315263626799,0,-0.131465561645922,0,0,0,0,0,0,0.0898390758303282,-0.0514769166112011,0,0,0,0,0,0,0,0,0,0,0,0,0,0.0522058491656478,-0.0123517553823522,0,-0.0512807257316586,-0.0962550969918795,0,0,0.0428365855348587,0,-0.0125288107763855,0,0,0,0,0,0,0,0.125429445489881,0,0,0,0,0,0,0,0,-0.0222515528795928,-0.0858190675375593,0,0
0,0.17370000425198,-0.0260871084025512,0,0.0246073937849195,0,0,0.145115636703117,0,0,-0.104982612712902,0,-0.122847859653511,0,1.35172642325136,0,-0.0247020576677943,0,0,0,0,0,0,0,0,0,0,-0.124312561181141,0,0,0.0214184038197306,0,0,0,0,0.00521848614343928,0,0,0.0947547936425281,-0.00356326427515873,0,0,0.124097521444002,-0.118178613649923,0.0107366700983918,0,0,-0.122913063694514,0,0.0541659223576747,0.30844952673899,0,0.0491594171868463,0,0.10794202216691,0.0902626810835723,-0.0659244962932492,0,0,0,0,0,-0.0256581609974491,0,0,0,0.0886651029485087,0,0,0,0,0,0,0,0,-0.00405713928467566,0,0,0.104875172582568,0,0,0.0144919398905374,0,0,0,0.0656558894325486,0.0446086611904248,0,0.00968130226321204,0,0,0,0,-0.14593399719945,0,-0.0584178190514721,0.00274724914703061,0,0,0
0.0331192395319241,-0.134422166871175,-0.0499403111468414,-0.194268338059413,0,0,-0.0983242348491754,0,0,0,0,0,0,0,0,1.28480708725669,0,0,0,0.00821761601149847,0,0,0,0,0,0,0,0,0,-0.0383547351992467,0,0,0,0,0,0,0,0,0,0,0,-0.205787473241022,0,0,0,0,0,0,-0.0896723024925614,0.0100184158693148,0,0,0,0,-0.0282334872293151,0.0551980984732538,0.0495286602938739,-0.0105196985898082,0,0,0,0.0465339436011,0,0,0,0,0.0755173209049533,0.0410255565312466,0,-0.0183068714039315,-0.101778376785379,0,0,0,-0.0836553572994894,0,0,-0.184801811732503,0,0,0,0.0438446002897762,0,-0.0405764388020257,0.0372486141703306,0,-0.073454736074034,0,0,-0.00940418389492413,0,0,0,-0.120823142466401,0,0,0,0,0,-0.13438133360767
0,0,-0.000471316884020477,0,0.144514057855579,0,-0.0375209033776172,0,-0.0149988520288829,0.0182125634447665,0.266387801758546,0,0,0,-0.0247020576677943,0,1.37951554283514,0,-0.0902688106460393,0,0,0,0.249702211603216,0,0.0212233413211588,-0.0440138046103716,0,0,-0.0754885765546698,0,0,0,0.246845972659405,0,-0.172946616764579,-0.0436584975163254,0.0102995885853319,0,0,0,-0.038216928576184,0,-0.153045032101675,0,-0.0571033046201453,0,0,0.0671573973776283,0,0.0447108541433675,0,0.0681916797049208,0,0,0.0097087372229569,0.0190841534250597,0,0,0,0,0,0,-0.0055653393226405,0,0,0,-0.0520199590791001,0,0,0,0,0.000330392378655772,0,0,0,0,-0.0253940269975907,0,0,0,-0.00128879192767881,0,-0.0335999044714528,-0.0539966006922118,0.101380874099315,0,-0.0257034531619114,-0.0811722950184285,0,0.11746582576893,0,0,0.00122325615025019,0,-0.0795898567421067,0,0,0.0558714686755904,0,-0.182552176313476
0,0.116223548354147,0,-0.0298263822199851,0,0,0,-0.0219831054113067,0,0,0,0,0.199519155564104,0.0695803418795004,0,0,0,1.30993325641195,0,0,0,0,0,0,0,0,0,0,-0.0495905033877359,0,0,0,0,0,-0.0328659637422793,0,0,0,0,0,0,0,0,0,0,0,0,0,-0.0413437433026453,0,0,0,0,0,0,-0.0309555411453569,0.0212473367970873,0.0991507010197953,-0.00971613491551593,-0.0629762100336352,0.025507222832212,0.130847184100057,0,-0.0860840635662183,0,0,0,-0.148478908891992,0,0,-0.097546030973117,0,0,0,0,0,0,-0.0103734324988625,-0.0986963499791778,-0.0815158809780622,0,-0.0101041185682259,0,0,-0.33001089207956,0,0,0.0475289583548509,0,0,0,0,-0.0200562542349518,-0.0145541520179623,-0.0860433258942687,-0.0672772181470661,0,0.0227112363008915,0,0
-0.0410911503392404,0,0,0,0,0.160518384963421,0,-0.0346184656235408,0,0,0,0,0,0.036372864861249,0,0,-0.0902688106460393,0,1.22005886142565,0.0154803321847318,0,0,0,0,0,-0.0916464462504907,0,0,0,0.0395802896260339,-0.0063387434723947,0,0,0,-0.0947685910796787,0,0.171820382706934,-0.0869623755212157,0,0,0,0,0,0.0494233716406965,-0.0532831382017377,0.0287781366278305,0,0,0,0.041657353682134,0,0,0,0,0,0,0,0,-0.00712669964102736,0,0,0,0,0,0,0,-0.107225160988541,-0.190496544653655,0,0,0,0,-0.0158060216516457,0.13409707971566,-0.0142632116368533,0,0,0,-0.00827502827349608,0,0,0,0,0,0,0.0703327498760112,0,-0.0167915548101044,-0.0449585230226069,-0.0968919883830983,0.00336111853089035,0,0,0,0.0403811814747467,0,0,-0.082432502424927,-0.0665413766436257,0
0,0,0,0,0,0,0,0,-0.0945175634505661,-0.0258776472155213,0,0,-0.0443589363078468,0,0,0.00821761601149847,0,0,0.0154803321847318,1.15383548171946,0,0,0,0,0,0.0864852602253241,0,0,0,0,0,0,0,0,0,0,-0.0679294558698953,0,0,-0.0982411576815274,-0.112403926195328,0.0042731365321448,0.098629363755331,-0.00602247537093286,0,0,0,-0.13715603284436,0,0,0,0,0,-0.0166808719951546,0,0,0,-0.0788238148581015,0,0,-0.210215964618966,-0.104513547002715,-0.0104658272431549,0,0,0,0,0.000734628265018426,0,0,0,0,0,-0.0111379860484488,0,0,0,0,0,0,0,-0.0540585405270801,0,0,0,-0.0469297307478729,0,0,-0.0115276740169209,0,0,0,0.00465547747610504,-0.0159840011840522,0,0,0,0,0.00849482572189015,0
0.00950891258912865,0,-0.0201103166301526,0,-0.0197232447696965,0,0,0.00493873261593718,0,0,0.130620696243827,0,0,0,0,0,0,0,0,0,1.09073851900816,0,0,0,0.048423134493268,0.0784477726816489,0,0,-0.0028418061310521,0,0,0,0.0116692864197339,0,-0.0342264532389609,0,0,0,0,0,0,0,0,0,0,0,0,0.018667867052135,-0.101098965653968,0,0.0598780305351758,-0.00175681168089409,0,-0.050079084610256,0,0,0.0103457100825401,0,0,0,0,0,0,0,-0.00544979487366016,-0.01854267892649,0,-0.143897176571538,0,0,-0.0113920413122845,0.00930626278138048,0,0,0,0,0,-0.0559515167846895,-0.00567665131105663,0,0,0,-0.0956151363762547,0,0,-0.031338105197059,0,-0.028184542069213,0,0.00653812547265356,-0.0392345938603638,0.0636172216092993,0,0,-0.0135314460397552,0,0,0,0,0
0,-0.257610033523449,-0.124073936720248,0,0,0,0,0,0,0,0,0,0,0,0,0,0,0,0,0,0,1.25312926983705,0,0,0,0,0,0,0,0,0.0843894185707161,0,-0.142958170965084,0,0,0,0,0,0.138473530578496,0,-0.0802361359817284,0,-0.156002950628219,0,0,0,0,0,0,0,0,-0.0983460626216653,0,0,0,0,0.110010665869798,0,0,-0.0226066051558766,0,0,0,0,0,0,0,-0.0139618778179818,0,0,0,0,0,0,-0.158424571003768,0,0,0,-0.0170755614222939,0.160092246925151,0,0,0,-0.0439622913421457,0,0,0,0,0,-0.0897376043249266,0,0,0,0,0,0,0,-0.0277265217987903,0,0.0327989910113623
0,0,0,0,0,0,0,0,-0.0161763725055656,0,0,0,0.0761000008987791,0.0810937671282333,0,0,0.249702211603216,0,0,0,0,0,1.13468458394674,0,0,-0.0188249879291746,0,0,0,0.0173049267148965,-0.0641453018531145,0,0,0,-0.0624898218103065,0,0,0,0,0,0.106165516178185,0,0,0,0,0,0,0.0289131837615655,0,0,0.0349639523235309,0,0,0,0,0,0,0,0,0,0,0.00617917020144361,0,0,0,0,0.0399118496974364,0,0.0762546842406568,0,0,0,0,0,0,0,0,0,-0.0632587174144508,-0.00264251969813676,-0.094758883718043,-0.00116539546625254,0,0,-0.0423154602841472,0.0301632892117806,0,0,0,0,-0.132037394999925,-0.00256619741602834,0,0,0,-0.046296442338351,0,0,0,0
0,0,0,0,-0.25069541417988,0,0.0220347850825614,0,0,0,0.0466190273378563,0,0,0,0,0,0,0,0,0,0,0,0,1.19528690895255,0,-0.035707469016082,0,0,0,0,0,0,-0.000727016814273794,0,0,-0.0844649637172154,-0.0113075487171151,-0.0203689223694682,-0.0672408712733265,0,0,0,0,-0.101633333763695,-0.120597789009088,0,0,-0.0623568794037979,0.0466714906973936,0,0,0,0,-0.111293603572023,0.0351915185381323,0,0,0,0,0,-0.196093303896,-0.0289852025631738,0,0.026022040030115,0,0.0395317106638633,0,-0.0399325301456003,0,-0.0569016048574358,-0.032937406879495,0,0,0.033693170981288,0,0,0,0,0,0,0.0119816429031188,0,0.0880617671517837,0,0,0,0,0,0,-0.0123723489905271,0,0,-0.0475057461344481,0.063619243553263,0,0,0,0,0,-0.00325212308932436
0,0,0,-0.126201448008734,0,0,0,0,0,0,0,0,0,0,0,0,0.0212233413211588,0,0,0,0.048423134493268,0,0,0,1.23798255523375,0,-0.0734403060808926,0,0.0285120837240161,0.069131756681158,0,0.0711234345684125,-0.139676677268841,-0.242001773425642,0,0.0793692191501879,0,-0.0684847578053042,0.0219607278733631,0,0,-0.0877743099984923,0,0.0398540575769234,0.015129017153345,-0.00164127378741492,0.0292694385781732,0,0,-0.0651047801466285,0,0,0,0,0,-0.0401198894529962,0,0,0.0686155023881652,0,0,0,0,0,-0.10231027764438,-0.0678788910871288,0,0,0,0,0,0.0381892341782096,0,-0.0113021762848326,0,0,0,0,-0.0223005902536145,0,0,-0.0175614726945112,0,-0.0315132837653578,0.0821023032557225,0.142577999033456,0,0.0570877102926704,0,0,-0.0849863425169268,0,0,-0.0541912518754682,0,0,-0.0205143420910371,0.0455380839904626,0,0
0,0,0.0408199931654065,0,0,0,0,0.00962794334903592,0,0.0382599762437826,-0.00255828922715655,0,0,0,0,0,-0.0440138046103716,0,-0.0916464462504907,0.0864852602253241,0.0784477726816489,0,-0.0188249879291746,-0.035707469016082,0,1.12286149198577,0,0,0.0753433153553643,0,0,0,0,0,0,0,0.0398805369861408,0,0.00313324837664761,0,0,0.00937317288486353,-0.0678357415383091,0,0,0,0,0,0,0,0.0337943954882495,0,0,0,0,0,0,0.19957989033379,-0.0618296338044072,0,0.0204592207670522,0,0,0,0.0170153703763474,0.0345306944901287,0.00244737659798007,0,0,0,0,0.0280771970149863,0,0.0571862769504804,-0.0998793849514061,0,0.00856568230692352,0.00916222961762605,0,0,0,0,0,0,0.0777107701194195,0,0.0807294590350048,0,0.0101540948775441,0,0,-0.0867015872083663,-0.0519856468272374,0,0,0,0,0,0,0
0,-0.0337675438769919,0,-0.0315948859745816,0,-0.0922054740687463,-0.136249303435983,-0.0254166245130588,0,0,0,0,0,0.070824325668524,0,0,0,0,0,0,0,0,0,0,-0.0734403060808926,0,1.16929546630139,0,0,-0.0228990809681476,0,0,0,0,0,0,-0.0411067021704672,-0.0763095679880667,0,0,-0.0209797016553056,0,0,0,0,0,0,0,0,0,0,0,0,0,0.0616654445534748,0,0,0,0,0,0,0,0,0,0,0,0,0,0,0,0.0452469580470691,0,-0.131244933339432,0,0.140136931371548,0,0,-0.142492699597632,0,0,0,-0.131269221666726,0,-0.109523432483901,-0.0740896965123183,-0.0211576284961499,0,0.00915699041517018,-0.00357977045351732,-0.0806739441641527,0,0.00198807632913942,0,0,0,0,0,0,0,0
0.15520469322868,0,-0.0651375414263476,0,0,0,0,0.154685483802689,0,0,0,0,0,0,-0.124312561181141,0,0,0,0,0,0,0,0,0,0,0,0,1.18103751942491,-0.00354981303946366,-0.0989697372535825,-0.0203482581937894,0,0,0.00154749967077856,0,0,0,-0.00672897382745528,0,0,0,0,0,0.0303468248859756,0,0,0,0,0,0,0,0,0,0,0.0995632365751284,0,0,0,0,0,-0.0391060352728503,0,-0.0891832328929216,0,0,-0.0815536296302292,0,0.111044887073014,0,-0.0264022069508037,0.0618286343425465,0,-0.000662953855450202,-0.0221428177756275,0,0,0,-0.00809401645384873,0,0,0,0,0,0,0,0,0,0,0,0,-0.0755134440087603,0,0,0,0,-0.141957765591529,0.102766309711889,0,-0.0519493668772947,0
0,0,-0.0553004751317819,0,0,0,0,0,0.0510027034216534,0,0.0647217012206045,0,0,0,0,0,-0.0754885765546698,-0.0495905033877359,0,0,-0.0028418061310521,0,0,0,0.0285120837240161,0.0753433153553643,0,-0.00354981303946366,1.13299905828979,0,0,0,-0.0488662272357442,0,0.0244800560138331,-0.000743737350555261,0,-0.106989290403357,-0.0391803997924725,0,0,-0.119436148596147,-0.0813605346065997,0,0,0,0,0,0,0.0722432430882551,0,0,-0.0325624664733316,0.0582067725565457,0,-0.0788495693589611,0,0,0,0,-0.00607204137649138,0,0,-0.0370054463409532,0,-0.0507459068960995,0,0,0,0.0230495998611922,-0.132058150389543,0,0,0,0,0,-0.0111584330967733,-0.0246716026424185,-0.0236742382608208,0,0.0230617789502279,0.0638799184965766,-0.00665751362053681,0,-0.0456113143814346,0,0,0,0.0695378194157085,0,-0.0151810512323663,0,0,0,-0.014130861140081,0,0,0,0,0
0.42303582358686,-0.0753328035172602,0,0,-0.0648081685169234,0,0,0,0,0,0,0,0,0,0,-0.0383547351992467,0,0,0.0395802896260339,0,0,0,0.0173049267148965,0,0.069131756681158,0,-0.0228990809681476,-0.0989697372535825,0,1.43363077790636,-0.00987369790667435,-0.0634354025488334,0,0.0248628659332562,0,-0.0992446951177346,0,0,0,0,-0.0320756221723686,0.0659343738291359,0,0.0439141179859752,0,0,0,0,0,0,0,0,0,0,-0.0415102773826788,-0.076593673314051,0,0,-0.0554060244195325,-0.0473911456353937,-0.00945851320835226,0.150948295319139,0,0.0865098629462415,-0.165301047542047,-0.00501977073759546,-0.0864418611612831,0,-0.0309887623113301,-0.0343138712022252,0,-0.212083751414218,0.0640210990605415,-0.0308407011160107,0,0,-0.0487517131635753,0,0,0,0.0924653188662947,0,-0.193819563782613,-0.0713317460244949,0,0,0,0.0529532787539843,0,0.019745562132432,0.239726917499579,0,0,0,0,0,0,-0.0449067081149792,0,0
0,0.076474762348946,-0.0517267061153077,-0.0261285747570703,0,-0.00152311657995574,0,0,-0.00248385217394319,0,0,0,0,0,0.0214184038197306,0,0,0,-0.0063387434723947,0,0,0.0843894185707161,-0.0641453018531145,0,0,0,0,-0.0203482581937894,0,-0.00987369790667435,1.11300993903671,0,0,0.0620474956302319,0,0,0,-0.023030971208154,0,0,0,0,0.00661334185035303,0,0,0,0,0,0,0.12399904172814,-0.0139564274592925,0.000976802714200623,-0.109795777953932,0,0,0.0204894971510982,0,0.0141053282310737,-0.0845960204338778,0,0,0.133000388327525,0,0,0,0,0,0,0.0140557501148755,0,0,0,-0.00717135637195553,-0.11124783883573,0,0,0,0,0,0,0,0,0,0,-0.025333189328892,0,0,0,0,-0.144581865033225,0,-0.0337800605615526,0,0,0.0207727772494981,0,0,0,0,0
0,0,0,0.0306030313524066,0,0.0197402927706762,0,0,0,0,0,0,-0.0920750196373713,0,0,0,0,0,0,0,0,0,0,0,0.0711234345684125,0,0,0,0,-0.0634354025488334,0,1.16655941543545,0,0,0,0,0,0,-0.0825194730877654,0,0,0,0.0360221134955996,0,-0.0207333900449088,0,0,0,0,0.0432236965339184,0,0,-0.0489955623621765,0,0,-0.0234127194312073,0.0574984571165294,0,-0.0201506558772668,0,-0.0265611387678002,0,0,0.117224657225978,0,0.0229138943508168,0,-0.010813502145534,-0.119257063715415,0,0,0,0,0.204948326494968,0,0,-0.116945084944557,-0.0491606277916035,0,0.0474540509976213,0,0.078133613747429,0,0,-0.0167158830529917,0,0,0,0,0,0,0,-0.0136203074511744,0,0,-0.109551461287278,0.0342488720633943,0,-0.0347656890240681,0
-0.0758711043108661,-0.178763955193168,0,0.106525369326757,0.0558831094301573,-0.00121337564857156,0,0,0,0,0,0,0.0518742921975085,0,0,0,0.246845972659405,0,0,0,0.0116692864197339,-0.142958170965084,0,-0.000727016814273794,-0.139676677268841,0,0,0,-0.0488662272357442,0,0,0,1.31772995621573,-0.0691837558497908,0,0,0,-0.0241859676108518,0,0,0,-0.0645772240684256,0,0,0,0,0,0,0,0,-0.207081709086523,0,-0.0428797548536817,0,0.0180094475824279,0,0,0.128715259640394,0,-0.0726368012348121,0,0,0,0,0,0,0,-0.0110567933351925,0,0,0,-0.0188469666834162,0,0,0,0,0.127992673394637,0.0148643109076243,-0.00944837172611169,-0.00263972890266644,0.0725613678392108,-0.0771237033866168,0.0468814371334815,-0.0968351078358774,-0.0479056519515863,0,0,0.053641755550699,-0.00684626360975779,0,0,0,0,0,0,0,0,0,0.00868090629922004,0
0,0,0.276972351413345,0,0.0329499752903421,0,-0.0183890387188137,-0.00984580155022583,0,0,0,0,0,0,0,0,0,0,0,0,0,0,0,0,-0.242001773425642,0,0,0.00154749967077856,0,0.0248628659332562,0.0620474956302319,0,-0.0691837558497908,1.37715890910089,0,0,0.0162145135673361,0,0,0.155161665562746,0,-0.0395071925981386,0,0,0.0137673680851933,0,0,-0.167328957563634,-0.090846760228347,0.0323275688588495,-0.068288529443456,0.0511122158300977,0.0356311553239281,0.044471485575302,0,0,0,0,0,0,0,0,-0.116503540417739,0.0840911247511695,0.0690475230720193,0,0,-0.18325320063094,0.0545267335755977,0,0,0.0247211011928698,0.0264864533165001,0.013011253671363,0,0,0,0,-0.111102117262867,0,0.0123249940350556,0.0731810552857946,0,0,0,0,-0.163092905555928,0.166411717356679,0,0.00940767834543151,0,0.0419779854057174,0,0,0,0,0,0.118822430870311,-0.0018465175103293,0
0,0.00424027756773732,0,0,0.070761059269981,0,0,-0.0744663995758464,-0.0454232298212226,0,0.0567157841812308,0,0,0.0693891586089475,0,0,-0.172946616764579,-0.0328659637422793,-0.0947685910796787,0,-0.0342264532389609,0,-0.0624898218103065,0,0,0,0,0,0.0244800560138331,0,0,0,0,0,1.43332790222828,0,0,0,0.303717063081672,0,0,0,0,0,-0.137274686387927,0,0,0,0,0,0.0379758985614183,0,0,0,0,0.124525738165557,0.0300534363556441,0,-0.0829626904833963,-0.00507376475331991,-0.167021497930299,0.0650573907080789,0,-0.10601516762071,0,-0.0713116835556871,0,-0.0439659189220333,-0.00959801364370351,0,0,0.00154938643131206,-0.0168080408899379,0.353514413809003,0.246169590940821,0,0,0,0,-0.101020579248534,-0.0252966701870207,0,0,-0.0583406389738501,0,0,0.0233689392642202,0,0,0,0,0,0,0,0,0,0,0,0,0
0,0,0,-0.0718385838068831,0,0,-0.0185196123141598,0.0464221291517801,0.0646409295088754,0,0,0,0,-0.177224402358149,0.00521848614343928,0,-0.0436584975163254,0,0,0,0,0,0,-0.0844649637172154,0.0793692191501879,0,0,0,-0.000743737350555261,-0.0992446951177346,0,0,0,0,0,1.14597874389174,-0.10718332476135,0,0,0,0,0,0,0,0,0.0512622415012406,0,-0.0338924074514071,-0.093120313757811,0,0,0.0365117604345407,0,0,0,0,-0.0324302862185842,0,0,0,0,0,0,0,0,0.00281255122762736,-0.0721391812715457,-0.05877170192534,-0.127587482671024,0.0762887482030796,0,0,0.0473860677644122,0,0,0.0378586295178865,-0.0544573939477125,0,0,0,0,0,0,0,0.0376443913442876,0,0,0,0.0679446394151718,0.0179531949348979,0,0.0398580508027702,0,0,0,0.100199870381297,-0.0234173998185498,-0.00134701696027149,0,0
0.0181569798706319,-0.100561764580764,0,-0.108479794670864,0,0,0,0,0,0,0,0.162827966231494,0,0.044029660410224,0,0,0.0102995885853319,0,0.171820382706934,-0.0679294558698953,0,0,0,-0.0113075487171151,0,0.0398805369861408,-0.0411067021704672,0,0,0,0,0,0,0.0162145135673361,0,-0.10718332476135,1.2856143384125,0,-0.197516679723737,0,0,-0.00370367155875042,-0.054689040359702,0,-0.107228343468526,-0.00952890231243417,0.00659738934144489,0,0,0,0,0,0,-0.109955907360401,0.116984202643013,0,0,0,0,0,0,0,0,0.0676784043830803,0,0,0,0.13632894412881,0,0,0,0,0.0419847055167207,0,0.0109206688977505,0,0.0548139667259623,0,0,0,0,-0.0262394079681198,0,0,0,0,0.0411073149083803,-0.178443547226168,0,0,0,0,-0.0676793292274936,-0.0505302144413986,0,0.012380344055336,0,0,0,0.0529078326670009
-0.0298422611272954,0,-0.0759721824043653,-0.137746228197343,-0.0692096528545578,0,0,0,0,0.0115683234276784,0.133466617544664,0,0.114263381526042,0,0,0,0,0,-0.0869623755212157,0,0,0,0,-0.0203689223694682,-0.0684847578053042,0,-0.0763095679880667,-0.00672897382745528,-0.106989290403357,0,-0.023030971208154,0,-0.0241859676108518,0,0,0,0,1.19181811603421,0,0,0,0,-0.00157368209169325,0,0.157042030633909,0,0,0,-0.0779073235779296,0,-0.0540409851470252,0,0,0,0,0,0.0162841009860937,0,-0.000871874735030209,0,0,0,0,0,0,0,0,0,0,0,0,0,-0.123112926438481,0,-0.0686295489923448,-0.011622103537809,0,-0.00703642487513014,0,-0.043956698893271,0.00819891460850035,-0.0214121637383249,-0.0183913714948939,0,-0.112250696822121,0,0,0.0145275564708097,0,-0.0181295754653343,0,0,0,0,0,0,0,0,0,-0.02956941478414
-0.0564346136355046,0,0.0651700584763951,0,0.00182996504083045,0.0786343363378423,0,0,0,-0.0288816675445831,0,0,0.0239626827079824,0.245428245775532,0.0947547936425281,0,0,0,0,0,0,0.138473530578496,0,-0.0672408712733265,0.0219607278733631,0.00313324837664761,0,0,-0.0391803997924725,0,0,-0.0825194730877654,0,0,0.303717063081672,0,-0.197516679723737,0,1.53610350861512,0,-0.0987050213892471,0,0,-0.209929441786858,0,0,0,0.104692526727192,0.322610495284613,0,0,0,0.0450663473482333,0,0.0178581239618251,-0.148619139516244,0.0232362928818791,0,0,0.0485927823310678,0,0,-0.192177149063466,0.143674710213519,0,-0.112152215449729,-0.00158735477791541,0,0,0,0,-0.0450560255792764,0,0,0,0,0,-0.0831351341871307,0,0.0851441940391522,0,0,0,0,0,-0.0381144491664652,-0.0562546981248255,0,0,-0.00161536696087808,0,0,0,0,-0.0980205632241985,0,0,-0.0636853306169765,0,0
0,0,0,0,0,0,0,0.0423911478911756,0,0,0,0,-0.0532791460405521,0,-0.00356326427515873,0,0,0,0,-0.0982411576815274,0,0,0,0,0,0,0,0,0,0,0,0,0,0.155161665562746,0,0,0,0,0,1.19164080600555,0,0,0.104435027995733,0,0,0.118178005225382,0,0,0.190391614519777,-0.0299110697863161,0,0,-0.00491400110008164,0,0,-0.19644880818686,0,0,0,-0.0641283253968147,0,-0.0354288600554781,0,0,-0.0500511303456315,0,0,0,-0.164356098484528,0,0,0,-0.00656410739930859,-0.052552455450914,-0.0780820521396715,-0.0220145722609449,0,-0.0357374409454813,0,0,0,0,0,0,-0.0988208344912039,0,0,0,-0.0936060871044662,0,0,0,-0.0295994188038226,-0.0344942100402162,0,0,0,-0.0172188340778099,-0.0176872705879456,0
0,0,0,0,-0.036455911106394,0,-0.11497280371472,0,0.0409825635629588,0,0,0,0,0,0,0,-0.038216928576184,0,0,-0.112403926195328,0,-0.0802361359817284,0.106165516178185,0,0,0,-0.0209797016553056,0,0,-0.0320756221723686,0,0,0,0,0,0,0,0,-0.0987050213892471,0,1.2299615068142,0,-0.0077707483757142,0,0,-0.118259211205712,0,0,0,0,0,-0.00982434338952594,0,0,0,0,0,0,0.0499612331200132,0,0,0,0,0,-0.0163073764191169,0,0,0,0,0,-0.217516994621565,0,0,-0.143892713387868,0,0,0,0.151454486516286,-0.0991303732616605,0,-0.0474041876741437,0,0,0,0,-0.0156629680479362,-0.0545324665525024,0,-0.130593750911939,-0.103328174320857,0,0,0,0,-0.145958836401057,-0.0363150461173021,0,0,0,0
0,-0.123117010760174,-0.0555984704511618,-0.140696637137546,0,0,0,0,0,0,-0.0395854215296736,0,0.031682048587648,0.0684810737031447,0,-0.205787473241022,0,0,0,0.0042731365321448,0,0,0,0,-0.0877743099984923,0.00937317288486353,0,0,-0.119436148596147,0.0659343738291359,0,0,-0.0645772240684256,-0.0395071925981386,0,0,-0.00370367155875042,0,0,0,0,1.28742511686898,0,0,0,-0.0320586929709428,0,0,-0.0729060689010533,0,0,0,0,0,0,0,0.00438690493156031,0,0.0840685842096649,0,0,0,0,-0.0891827807177714,-0.0353908030271628,0,-0.0245712043316366,0,0,0,0,-0.198873026157848,-0.0528372126566841,0,-0.0282418699361426,0,0,0,0,0,0,0.0623044473406953,0,-0.05438358182843,0,0,0,0,0.0320726828499135,0.109287523646495,-0.0377320019789044,0,-0.0435255199419051,0.0986784479805772,-0.0839090862650178,0.136083710063817,0,0,-0.058091893403448,0
0,-0.0868758558837971,0,-0.0336975734493489,0,-0.0731630667026099,-0.11238235230104,-0.0945656390633306,0,0,0,0,0.0440108612897377,0,0.124097521444002,0,-0.153045032101675,0,0,0.098629363755331,0,-0.156002950628219,0,0,0,-0.0678357415383091,0,0,-0.0813605346065997,0,0.00661334185035303,0.0360221134955996,0,0,0,0,-0.054689040359702,-0.00157368209169325,0,0.104435027995733,-0.0077707483757142,0,1.25209949973608,0.0418229772201935,-0.0362947540973686,-0.113985855169269,0,0,0,0,0,0,0,0,0,0,-0.082319999959779,0,0,0,0,-0.149536824158044,-0.0782204849029996,0,0,0,0,0,-0.0708039326836696,0,0,0,0,0,0,0,0,0,0,0,0,-0.15213342995483,-0.0404185206964109,-0.0405217085441288,0,0,0,0,0,0,0,0,-0.0936832265890935,0,0,0,0,0,0,-0.0294033490060763
0,-0.0422111967698849,-0.121163262646286,0.0562332820280253,0,0,-0.0220414293574147,0.181328847286759,-0.0065133971160899,-0.0441446340577362,0,0,0,0,-0.118178613649923,0,0,0,0.0494233716406965,-0.00602247537093286,0,0,0,-0.101633333763695,0.0398540575769234,0,0,0.0303468248859756,0,0.0439141179859752,0,0,0,0,0,0,0,0,-0.209929441786858,0,0,0,0.0418229772201935,1.17292849933067,0.0632397077123701,0,0,0,0,0.0577067378425297,0,0,0,0,0,0.0353480719677458,0.0215280326246415,0,0,0,0,0,0,0,0.084615151111503,0,0,0,0,0,0.0135301168221078,0,-0.0336767576695701,0,-0.0303717064131067,-0.0471397870209027,-0.0250740976652241,0,0.122412390480626,0,0,0,0,0,-0.0713140705327481,0,0,0,0,0,0,-0.0306880501427218,0,0.0102634758966161,-0.0136137652285217,0,0,0,0,0
0,0,0,0,0,0,0,0,0,-0.0295613870831089,0.00438715344733206,0.0177100908282024,-0.00537857262188324,0.0816607174090526,0.0107366700983918,0,-0.0571033046201453,0,-0.0532831382017377,0,0,0,0,-0.120597789009088,0.015129017153345,0,0,0,0,0,0,-0.0207333900449088,0,0.0137673680851933,-0.137274686387927,0,-0.107228343468526,0.157042030633909,0,0,0,0,-0.0362947540973686,0.0632397077123701,1.19267268425733,0,0.0399169733051449,0,0.0122684774218606,0,0.0181855892881144,0,0,0,0,0,0.00876172604786042,-0.112011540572364,0,0,-0.0210285270552701,0,-0.0137034133200686,0,0,0.00853323314302737,-0.0330636423878726,0,0,0,0,0,0.00538334921313254,0,0.0463410689208243,0,0,0,0,0.0529748216785139,0.0119048439515717,0,0,0,-0.169876139999026,0,0,-0.103666997660345,0.031805624470655,0,0.0912335032508158,0.026169861210126,-0.0171952355606077,-0.0189134815394497,0.105114537586682,-0.021078857567319,0,0,-0.0704269902608214,-0.0153755611012553
0,0,-0.0821953936299177,0,0,-0.0385362821055567,0,0,-0.00490089617451624,0,0.115560395119084,0.0420313092223946,0,0.10276463595469,0,0,0,0,0.0287781366278305,0,0,0,0,0,-0.00164127378741492,0,0,0,0,0,0,0,0,0,0,0.0512622415012406,-0.00952890231243417,0,0,0.118178005225382,-0.118259211205712,-0.0320586929709428,-0.113985855169269,0,0,1.18931339929115,0,-0.0683659883062114,-0.145476896528542,0,0,0,0,0,0.0898493871280983,0,0,0,0,0,0,0,0,0,0,0,0.0180410750212875,0,0,0,0,0,0,0.0221511323726541,-0.0512710586108684,0,-0.0388017927806426,0,0,-0.00152450907360712,0,0,-0.177365536640431,0.0333642078223366,0,0,0,-0.128005669362217,0,0.0119310637015417,0,0,-0.0354208491883149,0,-0.037331715349964,-0.0128694389917759,-0.0465705847831286,0,0,0
-0.0506057059975702,0,0,0,0,0,-0.0827494350577881,-0.069767186654285,0,0,-0.0274405458554303,0.180414671958997,0,-0.0176315263626799,0,0,0,0,0,0,0,0,0,0,0.0292694385781732,0,0,0,0,0,0,0,0,0,0,0,0.00659738934144489,0,0,0,0,0,0,0,0.0399169733051449,0,1.14441337264651,0.0504328716025451,0,0.00128291693119435,0,0,0.0378865191785369,0,-0.0537601673807441,0,0.0380125801435627,0,0,0.033309296244492,-0.200921418874546,0.0402251688927337,0,0,0,0,0,-0.0220974620809178,0.0115988216347345,0,0,0,-0.00482079755611953,0,0,0.00814927343468227,-0.135767021875428,0,0,-0.147943091133868,0,0,0,0,-0.0308845484542305,0,0,0,0,0,0,0,0,0,0,0.0357777723485621,0.0424328640112473,0,0,0
0,0,0,0.0120960190101479,0,0,0,0,0.0127108607910148,-0.0481191516341429,0,0,-0.00652052049956208,0,-0.122913063694514,0,0.0671573973776283,0,0,-0.13715603284436,0.018667867052135,0,0.0289131837615655,-0.0623568794037979,0,0,0,0,0,0,0,0,0,-0.167328957563634,0,-0.0338924074514071,0,0,0.104692526727192,0,0,0,0,0,0,-0.0683659883062114,0.0504328716025451,1.24879278997315,0,0,0,-0.0673971558987746,-0.00304817974541586,0,0,0,-0.0118066080148367,-0.00860864492452254,0,-0.001389588423583,0,-0.375333777397335,0,0,0,0.0236911490752978,0,0,0,0,0,0,0,0,0,0,0,-0.0275857602568524,0,0,0,0,0,0,0,0,0,0,0,0,0.019897603492801,0,0,0,0,0,0,-0.0922899000443514,-0.00901620842768969,-0.0745173408920505
0.0780498074588198,0,0,0,0,0,0,0.0853194286519041,0,0,0,0,-0.0670823200072621,-0.131465561645922,0,-0.0896723024925614,0,-0.0413437433026453,0,0,-0.101098965653968,0,0,0.0466714906973936,0,0,0,0,0,0,0,0,0,-0.090846760228347,0,-0.093120313757811,0,-0.0779073235779296,0.322610495284613,0.190391614519777,0,-0.0729060689010533,0,0,0.0122684774218606,-0.145476896528542,0,0,1.55900053260346,0,0,-0.190347629343298,0,0.145172256667282,0,0,0,0,0.109480739491556,0,0,0,0,0,-0.107651972251967,0,0,0,-0.0653247853513559,0,0,0.0233918298729757,0,0.0548964454451035,-0.205643851445401,0,0,-0.267127156885154,0,-0.121439130749713,0,0,-0.136806403701293,0,0,0,0.0177898148451719,-0.117489966257166,0,0,0,0,0,-0.0906500483517662,0,-0.067530223573251,0.00832931055999228,0.0254875225753636,0,0
0,0,0,0.0409139506745903,0.0387626320304542,-0.0850012552433361,0.0419211299629836,0,0,0,0,-0.0428823537339704,0,0,0.0541659223576747,0.0100184158693148,0.0447108541433675,0,0.041657353682134,0,0,0,0,0,-0.0651047801466285,0,0,0,0.0722432430882551,0,0.12399904172814,0.0432236965339184,0,0.0323275688588495,0,0,0,0,0,-0.0299110697863161,0,0,0,0.0577067378425297,0,0,0.00128291693119435,0,0,1.09401002532783,0.0298074605831236,0.05737889661618,0,0,0,0,-0.0160546845592611,0,0,0,0,0,0,-0.076023808028668,0,0,0,0,-0.00875919857392558,0,0,0,0,-0.0112202034812557,0,0,0,-0.00641491631554261,0,0,-0.124498938115346,0,0,0.0354544232607143,0,0,0,0,-0.0232101239797465,0,0.0937218813818466,0,0,-0.0552589412907127,0,0.0537008465092395,0,0,0,0
0.0873359359060285,0,0,0,0,-0.088759161726719,0,0,0.0114177208521819,0,0.0961483543753195,-0.0697624332396385,-0.00252861099755611,0,0.30844952673899,0,0,0,0,0,0.0598780305351758,0,0.0349639523235309,0,0,0.0337943954882495,0,0,0,0,-0.0139564274592925,0,-0.207081709086523,-0.068288529443456,0.0379758985614183,0,0,-0.0540409851470252,0,0,0,0,0,0,0.0181855892881144,0,0,0,0,0.0298074605831236,1.23539131960808,0,0,0,0,0,-0.00956477192234518,0.101155917308146,0,0,0,-0.060565740357646,0,0,0.0850307350381958,0,-0.0673897437091978,0,0,0.0502821090651309,0,0,0,0,0,-0.055354705500429,0,0,0,0,0.0108466569183495,0,0,0,0.0619847514635002,0,0,0,0,-0.0866977129368587,0,0.111548171730447,0,0,0,0,0,0,0,0
0,0,0.0110120428037358,0.0355622825430677,-0.0215671082531088,0,-0.0164533141525264,0,0,0,0,-0.0443233984852467,0,0,0,0,0.0681916797049208,0,0,0,-0.00175681168089409,-0.0983460626216653,0,0,0,0,0,0,0,0,0.000976802714200623,0,0,0.0511122158300977,0,0.0365117604345407,0,0,0,0,-0.00982434338952594,0,0,0,0,0,0,-0.0673971558987746,-0.190347629343298,0.05737889661618,0,1.17573429054248,0,0,0,0,0,0,0.0591760638922983,0,0,-0.000462758378199287,0.0564788141293588,0,0,0,0,0.0538777159514016,0,0,0,0.0135401036439805,0,0.090743665116655,-0.225756556856947,0.00117491414170316,0,-0.0159257373389898,0,0,0,0,0.0034451726765837,0,0,0,0,0,0,0,0,-0.0962165367969658,0,0,0,0,0,-0.0574581870847821,0,-0.0808360236900241
