"X1","X2","X3","X4","X5","X6","X7","X8","X9","X10","X11","X12","X13","X14","X15","X16","X17","X18","X19","X20","X21","X22","X23","X24","X25","X26","X27","X28","X29","X30","X31","X32","X33","X34","X35","X36","X37","X38","X39","X40","X41","X42","X43","X44","X45","X46","X47","X48","X49","X50","X51","X52","X53","X54","X55","X56","X57","X58","X59","X60","X61","X62","X63","X64","X65","X66","X67","X68","X69","X70","X71","X72","X73","X74","X75","X76","X77","X78","X79","X80","X81","X82","X83","X84","X85","X86","X87","X88","X89","X90","X91","X92","X93","X94","X95","X96","X97","X98","X99","X100"
1.21301533662496,-0.050073979802665,0,0,0,0,0,0,-0.0410864443079631,0,0.122545187960849,-0.000803469885542505,0,0.0565656919497255,0,0,0,-0.0116012672897437,0,0,0,0,0,0,-0.165639645151547,0,0,0,0,0,0,-0.0529526801736383,0,0,-0.0606247262957124,-0.0377846134453743,0.0913227379893851,0,0,-0.041420967202242,0,0,0,0,0,0,0,-0.0157254020168549,0,0,0,0,0,0,0,0,0,0,-0.007171027186992,0,0,0.039851352207741,0,-0.116736960001548,-0.0081357239107935,0,0,0,0,0,0,0,0,0,0,0,0,0,-0.0535284251438602,0,0,0,0.100030036541928,0,0,0,0,0,0,-0.125751074575358,-0.121286475640717,-0.0314965978963999,-0.0581794330167682,0.00126410224294358,0,-0.0480154392556144,-0.218887976093031,0,-0.0179995386544481,0
-0.050073979802665,1.13080872392978,0.0736700763424225,0,0,0,0,0.0269414435897756,0,0,0,0.000821513794836342,0,-0.0583765181864301,0,0,0,0,0,0,0.13029300555074,0.0318387652408775,0,0.0736314223150832,0,0,0,0,-0.0134806271247209,-0.00797794081523655,0,-0.0452235000880876,-0.154251266526525,0,0,-0.0268709641542289,0,0,0,0,0,0,0,0,-0.11290853172689,0,-0.0148265594924892,0,0,0,0,-0.0103257650764854,-0.0463617000861899,0,0,-0.080313453632807,0,0,0,0,0,0,0,0,0,0,0.0728547714435595,0,0,-0.0299819087885726,0,0,0,0,0,0.0170605913236075,0,0,0,0,0,0,0,0.0256475907133901,0,0,0,0.106044816692002,0,-0.0537498743212173,0,-0.00191297784314779,0,0.0488317467378145,0,-0.0341807893689766,-0.1387405733363,0,0,0
0,0.0736700763424225,1.83237711166294,0.0920220555138902,-0.0113457808729338,0,0,-0.185317523513244,-0.0172459807203695,-0.0461469392139116,0,-0.0193226601544439,-0.0298339013920062,0,-0.0372356967595036,0,-0.0342626713066442,0,0.0814216920509972,0,-0.12166185992182,0,-0.00831571422340806,0,-0.0486478310980328,0,0,0,0.0619561091127137,0,0,-0.215116838438537,0,0,-0.215547028197238,0,0,0,-0.0340896740407689,0,0,0,-0.213925990752389,0,-0.231285797490624,0,0,0,-0.148167775742566,-0.179992136030009,-0.0884711902351909,0,0,0,0,-0.0281731732499432,0,0.00895157550123381,0,0,0,0,0,-0.0187298903352794,-0.00311322944917342,0,-0.055128409147622,-0.103973437922054,-0.135719710571608,-0.0976725106964046,0,-0.176811936728655,0,-0.0789667846943436,-0.0826482303294239,0,-0.0727606529484742,-0.0729574975361826,-0.0780626724290635,0,0,-0.0524421117643082,0,0,-0.340334273819514,0,0,-0.0796711075825675,0,0,0.0736124930689561,0,0,0,0,-0.0666533509614645,-0.033663660738895,0,0,-0.0583837003639575
0,0,0.0920220555138902,1.21531915620809,0,0.0468071119191969,0,0.00128289831979628,0,0,0,0,0,0,0,0,-0.0170506707426025,0,0,0,0,0,0,-0.0070207398636718,0,0,0,0,0,0,-0.033249771950746,0,0,0.0111243857334839,-0.127253555880777,0,0,-0.00274918718704083,0,-0.145906169982222,-0.0767263549507376,0,0,0,0,0,0,0,0,0,0.0228109037051908,0,0.114766166284476,0,0,0.0659337740258476,0,0,-0.0337386962161259,0,0.0409623568835673,-0.0409662502831382,0,0,0,0,0,-0.0906281140095619,0,-0.000144644569072913,0,0,0,0,0,0,0.138798212279703,0,0,0,-0.140121581777918,0,0,0,0.0690661765579166,0,0,0,0.0523283501133133,0,0,0,0.157661720579217,0,0,-0.102616601843105,0,-0.14504325018487,0,0
0,0,-0.0113457808729338,0,1.1896834336595,0,0,-0.0441446387204081,-0.0318605376047928,0,0,0,0,0,-0.0694292659218059,0,0,-0.0555384876294777,0,0,0,0,0,0,0,-0.030330442766915,0,0,0,0.0934646323943703,0,-0.0384582460620587,0,0,0,0.00699173110603281,0,0,0.0504815353755829,0,0,-0.0102116725086758,0,0,0,-0.061369980205061,0,0,-0.0548727500970536,0,0.136571504733251,0,-0.018489893001739,0,0,-0.0422424072847823,0,0,0,0,-0.0613292519032278,-0.00222804029239459,0,0,0.112781497940893,0,-0.00957038774441841,0,0,0,0.061182585094014,0,-0.0200608913740745,-0.20661060430502,-0.0782374041829342,0,0,0,0,0,0,0,0,0.0134420572138063,-0.124463589533313,-0.0196703491583381,0.139631080797723,0,0,0,0,0,0,0,0,0,0,0,0,0
0,0,0,0.0468071119191969,0,1.21196869390718,0,0,0,0,0,0,0,0,0,0,-0.108757319159336,0,-0.0787474871636865,0,-0.144830847558918,0,-0.0558528352918968,-0.0697995915275872,0,0.021231318266275,-0.085322651453436,0,0,-0.116984039845011,-0.0207868364377303,0,0,-0.0388122526018181,0,-0.122152310273007,-0.131348825026504,8.10052102607224e-05,0,0.0830719731534917,0,0.0167650400338343,0,0,0,0,0,0,-0.0378347807073682,0,0,0.0283274451342641,0,-0.0970293340357985,0,0.0616519798136355,0,0,0,0,0,0.0262382034354348,0,0,0,-0.0915950072981397,0.0260857897727313,0.0359665354835512,-0.0287587616229093,0,0,0,-0.0328560660492795,0,0.0548060576985187,0.0412029997847785,-0.0464292712954297,-0.0296155129975315,0,0,0,0.022886207344299,0,0,0,-0.0583870073840067,0,0.132057399112498,0,0,0,0,-0.125736269454852,0,0,0,0,0,0,0
0,0,0,0,0,0,1.30045989108263,0,0.0482879399138047,-0.0722112289097998,0.275136406934784,0,0,0,0,0,0,-0.00337203583742982,0.0848272962106899,0,-0.214434661613158,0,0,0,0,0.000580947056106611,0.119196467984096,0,0.0162536446907968,0,0,0.00907455785801881,-0.107560219591654,0,0,0,-0.0140843755814883,0,0,0,0,0,0,0,0,0,-0.0112411612187444,0,0.0890745132310019,0,0,0,0,0,0,0,0,0,-0.256275245129478,0.00198291056867885,0,-0.00304726470544929,0,0,-0.018318308205899,0,0.0951795343834865,0,0,-0.00539814998067494,0,0,-0.0834196534906027,0.0417284822714963,0,0,0,0,0,0,0.0215374834242027,0,0.0434174219858145,0,0,0,0,0.105133887240134,0.0163172853053205,-0.0522489957910783,0,0.0252741956571372,0,0,0,0.0103126321921017,0,0,0,0
0,0.0269414435897756,-0.185317523513244,0.00128289831979628,-0.0441446387204081,0,0,1.49128746782,0,0,0,0,0,0,0,0,0,-0.00560533953031023,0.0116633126020863,0,-0.0252639051136034,0,0,0,0,0.138144631711461,0,0,0.104547557437854,0,0,-0.0222933758666737,0.10194744700441,-0.0766196780797981,0.0399227100046409,0,0,0,0,0.287991136546283,0,0,0,0,0.0157378699170271,0,-0.0507808610837794,0.0466076764759872,-0.292278967350846,-0.00815779047201,0,-0.0677616445094946,0,-0.0515060751766168,-0.0981722137178513,0,0,0,0,0,0,-0.137676866175753,0.0859524811772198,0,0.0698947462796403,0,0.169780104163919,0,-0.186316004626506,-0.0652539190473426,-0.0242854250103589,0,0,0,0,0.0187839105388125,0,0,-0.028054008496183,-0.0053729293991174,0,0.0154630892694938,0,0,-0.107328669105965,0,0,0,0,0.0845384144772214,0,0,0,0,0.132315267479723,0,0,0,0,0
-0.0410864443079631,0,-0.0172459807203695,0,-0.0318605376047928,0,0.0482879399138047,0,1.17466558223037,0,0,0,0,0.0053589173209752,0,0,0,0,-0.140311268124308,0,0,0,0,0,0,0,0,0,0,0,0,0,0,0,0,0,0,-0.0314470887659533,0,-0.0979755319908771,-0.00475184779539728,0,0,0,-0.116088676835049,-0.0843199419217351,0,0,-0.00961277315999886,0,-0.090258356462819,0,0,0,0,0,0.0899244740698531,0,0,0,0,0.000572517528962981,0,0,-0.0106511276958879,0,0,-0.0125950019559512,0.0871266115397107,0,-0.0390546641662448,-0.00864828802110365,0.0530835346831846,0,-0.123057573172898,0,0,-0.0417198596179152,0.021683543744616,0,0,0,0,0,0,0,0,0,0,0,0,0,0,0,0,0,0,0,0,-0.160982110299703
0,0,-0.0461469392139116,0,0,0,-0.0722112289097998,0,0,1.06031615222949,-0.0352124018120212,0,0,0,0,0,-0.069353400410402,0,-0.00653839374578137,0,0,-0.0533614897480801,-0.0938825301878146,0,0,0,0,0,0,0,0,0,0,0,0,0,-0.0258585103155661,0,0,0,0,0,-0.0483444587857635,0,0,0,0,0,0.00275254768508986,0,0,0,0.0777733271730399,0.00894366209234535,0,0,0,0.0210649939953814,0,0,0,0,0,-0.0604121520997961,0,0,-0.0853211736037798,0,0,0,0,0,0,-0.00498668718548282,0,0,-0.0336771558004128,0.0411269508264637,0,0,0.0606421450001902,-0.020954845982839,0,0,-0.00480719036326711,0,0,-0.0115332814708785,-0.0283784213783399,0,0,0,0,0,-0.0147675941344087,0,0,0,0.0453213341364614,0
0.122545187960849,0,0,0,0,0,0.275136406934784,0,0,-0.0352124018120212,1.34325314877471,0,0,-0.0231471734311056,0,0,0,-0.0490830698577127,-0.0739262484713321,-0.0411056506677518,0.0136335348743964,0,-0.00857753735730719,0,0,0.0338112211029711,0,0.0143204882236417,0,-0.248774176160495,0.0416139002396601,0.0237155968786621,0,0,0,-0.0224946832605946,0,0,0.0209122312918942,-0.0226152363313977,0,0,0,0,0.0381538410601387,0,0,0.0351456629299287,0,0,0,0.0990709992943451,0.0762712712984623,0,0,0,0,0,-0.0334724797471978,0,0,0.158078866434872,0,0,0,0.00261233585395442,-0.0673466233325479,0.050395363424065,0,0,0,0,0,0,-0.107857937086328,-0.239332957049095,0,0,0,-0.0070299879773985,0,0,0,0,-0.182867640254165,0,0.0478661780043866,0,0,0,0.035392121406912,0,0,-0.0929990233942548,0,0,0,0,0,0
-0.000803469885542505,0.000821513794836342,-0.0193226601544439,0,0,0,0,0,0,0,0,1.18532579709321,0,0,0,0,0,0,0,0,-0.00312449588102639,0.0641677298383142,0,0,0,0,-0.0116198072164521,0,0,-0.0343019910318995,0,0,0.166761116132038,0,-0.0180523632850503,0,0,-0.108478065750626,-0.0522537985533335,-0.0197526086883452,0.0530423091459767,0,0,-0.0682377955811587,0,-0.0739764867996199,0,-0.0999655711748268,0,0,0,0.0471731240685946,0,0,0,0.00228662305020364,0,0,0,0.125765754712491,-0.0248666988445669,0,-0.0154575014527386,-0.169030503290709,0,0,0,0,0,0,0,0,-0.00730224195053088,0,0,0,0,0,0,0.00917264797159513,0.0186318184492563,0,0,0,-0.00531980606553412,0,0.151335421033145,0,0,0,0,0,0,-0.0453748335363732,-0.0691591661513488,0,0,0,0.0533314077456491,0.0505881599543116
0,0,-0.0298339013920062,0,0,0,0,0,0,0,0,0,1.19920433766109,0.017022744624617,0,0,0,0,0.0226896089423266,0,0,0,0,0,0.019816229438254,0,0,0,0,0.00332463516383289,0,-0.0387415395801886,-0.0102969746095901,0,0,0,0,0.205554240521884,0,0,0,0,0,0,-0.0890089376811397,0,0,0,0,0,0,0,0,0,-0.0868786274843405,0.0791829415315456,0,0,0,0,-0.0874469601592612,0,-0.239004512076611,0.123628631519034,-0.00267385818601153,0,0,-0.0609523785378031,0.0320579232143845,-0.0328290368505489,0,0,0,0,-0.00211156593590103,0,-0.0147373383268916,0,0,0,0,0,0.039081191674787,0,0,-0.0404402114474827,0,-0.240386846272185,0,0,-0.0816455848784169,-0.0176964515433342,0,0,0,-0.0551828614938658,0,0,0,0
0.0565656919497255,-0.0583765181864301,0,0,0,0,0,0,0.0053589173209752,0,-0.0231471734311056,0,0.017022744624617,1.30124116701659,-0.0705967253363993,0,0,0,0,0.0132195811355853,-0.0358645362520892,0,0,0,0.0651863882146512,0,0,0,0,0,-0.0648757905322504,0.106271170783401,-0.0406339244989279,0.0329032144205241,0.068067004210048,0,0,0,0,0,0,0.0267872077712509,0,0,0,0.0247457275474957,0,0,-0.0355033046426053,0,-0.0136417332160597,0.0356720120966214,0.00331857435645964,0.075990191582387,0,-0.0548918920215373,0,0,-0.0726675744077826,0,0,0,0,0,0,0,0,0.0229904567310868,0,-0.0293791417825012,0.112283972140098,0.000259664270484012,0,0.304211152361765,0,0,0,0,0,0,0,-0.0740052547657428,-0.245797765561965,0,-0.266805420763364,0,0,0,0,0,0.00830570097879301,0,0,0,-0.116409933070671,0,0,0,0,0.0955688942789934
0,0,-0.0372356967595036,0,-0.0694292659218059,0,0,0,0,0,0,0,0,-0.0705967253363993,1.42754392420976,0.110470885997045,-0.0571029681891482,0.0154106499822516,0.0316423273803628,0,0,0,-0.0285390129807653,0,-0.0562551188221374,0,0.0628494909032529,0,-0.12790499212815,0,0,0.230868432318856,0,0,0,0,-0.141166745338125,-0.107787954261395,-0.0354828672744135,0,-0.0905496376003273,0,0,0,0,-0.0167886070628868,0,0,-0.224127659325479,0.0611744891999111,0,0.227000492330491,0,0,0,0,0,0.0273065762618957,0,0,0,0,0,0,0,0,0,-0.0307688345358032,0,-0.00774800799092931,0,0,0,0,-0.15466164659692,-0.0628110709830184,0,0,0,-0.18227037040628,0.0751283085958005,0,0,0.0586815175193837,0,-0.00117698138555465,0.107808944320044,0,0,0,0,0,0.059014700194244,0,0.0439391661386574,0,-0.0645352224092105,0.124478890231992,0,-0.124198526574079
0,0,0,0,0,0,0,0,0,0,0,0,0,0,0.110470885997045,1.27066828225545,0,-0.075086933514467,0,0,0,0,0,0,0.0969027373132925,0,0,0,0,0,0,0,-0.245532083457602,-0.0672197405290061,0,0,0,0,0,0.0393558891734192,0,0,0,0,0,0,-0.102687309305201,0,-0.0158087465250081,-0.0540377128311746,0,-0.100024272009134,-0.0548645699575729,0,-0.0670001643914597,-0.0402165896301132,0,0,0,0,-0.0999411539096806,0,0,0.0459916317196953,-0.0010799672747399,0,0,0,0,0,0.0389713968632414,0,0,0,0,0,0,0,0.00601681993594787,0,0,0,0,0,0,0.0324509200005993,0,0.116886924625755,-0.222063386909627,-0.0618542822733952,0,0,0,0,0,0,0,0,0,0
0,0,-0.0342626713066442,-0.0170506707426025,0,-0.108757319159336,0,0,0,-0.069353400410402,0,0,0,0,-0.0571029681891482,0,1.55241751982712,0,-0.00487102665248238,0,-0.00707931110352517,0,0,0,0,0,0,0,0,-0.19994319424691,0,0,0,0,-0.181443756273648,0,0,0,0,-0.175739535639916,0,0.0134678658626621,0,0,-0.219660189425198,0,0,0,-0.142614477946166,0,0,0,-0.0981162993626217,0,0,0,0,0,-0.0487497060434279,0,0,0.0274090658747222,0.021978587283828,0,-0.293290151778703,0,0,0,-0.101420844451552,0,0,0,-0.0232599324592798,-0.209923498654299,0,-0.014857139327475,0,-0.0514682283782237,0,0,-0.0190017626170142,0.145173976222228,0,0,-0.15673402593214,-0.0154582305349959,0,0,0.192833602080626,0.115165269808933,0,0.04405740953776,0,0.020102867104009,-0.100175139820752,0,0,0,-0.0458752013858018,-0.0550780375514208
-0.0116012672897437,0,0,0,-0.0555384876294777,0,-0.00337203583742982,-0.00560533953031023,0,0,-0.0490830698577127,0,0,0,0.0154106499822516,-0.075086933514467,0,1.17018640364388,0,-0.00335813889980961,-0.00888120263324262,-0.112387975379684,0,0,-0.0512409049363704,0,0,0,0,0,0,0,-0.0152421695249752,-0.0250534912922962,0,-0.0899512128045116,0,0,0,0.0715376724141987,0,-0.0142661326964015,-0.11853374291543,0,0,0,-0.0766704955617304,-0.0536716177566743,0,0,0,0,0,0,-0.0202435085284979,0.0294704897833182,0,0,-0.0596772421017404,0,0,0,0,0,0,0,0,0.0166323905657396,0,0,-0.0533399902769539,0,-0.0978101984301211,0,0,0,-0.10971410704934,0,-0.00229926582201018,0,-0.0570488581146938,0,0,0,-0.0785081079819247,0,-0.0090478001096812,0.0809914597317121,0,0,-0.0221264524287232,0,0,0,-0.113588086988373,0,0,-0.0135241459001617,0,0
0,0,0.0814216920509972,0,0,-0.0787474871636865,0.0848272962106899,0.0116633126020863,-0.140311268124308,-0.00653839374578137,-0.0739262484713321,0,0.0226896089423266,0,0.0316423273803628,0,-0.00487102665248238,0,1.12424652335037,0.00641825958106022,0,0,0,0,0,0,0,0,0,0,0,0.0265874613590274,0,0,0,0,0,-0.0407309952837757,0.0174248820643778,0,0,0,-0.0159017052195174,0.087756071333413,0,0,0,0,0,0,-0.104766878542924,0,0,0,0,0,0,0,0,0,0,0,0,-0.101866096331002,0.0242069691680483,0,0.0610905217257546,0,-0.0352153244025947,0,0,0,0,-0.0686852809104549,0,0,0,-0.0590981118993731,0,0,0,0,0,0,-0.106109026980222,-0.0554269755643085,-0.0647130025146411,0,0,0,0,0.0111059276101253,0,0,-0.0342099593764553,0,0,0,0,0
0,0,0,0,0,0,0,0,0,0,-0.0411056506677518,0,0,0.0132195811355853,0,0,0,-0.00335813889980961,0.00641825958106022,1.20950822254001,0,0,0.00130695162598055,0,0,0.0266894755861515,0,0,0,0,0.0727806584117308,0,-0.204089448797764,0,0,-0.123739553225969,0,0,-0.211016944353967,-0.0944608593700736,0,-0.0324250679128954,0,0.067073291092823,0,-0.125906401830108,-0.0441115115143923,0,0,0,0,-0.0397944793011352,0,-0.0300404832595761,0,0,0,-0.0805771589882146,0.0358806440782668,0,0.00285844570019158,0,0,0,0,0,0,0,0.00302994200651229,0,0,0,-0.100834910119617,0.0494663158167524,0,0,0,0.0374284939918821,0,-0.0830810370123326,0,0,0,-0.00125506034118127,0,-0.0690647075771974,0,0,0,-0.0811053423322941,0,0,0,0,0,0,0,0,0,0.113566948526603
0,0.13029300555074,-0.12166185992182,0,0,-0.144830847558918,-0.214434661613158,-0.0252639051136034,0,0,0.0136335348743964,-0.00312449588102639,0,-0.0358645362520892,0,0,-0.00707931110352517,-0.00888120263324262,0,0,1.25190391394456,-0.0638955288134768,0,-0.00908872683537624,0.0303792062875379,0,0,0,0,0.0511635685902227,0.00530019934765542,0.0189103419257394,-0.0133597312689685,0,0,0,0,0.151763760191666,0.04702664882528,0.00241765441075753,0,0,0,0,0,0.0663583196130922,-0.00495381500764788,0,0,0,-0.0713925315146102,0,0,0,0,0,0,0,0,0,0.0826297593871098,0,0,0.0985918349815337,-0.0933556160340891,0,0.0889791693667897,-0.0228655702506554,0,0.0187761771955764,0,0,-0.1234834937172,0,0,0,0,0,-0.012449510439381,0,0,0.0155976103821152,-0.040828938482195,0,0,0,0.000649789844898461,0.0163537970824844,0,-0.0765664920098203,0,0,-0.00686657198117478,-0.124517943257636,0,0,0,-0.120777751845671,0,0
0,0.0318387652408775,0,0,0,0,0,0,0,-0.0533614897480801,0,0.0641677298383142,0,0,0,0,0,-0.112387975379684,0,0,-0.0638955288134768,1.2475037841485,-0.0122951342256296,-0.0361223901589253,-0.121866026960438,-0.106768784960525,0,-0.0192170127874464,0,0,0,0,0,0,0,-0.0736978930503118,0,0,0,0,-0.0399669168223523,-0.123489487984677,0,0,0,0.109553592643454,0,0,0,0.061928213485792,0,0,0,-0.135071802098936,0,0,0,0,0,0,0.0105515746454118,-0.143318510862031,0,0,0,0,0,0,0,0.0312564112322301,0,-0.0761689741634393,0,0,0,0,0,0,-0.0288311882428285,0,0.0317377921174874,-0.181801944060836,0,0,0,0,0,0.0667478939990505,-0.0519674231956307,-0.0275755062029571,0,0,-0.0564390701217333,0.055919573082379,-0.200357571145788,0,0,-0.0060147186807414,0,-0.0418680662786936
0,0,-0.00831571422340806,0,0,-0.0558528352918968,0,0,0,-0.0938825301878146,-0.00857753735730719,0,0,0,-0.0285390129807653,0,0,0,0,0.00130695162598055,0,-0.0122951342256296,1.1800761431501,0,-0.0897206705931065,-0.00681290697534229,0,0,0,0.0244075760338756,-0.0827022184774434,0,0,0.0363813226862469,0,0,0,0,0.0854070795643276,-0.0462740268200477,-0.0226506648424316,0,-0.00801169273699888,0,0,-0.0560132417265098,-0.0797955664924405,0,0,0,0,0.0599837873933715,0,0,0,0,0,0,-0.00997100830234723,0.0220687825549321,0,0.0961582222809751,-0.0347170309188369,0,0,0,-0.122808759831986,0,0,0,0.0377863019678879,-0.0931822085465977,0,0,0,0,0.0145901806791772,-0.0301051176894313,0,-0.0881912091124957,0.0195679289015897,0,-0.000811868804169796,0,0.0164414724625602,0,0.0803619067411001,0,-0.174889502672841,0,0,0,0,0,0,0,-0.0912861636175188,-0.133532553908825,0,-0.00290283286974278
0,0.0736314223150832,0,-0.0070207398636718,0,-0.0697995915275872,0,0,0,0,0,0,0,0,0,0,0,0,0,0,-0.00908872683537624,-0.0361223901589253,0,1.12757299319415,0,0,0,0,-0.103475655765167,0,-0.0274556706211849,0,0,0.0143841015410044,0,0,0,0,0,0,0,0,0,0,0,-0.0695186628696004,0.0491687457232863,0,0,0,0,0,0.000921795930848957,0,0,-0.0727959108605867,0,0,0,-0.0558869687173789,0,-0.103630874258584,0,0,0,0,0,-9.04635808392536e-05,0,0,0,0,0,0,0,-0.0969602450210883,0,0,0,0,0.0170414430092653,0,-0.0873118779403332,0,0,0.0324892363306327,-0.058101627476167,0,-0.0635184730478471,-0.142504371760646,0,0,0,0,0,0,-0.0807887808394231,-0.0237655376936018,0,-0.100069829745636
-0.165639645151547,0,-0.0486478310980328,0,0,0,0,0,0,0,0,0,0.019816229438254,0.0651863882146512,-0.0562551188221374,0.0969027373132925,0,-0.0512409049363704,0,0,0.0303792062875379,-0.121866026960438,-0.0897206705931065,0,1.16697884244475,0,0,0,0,0,0,0,0.0432595605649984,0,0,0,0,0,0,0,0,0,0,-0.0855701125370651,0,0,-0.131140227378998,-0.0679648295610778,-0.00312324689304844,0,0,0,-0.0196827315690276,0,0.115965166221828,0,0,0,-0.0511002663293587,0,0,0,0,0,0,0,0,0,-0.00902677814067032,0,0,0,0,-0.0391709785137825,0,0,0.0452924290562063,-0.111216266319931,0,0,0,0,0,0,0,0,0,0,0.0955691835308185,0.00176103053345896,0,0,0,0.0539924399785469,-0.0626473868718659,0,0.0283661714609436,0,0,0
0,0,0,0,-0.030330442766915,0.021231318266275,0.000580947056106611,0.138144631711461,0,0,0.0338112211029711,0,0,0,0,0,0,0,0,0.0266894755861515,0,-0.106768784960525,-0.00681290697534229,0,0,1.14385701977944,0.0654823537850045,0,-0.0994301249748533,0.193996596571965,0,0,0,0,-0.0222634950242819,0,-0.0126295085369731,0,0,0,-0.0744657951321538,0,0,0,-0.0142422254951552,-0.00839136745600108,0,-0.0165818955610188,0,0,0,0,-0.0234948496359316,0,0.000585653203075291,0,0.0299037089683154,0,0,0,0,0,0.0178459241382673,0.0254826214738417,0,0,0,0,0,0.0460761209737089,0.139695009206733,0,0.0172510684220619,0,-0.0929332953993785,0,0,0,0,0,0,0,0,0,-0.0495631634493956,0,0,0,-0.00791219070783529,0,0,0,0,0,0,-0.124300672360556,0,0,-0.0463633304194936,0
0,0,0,0,0,-0.085322651453436,0.119196467984096,0,0,0,0,-0.0116198072164521,0,0,0.0628494909032529,0,0,0,0,0,0,0,0,0,0,0.0654823537850045,1.2152362217963,-0.0234973138895945,0,-0.0851544508306195,0,-0.0669471993151839,0,-0.0459820451446864,0,-0.00316125963518521,0.0897519801057762,0,-0.0353453924221419,0,0,0,0,0,-0.0325189819431776,0,0,0,-0.141907115939804,-0.027476931235335,-0.062049686813267,0,0,-0.0868642001177352,-0.0520866411583893,0,0,0,0,0,-0.104042216714678,-0.142170228975784,0,0,0,-0.0694943966736097,0,0.0126699466821821,-0.0530474142511692,0,0,0,0,0.176827981122086,0,0,-0.0277445118539003,0,0,0.0676054888768051,0,0,0,0,0,0.0572903851184749,0,0,-0.0460247084988609,0,-0.0617399411471852,0,0,0.0148350047650599,0,0,0,0,0,0.0129320576878697
0,0,0,0,0,0,0,0,0,0,0.0143204882236417,0,0,0,0,0,0,0,0,0,0,-0.0192170127874464,0,0,0,0,-0.0234973138895945,1.12610517769883,0,0,-0.0411673494010326,0,-0.139188108172761,0,0,0,-0.0659198461920145,0,-0.145589939595372,0,0,0,0,-0.0946524584915623,0,-0.24541246957197,0,0,0,0,0,0,0,0,0,0,0,0,0,0,0,0,0.001549901631529,-0.0321747431266205,0,0,0.0499605444201834,0,0,0.00284038390596553,0.048667837813151,0,0,0,0,0,0,0.0255289437667661,-0.00671029499352037,0,0,0,0,0,0,0,0,0.0180564852349173,-0.0115014403430789,0,-0.0534803489534175,0,0,0,0,0.0169855791208861,0,-0.00895517449486462,0,0
0,-0.0134806271247209,0.0619561091127137,0,0,0,0.0162536446907968,0.104547557437854,0,0,0,0,0,0,-0.12790499212815,0,0,0,0,0,0,0,0,-0.103475655765167,0,-0.0994301249748533,0,0,1.23154934203678,-0.170697676419674,-0.011540069008306,0,0,0.14065764275549,0,0,0.0352098737857609,-0.00666028370135336,0,0,0,0,0,0,0,0,0,-0.0252296368293903,0,0,0,0.0461341000788443,-0.0957088244204024,0,0,0,0,0.0107109316064322,0,0,0,0,-0.0162381721227327,-0.0609516874611076,0,0,0.0582523835684496,-0.00661492186104706,0,0,0,0,0,-0.00105120958397184,0,-0.0321617150329684,0,0,0,0,0,0,-0.22978608506431,0,0,0,0,0.0530829652711723,0,0,0.111401257173334,0,0,0,0,-0.1950170131026,0,0,0,0
0,-0.00797794081523655,0,0,0.0934646323943703,-0.116984039845011,0,0,0,0,-0.248774176160495,-0.0343019910318995,0.00332463516383289,0,0,0,-0.19994319424691,0,0,0,0.0511635685902227,0,0.0244075760338756,0,0,0.193996596571965,-0.0851544508306195,0,-0.170697676419674,1.45432630102557,-0.041523654070951,0,0.0519169634952328,0,-0.149616733841978,-0.0161842107991646,0,-0.047746783423823,-0.112155788942383,0,0,-0.0557157175774539,0,0,0,0,0.138864832030033,-0.095985864576407,0,0,-0.0608129558025003,0,0.0534240713478587,0,0,0,0,0,0,0.188122411095421,0,0,0.0886573358982864,-0.00632963879200714,0,0,0.00494302524073696,0,-0.0054759730691451,-0.0213149410636883,0,0.0549784087593169,0,-0.0959663338847054,0,0,0,0,0.0645359873011236,0,-0.0888711601787093,0,0,0,0,0,0,0,0,0.0381839979391602,0,0.0548638801509524,0.103095729119929,0.109000901337129,-0.00802760940940209,0,0,0,0,-0.159511132729447
0,0,0,-0.033249771950746,0,-0.0207868364377303,0,0,0,0,0.0416139002396601,0,0,-0.0648757905322504,0,0,0,0,0,0.0727806584117308,0.00530019934765542,0,-0.0827022184774434,-0.0274556706211849,0,0,0,-0.0411673494010326,-0.011540069008306,-0.041523654070951,1.1899423676669,0,0,0.091415443012581,0,0,0,-0.0141840540631576,-0.184110914210047,0,0,0,0,0,0,0,0,0,0.0264287906347842,0,0,0.022608683772656,0,0,0,0,0,0,0,-0.00522840290201784,-0.0783948974339483,0.0030759009524422,0,-0.0817305544004036,0,0,0,-0.0046833053976159,0,0,0,0,0,0,0.133131365836505,-0.0115862681577448,0,0,0,0,0.103212250754643,0,0,0,-0.0132069500270574,0,0,-0.0431273344473375,0,-0.0348673355232484,0,-0.092968536307462,0,0,0.133496864922196,-0.0822713504090743,-0.135450031404008,-0.197432908111326,0,0
-0.0529526801736383,-0.0452235000880876,-0.215116838438537,0,-0.0384582460620587,0,0.00907455785801881,-0.0222933758666737,0,0,0.0237155968786621,0,-0.0387415395801886,0.106271170783401,0.230868432318856,0,0,0,0.0265874613590274,0,0.0189103419257394,0,0,0,0,0,-0.0669471993151839,0,0,0,0,1.24202035991019,0,0,-0.00149765792988933,0,0,0,0,0,0,0,-0.0416140678983135,0,0,0,0,0,0,-0.00192248310168352,0,0,0,0,-0.0691225933611171,0,0,0.0247182015289897,0,0,0,0,0,0,0,0,-0.0407703417425737,0,0,0,0,0,0,-0.136023507802454,0,0.00886844347061556,0,-0.103304718058358,-0.0110359178817287,0,-0.0617152932541482,0,0,0,0,0,0,0,0,-0.0255056333060258,0,-0.132958415377922,0,0.130386604483211,0,0,-0.0422363167463412,-0.0949428365506529,0,0
0,-0.154251266526525,0,0,0,0,-0.107560219591654,0.10194744700441,0,0,0,0.166761116132038,-0.0102969746095901,-0.0406339244989279,0,-0.245532083457602,0,-0.0152421695249752,0,-0.204089448797764,-0.0133597312689685,0,0,0,0.0432595605649984,0,0,-0.139188108172761,0,0.0519169634952328,0,0,1.38977508135829,-0.0315372455971908,0.0231086620367493,-0.0213251033691183,0,0,0,-0.000304304040529781,0,-0.0260013311799843,-0.0492187113756016,0,-0.0284243940815612,0.0512250614612333,-0.119581281230774,0,0,0.0688848456626992,0.0574507338508992,0,0,0,0,-0.0699602452670896,0,0,0,0,0,0,0,0.119780019678051,-0.0386970070118675,0,0,0,0,0,0,0.0735925636098907,0,0,0,0,0,0,0,-0.0111349513636334,0,-0.0308890030242561,-0.0206575713419752,-0.115819263036584,0,0,0,0,0,-0.0349272516123233,0.00942664544893003,0,0,0,0,-0.144479577388511,0,-0.183778213974638,0,0
0,0,0,0.0111243857334839,0,-0.0388122526018181,0,-0.0766196780797981,0,0,0,0,0,0.0329032144205241,0,-0.0672197405290061,0,-0.0250534912922962,0,0,0,0,0.0363813226862469,0.0143841015410044,0,0,-0.0459820451446864,0,0.14065764275549,0,0.091415443012581,0,-0.0315372455971908,1.62741092425215,0,0,0,0,0,0.0707074284655259,0,0,-0.100036197038462,-0.0575039624899454,0,0,0,0,0,-0.0987156697050095,0,-0.154460725652364,0,-0.121136239319449,0,0,0.0787648076600768,-0.112545516725131,0,0.104192621532421,-0.376216777588384,0,0.0312197019456405,0,-0.00441863336984703,0,0,0,0,0,0,0,-0.0143059125884124,0,0,0,-0.376180674933453,-0.1546486000227,-0.140233617533319,0,0.0206388482269969,0,0,-0.0556884076237979,-0.00191870897848478,-0.00329764698902607,-0.0923801077914748,0,0,0.0407906300463533,-0.0240306709938615,0.224829503737158,-0.0141320979816866,0,0.0625161138743459,0,0,0,0,0.0280961506858331
-0.0606247262957124,0,-0.215547028197238,-0.127253555880777,0,0,0,0.0399227100046409,0,0,0,-0.0180523632850503,0,0.068067004210048,0,0,-0.181443756273648,0,0,0,0,0,0,0,0,-0.0222634950242819,0,0,0,-0.149616733841978,0,-0.00149765792988933,0.0231086620367493,0,1.59208855935245,0,0.158884481713873,0,0,-0.13754565043969,-0.0437342577401804,0.0154957794889719,0,0,-0.0478620603961004,-0.363752512648653,0.198322528481756,-0.128988745356433,0,0,0,0,0,0,-0.16046896351875,0,0,0,0.127033893948187,0,0,0,-0.0142192800773641,0,-0.0501434667317995,0,0,0,0,0,0.012044275810302,-0.0393904212337195,-0.00181461961786309,-0.00832423616677164,-0.12358491585378,0.0614188137464471,-0.0422310103991438,0,0,0,-0.0858060239197158,0,0.0440122834103763,-0.0362227092478916,0,0,0.0768951406433246,0,0,-0.00254028833554569,0,0.0232830244085328,0,0,0.0311064786616628,0,-0.0470264446741342,-0.0397128801601988,-0.192774642427688,-0.0549889615806849
-0.0377846134453743,-0.0268709641542289,0,0,0.00699173110603281,-0.122152310273007,0,0,0,0,-0.0224946832605946,0,0,0,0,0,0,-0.0899512128045116,0,-0.123739553225969,0,-0.0736978930503118,0,0,0,0,-0.00316125963518521,0,0,-0.0161842107991646,0,0,-0.0213251033691183,0,0,1.36276678982337,0,0,0,-0.122565236390691,0,-0.0758542349249359,-0.00847128827340328,0,-0.043491996192251,0,-0.237089743133935,0,-0.0351402163847967,0,0,0,0.0889753391563346,-0.106131424074526,-0.0446770377545373,0,-0.0240576506909354,0,0,0,0,0,0,0.0909913463019706,0,-0.0362450027912604,0,0.0202764169073012,0.0633205270761421,0,0,0.0391644135550702,0,0.106037070893709,0,0,-0.0421451535888972,0,0,0,0,0,0,0,0.121508539911556,0,0,0.0504708453958662,0,0,-0.162698216539204,0,-0.0359626350207759,0,0.0166798247089698,0,-0.00985571820622326,-0.189360380209537,0,0
0.0913227379893851,0,0,0,0,-0.131348825026504,-0.0140843755814883,0,0,-0.0258585103155661,0,0,0,0,-0.141166745338125,0,0,0,0,0,0,0,0,0,0,-0.0126295085369731,0.0897519801057762,-0.0659198461920145,0.0352098737857609,0,0,0,0,0,0.158884481713873,0,1.22504251856477,0,0,0,0,0.0979068941802692,0,0,0,0,0,0,0,0,0,0,0.101470460377022,0,0,0,0.0099595282058477,0,-0.0597736373747161,0,0,0,0,0,0,0.0722454930595478,0,0,0,-0.0471018828391516,-0.139717861602177,0,0.166104519915328,-0.0286085416921747,-0.162043224978187,0,0,0,0,0.0491174135931861,0,0,0.162347558899035,0.1443333191945,0,0,0,-0.0101759626982959,0,0,0.0193807748205063,-0.0229117851005829,0,0,0,0,0,0.0153513087415774,0,0
0,0,0,-0.00274918718704083,0,8.10052102607224e-05,0,0,-0.0314470887659533,0,0,-0.108478065750626,0.205554240521884,0,-0.107787954261395,0,0,0,-0.0407309952837757,0,0.151763760191666,0,0,0,0,0,0,0,-0.00666028370135336,-0.047746783423823,-0.0141840540631576,0,0,0,0,0,0,1.1628106862083,0,0,-0.0240997601973806,-0.0247314960786332,0,-0.0472561684277956,0,0,0,0,0,0,0,0,0,0,0,0,0,0,0,0,-0.0862464112411161,0,0,0,0,0,0,0,0,0,0,0,0,-0.0144655351130384,-0.0632590436596907,-0.0149950236915678,0.0101977484083165,-0.0981456220328181,0,0,0,0,-0.0158913986121182,0,0,0,0.0286222042800097,0,0.119810211139636,0,0,0,0.0297439330476056,0,0,0,0,0,0,0
0,0,-0.0340896740407689,0,0.0504815353755829,0,0,0,0,0,0.0209122312918942,-0.0522537985533335,0,0,-0.0354828672744135,0,0,0,0.0174248820643778,-0.211016944353967,0.04702664882528,0,0.0854070795643276,0,0,0,-0.0353453924221419,-0.145589939595372,0,-0.112155788942383,-0.184110914210047,0,0,0,0,0,0,0,1.38399567602683,0,0,0.254763371155723,-0.0898265129453251,-0.00808611991479914,0,-0.0331751914717601,0,-0.120593187066305,0,0,0,-0.199485691440706,-0.0428875502676031,0,0,-0.0649593365136459,0,0.0575372080250307,0,0,0,0.00885894432173263,0,-0.043201254153936,-0.00771340417125674,0,0,-0.0776876730198603,0,-0.0403590275941097,0,-0.0174207494648314,0.0710472289010147,0.136246264891031,0,0,-0.0188538011859272,0,-0.00808706739270244,-0.230076267909579,0.0210961864457295,0,0.0122393701117403,0,0,-0.025627532642457,0,-0.14644363492525,-0.00848290531552893,0.0780452972093069,0,-0.0135927741333655,0,0.00386068601892102,0,0,0.0101785388478873,0,0.0623743396155277,0
-0.041420967202242,0,0,-0.145906169982222,0,0.0830719731534917,0,0.287991136546283,-0.0979755319908771,0,-0.0226152363313977,-0.0197526086883452,0,0,0,0.0393558891734192,-0.175739535639916,0.0715376724141987,0,-0.0944608593700736,0.00241765441075753,0,-0.0462740268200477,0,0,0,0,0,0,0,0,0,-0.000304304040529781,0.0707074284655259,-0.13754565043969,-0.122565236390691,0,0,0,1.31306994553018,0,0,0,0,0,0,0,0,0,0,0,0,0,0,0,0,0,0,0.078719658456929,0.065803460930565,-0.00558957699760793,0.0532986142437099,0,0.0775092696199146,0,0,0,0,0.0275857922884222,0.00217478440782706,0.0565065225215776,0,0,0,-0.013782600244419,-0.093483351771554,0,0,0,0.0254766615596195,0,0,-0.020319330472766,0,0.00363540885247847,0,0,0,0,-0.176917417861223,0,0,0,0.0743950751586643,-0.0246834164780323,0,-0.0901311462249769,0,-0.0290803316089962,0
0,0,0,-0.0767263549507376,0,0,0,0,-0.00475184779539728,0,0,0.0530423091459767,0,0,-0.0905496376003273,0,0,0,0,0,0,-0.0399669168223523,-0.0226506648424316,0,0,-0.0744657951321538,0,0,0,0,0,0,0,0,-0.0437342577401804,0,0,-0.0240997601973806,0,0,1.19839689869916,-0.00959630956778898,0,0,0,0,0,0,-0.0376994107958599,0,0,0,-0.192602688426331,0,-0.000731647901551391,0,0,0.0415826340913225,0,-0.0430896778201783,0,0,0,0.0888892257418499,0,0,0,-0.14047833377185,0,0,0,0,0,-0.0159829646167213,0,0,0.015344726882624,0.113036943392706,0,0,0,0,0.0139387286730889,0,0.153989520085323,0,0,0,0.147901961280767,-0.0275286409443712,0,0,0.0935120163682821,0,0,0,-0.0948880188507752,0.0580947116353329,0,0
0,0,0,0,-0.0102116725086758,0.0167650400338343,0,0,0,0,0,0,0,0.0267872077712509,0,0,0.0134678658626621,-0.0142661326964015,0,-0.0324250679128954,0,-0.123489487984677,0,0,0,0,0,0,0,-0.0557157175774539,0,0,-0.0260013311799843,0,0.0154957794889719,-0.0758542349249359,0.0979068941802692,-0.0247314960786332,0.254763371155723,0,-0.00959630956778898,1.16393051758112,0,0,0,0,0,0,0,0.00691698983054875,-0.100945089324375,0,0,0,0,-0.0149269714980389,0,-0.00382232783173269,0,0,0,0,0,0,0,0,0,0,0.027143786120361,0,0,0,0,-0.155579347650082,0,0,0,0,0,-0.0492129492009569,0,0,-0.0325991146046872,0.0367051431689642,0,0.0158376876261404,0,0,0.021973857704572,-0.120246274264045,0,0.0096089708502002,0,-0.0694609594778166,0,0,-0.0692677797003627,0,-0.00185440720585317,-0.00199403841277547
0,0,-0.213925990752389,0,0,0,0,0,0,-0.0483444587857635,0,0,0,0,0,0,0,-0.11853374291543,-0.0159017052195174,0,0,0,-0.00801169273699888,0,0,0,0,0,0,0,0,-0.0416140678983135,-0.0492187113756016,-0.100036197038462,0,-0.00847128827340328,0,0,-0.0898265129453251,0,0,0,1.17610374762457,0.0337124558670197,0,0,0,0,0,-0.0211539875877158,0,0,0.022598098045838,0.0789564855878533,0,-0.0556814652598471,0,0,0,0,0,0.112183277071829,0,-0.028023239473216,0,0,-0.0538075968640027,0,0,0,-0.067433409883337,0,0,-0.0343250463214937,0,0,0,0,0,0,0,-0.124721970994598,0,0,0,0,0,-0.046085984683764,0,0,0,0,0,0.0926764394723283,0,0,0,0,0,0
0,0,0,0,0,0,0,0,0,0,0,-0.0682377955811587,0,0,0,0,0,0,0.087756071333413,0.067073291092823,0,0,0,0,-0.0855701125370651,0,0,-0.0946524584915623,0,0,0,0,0,-0.0575039624899454,0,0,0,-0.0472561684277956,-0.00808611991479914,0,0,0,0.0337124558670197,1.22062622733113,0,0,0.0195066303233933,0,0,0,-0.0943076076375818,0,0,0.144132783751616,0.0477479172651238,0,0,-0.0441241555368196,-0.0174522613103607,0,-0.0524927266463574,0,0,-0.000173880052413676,0,0,0,0.0148609358618602,0,0,0,0,0.00456793159838879,0.030681781796377,-0.0993593164808447,0,0,0.056689287080363,0,0,0.10524883129968,0,0,0,-0.338526299762026,0,0.01105974378164,0.0794887284653695,0,0,0,0,0,0.0378802282652835,0,-0.0283634873560009,0,0,0,0
0,-0.11290853172689,-0.231285797490624,0,0,0,0,0.0157378699170271,-0.116088676835049,0,0.0381538410601387,0,-0.0890089376811397,0,0,0,-0.219660189425198,0,0,0,0,0,0,0,0,-0.0142422254951552,-0.0325189819431776,0,0,0,0,0,-0.0284243940815612,0,-0.0478620603961004,-0.043491996192251,0,0,0,0,0,0,0,0,1.36764593899763,0,0,-0.122507264673141,0,-0.00882080304197617,0,-0.038952982511619,0,0,0,-0.0524555501568794,0,0.0366135390310513,0,0,0,0,0,0,0,0,0,0,0.0954427414723836,0,0,0,0,0.106540729443738,-0.00771489159454078,0,-0.0179286039662669,-0.37903586011957,0,0.00273942453833603,-0.028151293107797,0,0,0,0,0,0,-0.036682808499411,0,0,0,0,0,0,-0.00562316856881329,0,0,-0.0757722832657841,0,0.0234598192908963
0,0,0,0,-0.061369980205061,0,0,0,-0.0843199419217351,0,0,-0.0739764867996199,0,0.0247457275474957,-0.0167886070628868,0,0,0,0,-0.125906401830108,0.0663583196130922,0.109553592643454,-0.0560132417265098,-0.0695186628696004,0,-0.00839136745600108,0,-0.24541246957197,0,0,0,0,0.0512250614612333,0,-0.363752512648653,0,0,0,-0.0331751914717601,0,0,0,0,0,0,1.48569306402149,0,0,0,-0.151330006799572,-0.00295752555767149,0,0.0529690386405058,0,0,0,0.0364334418090759,-0.0795238984391483,-0.0536696757311509,0.121782524792214,0.0622330498745434,-0.124089856909337,0,-0.0886721274876931,0,0,0,0,0,-0.0453872530727176,0,0,-0.0273847266611413,0,-0.277132686520268,0,0,0,0.0913213162124677,0,0,0,0,-0.0973585833072055,0,0.00157183529220321,0,0,-0.135625320011932,0,0,0,0,0,0,0,-0.00527826037723111,0,0.145656962149335,-0.00852530182611494
0,-0.0148265594924892,0,0,0,0,-0.0112411612187444,-0.0507808610837794,0,0,0,0,0,0,0,-0.102687309305201,0,-0.0766704955617304,0,-0.0441115115143923,-0.00495381500764788,0,-0.0797955664924405,0.0491687457232863,-0.131140227378998,0,0,0,0,0.138864832030033,0,0,-0.119581281230774,0,0.198322528481756,-0.237089743133935,0,0,0,0,0,0,0,0.0195066303233933,0,0,1.48093254106556,0,0,0,0,-0.0865108404254809,0,-0.0955428650296646,0,0,0,0,0,0,-0.179974457350441,0.0796887640366114,0,0.0602322984933272,0,0,0,0,-0.00229173612852036,0,0,0,-0.135613676675851,0,0,0,0.148172154491023,-0.0410573796499003,0,0,0,0,-0.0714326036024795,0,0,-0.0308099866185297,-0.0813669747642918,0,0,-0.0471399734635045,-0.133661134205243,0,-0.283943525888152,0,0,0,0,0,0,0
-0.0157254020168549,0,0,0,0,0,0,0.0466076764759872,0,0,0.0351456629299287,-0.0999655711748268,0,0,0,0,0,-0.0536716177566743,0,0,0,0,0,0,-0.0679648295610778,-0.0165818955610188,0,0,-0.0252296368293903,-0.095985864576407,0,0,0,0,-0.128988745356433,0,0,0,-0.120593187066305,0,0,0,0,0,-0.122507264673141,0,0,1.18900248122601,0,0,0,0,0,-0.000423402123446137,0,0,0,0,0,0,-0.0172497891013205,0,0,0,0,0,0,0,0.0404992880028255,0,-0.0407245764498587,0,-0.0655627242351211,0,0,0,0,0,-0.0211113753920392,0.0296667328361964,0,0.0153284048837324,0,-0.180220266259284,0,0,-0.0850371649541604,0,0,0,-0.171164158406077,0,0,0,0,0,0,0,0,0.0614707024713127
0,0,-0.148167775742566,0,-0.0548727500970536,-0.0378347807073682,0.0890745132310019,-0.292278967350846,-0.00961277315999886,0.00275254768508986,0,0,0,-0.0355033046426053,-0.224127659325479,-0.0158087465250081,-0.142614477946166,0,0,0,0,0,0,0,-0.00312324689304844,0,-0.141907115939804,0,0,0,0.0264287906347842,0,0,0,0,-0.0351402163847967,0,0,0,0,-0.0376994107958599,0,0,0,0,0,0,0,1.412805595918,0,-0.0484547151688248,0,-0.0216181325722645,0,-0.0966573819868286,0,-0.256701526422908,0,0,0,0,0,0.210868193940132,0.00231385679872723,0,0,0,0,0,0,0,0,0,0,0,0,0,0,0,0,0,-0.109596029522435,0,0,0,0,0,0.0596884463093883,0,0,0,0,0,0,0,-0.169267965258857,-0.00758585635561891,0,0,0
0,0,-0.179992136030009,0,0,0,0,-0.00815779047201,0,0,0,0,0,0,0.0611744891999111,-0.0540377128311746,0,0,0,0,0,0.061928213485792,0,0,0,0,-0.027476931235335,0,0,0,0,-0.00192248310168352,0.0688848456626992,-0.0987156697050095,0,0,0,0,0,0,0,0.00691698983054875,-0.0211539875877158,0,-0.00882080304197617,-0.151330006799572,0,0,0,1.12574087139458,0,-0.000462268684291256,0,0,0,0,0,0,0,0,-0.00886241589266158,0,0,0,0,0,-0.0585499097054856,0.00635022501822936,0,0,-0.0765412896673956,0,0,0,0,0,0,-0.0355201758721377,-0.0246129504899124,0.0746301896951859,0,0,0,0,0,0,0,0,0,0,0,0,-0.00726634513019788,0,0.0241014736154401,0,0,0,0,0
0,0,-0.0884711902351909,0.0228109037051908,0.136571504733251,0,0,0,-0.090258356462819,0,0,0,0,-0.0136417332160597,0,0,0,0,-0.104766878542924,0,-0.0713925315146102,0,0,0,0,0,-0.062049686813267,0,0,-0.0608129558025003,0,0,0.0574507338508992,0,0,0,0,0,0,0,0,-0.100945089324375,0,-0.0943076076375818,0,-0.00295752555767149,0,0,-0.0484547151688248,0,1.12254673410201,0,0,0,0,-0.0826772064626556,0,0,0,0,0,0,0,-0.000846184852618062,0,0,0.0058019942899158,0,0,0,-0.0284524242332185,0,0,0,-0.0324413495005099,0,0,0,0,0,0,0,0,0,0,0,0,0,0,0,0.0190836803264483,0,-0.006167817924573,0.019520450142091,0,0,0,0,-0.107634967622858,0
0,-0.0103257650764854,0,0,0,0.0283274451342641,0,-0.0677616445094946,0,0,0.0990709992943451,0.0471731240685946,0,0.0356720120966214,0.227000492330491,-0.100024272009134,0,0,0,-0.0397944793011352,0,0,0.0599837873933715,0,0,0,0,0,0.0461341000788443,0,0.022608683772656,0,0,-0.154460725652364,0,0,0,0,-0.199485691440706,0,0,0,0,0,-0.038952982511619,0,-0.0865108404254809,0,0,-0.000462268684291256,0,1.2638337543625,-0.0550228551608309,0,0,-0.0498683306831939,0,0,0.0283397516586123,0,0,-0.0627915190112763,0.0388982429625032,0,-0.0254157601158705,0,0,0,0,0,0,0,0,0.0611198917792286,-0.249956309897889,0,0,-0.0305048165667941,0,0,0,0,0.0801444500018369,0,0,0.0156481446709732,0,0,0,0,-0.0614344493233951,0.0107880715455172,0,0,0,0,0,0,0,0
