"X1","X2","X3","X4","X5","X6","X7","X8","X9","X10","X11","X12","X13","X14","X15","X16","X17","X18","X19","X20","X21","X22","X23","X24","X25","X26","X27","X28","X29","X30","X31","X32","X33","X34","X35","X36","X37","X38","X39","X40","X41","X42","X43","X44","X45","X46","X47","X48","X49","X50","X51","X52","X53","X54","X55","X56","X57","X58","X59","X60","X61","X62","X63","X64","X65","X66","X67","X68","X69","X70","X71","X72","X73","X74","X75","X76","X77","X78","X79","X80","X81","X82","X83","X84","X85","X86","X87","X88","X89","X90","X91","X92","X93","X94","X95","X96","X97","X98","X99","X100"
1.43480805133445,0,0,0,0,-0.0379678417126535,-0.0521404747502943,0,0,0,0,-0.218088756388213,-0.0147212496097129,0,0,0,0.0288486765687917,0,0,0,0.127720125907058,0.10280113952045,0,0,-0.0267057587853765,0.0271654503967456,0,0,-0.0509743477689918,0.134202368989926,-0.0254788656915788,0,-0.275609485728825,-0.124537966478589,0.0832538426357054,0,0,0,0,0,0,0,0.0670247029270145,0,-0.215759977001118,0,-0.00188910842217759,0,0,-0.0682164937743024,-0.177952033594514,-0.0444164966811603,0,0,0,0,0,0.014282500682718,0,0,0,0,0,0,0,0,0,-0.109440168750492,0,0.0185030801762618,0,0,0,-0.208052405859478,0,0,0,0,0,0.0549750830528832,-0.0125530384460479,0,0,0,0,0.00558750838276731,0,0,0,0,0,0,0.0891605425543214,0,0,-0.058629153444252,-0.0631055075064531,0,0,0
0,1.14612496429425,0,0,0,0,0,0,0,0,0,-0.0817692995651555,0,-0.0722598320599587,0,0,-0.0514046977746011,0,0,-0.0623772934915745,0.150181928027466,0,0,0,0,0,0,0,0,0,0,0,0,0,-0.118427470602265,0,0,0,0,0,0,0,0.0103495745814806,0.124473500412819,-0.0995850960285972,0,0,0,0,0,0,0,0,0,0,0,0.0170800014006287,-0.0807245243264383,0,0.0416735853766435,0,0.0772367065902663,0,0.0540798029917705,0.051257875019823,0.0407972468284096,0,0,0,0,0,0,-0.0850915439923968,-0.0191672223372432,0,0,0,0,0,0.0240264097208179,0,0.0283437704598113,0,0,0.0152415115342773,-0.0907156171224297,0,0,-0.044052179772049,-0.0756949607227475,0,0,0,0,0,0,0,0,0,0
0,0,1.39954120440849,-0.13977764635309,-0.104562247574352,-0.0483040891726028,-0.0860993183141994,-0.118539482539015,-0.00687258952191749,0,0,0,0,0,0,0,-0.125353509989052,0,-0.080683955928515,0,0,0,-0.0586634835277451,0,0,0,-0.136907935820524,0,0,-0.089936245108413,0,0,0,0.0553400417470428,0,0,0,0,-0.0664554920546667,0,-0.117236412665476,0,0,0,-0.142648834265667,-0.110430794846186,0,0,-0.0453632175240923,0,-0.132934832403062,0,0,0.00460267094686703,0,-0.0638045453609748,0,0,0,0,-0.0979344849768909,0,0,0,0,-0.00506342850108087,-0.125364015352322,-0.0307220470893393,-0.0354888021382918,0,0,-0.0716936846282935,0,-0.137195677874217,-0.0461743465719427,0,0,-0.0333878166094112,0,0,-0.0779204476057217,-0.0807430517207905,0,0,0,0,-0.0997578804034122,0.118163809004819,0,-0.0022085222753918,0,-0.0610561155378352,0,-0.0471332639446316,-0.023362096886029,0,0,0,-0.024208164203252,0
0,0,-0.13977764635309,1.22893367961131,-0.0207467410549865,0,0,0,-0.0330013628564283,0,0,0.0793794546493753,0,0.0526939194746437,-0.0152346309045804,0,0,0,0,0,0,0,-0.0931441097462808,0,0,-0.0179033979900112,0,0,0,0,0.013153933322804,0,-0.0123361535994585,-0.0078785070703235,-0.0238782332705661,0,0,0,0,-0.0415017511967389,0,-0.134739096096492,0,-0.0138860426675792,0,-0.0407838979873962,-0.00158730772753344,0,0,0,0,0,0,0,0,0,0.0238861893370889,-0.0700693901845394,0.0227998913632648,0,0,0,0,-0.00430821684340672,0,-0.0421174370005665,0,0,0,-0.267057080683596,-0.00742023422528939,0.0823762601433103,0,0,-0.117452660374277,0,0,0,-0.0795118042075531,0,0,0,0,0.0974370359167003,0,-0.0566956644717993,0,-0.12717570449034,0,0,0,0,0,-0.0616675409873436,0,0,0,0,0.0972264740528149,0
0,0,-0.104562247574352,-0.0207467410549865,1.20070685601762,0,0.109425317617119,-0.0926005834396365,0,0,0,0,0,-0.131911930532031,0,0,-0.198525788270197,-0.0363393165509925,0,0,0,0,0,-0.162956192164749,-0.051931422165272,-0.0206803607026609,0,0,0,0,0,0,0,0,0,-0.0809419964164248,0,0,0.0486062400644963,-0.0150520136597524,0,-0.0606880677875585,0,0.019181693612914,0,-0.0459119100829247,0,0,0,0.0573672246047885,0,-0.00504029917364398,0,0,0.0569479915128934,0,0,0,0.0906647431850637,0,-0.128495383700655,-0.0804789053547407,-0.0106499989434942,0,0,0.106592467374744,-0.0318151137199565,0,0,0,0,0,0,0.133689309792162,0,0,0,0,0,0,0,-0.0131107007309534,0.0363124911558836,0,0,-0.0713143475152137,0,0,0,0,0,0,0.0125385631648114,0,0.000870226752039393,0,0,0,0,0
-0.0379678417126535,0,-0.0483040891726028,0,0,1.4055233792177,-0.129966844188302,0.108253689713003,-0.0437997272418726,0,0,-0.11431436357624,-0.0081360982712293,0,0,0,0,0,-0.143382614382431,-0.033345271832954,0,0,-0.123170082016424,0,0,0,0,0,-0.24423777677047,0,0,0,0,0,-0.0032784333617448,0,0,-0.0329182609953872,0,-0.141573706397593,0,0,-0.0554937984289343,-0.103756173883903,0,0.00557706249458562,0,0.0928324904848501,0.00309812362800454,0,-0.0223889055652024,0,0,0,0,-0.276225987776297,0.0183400376380881,-0.00489458711281381,0,0,-0.0169097412744661,0,0.0265878653910619,0,-0.0671401824583676,0,-0.0017255367768189,0,0.0150579379603099,0,0,0,-0.0614192539909139,0,0,0,-0.0210865308349132,0.0615263228942358,-0.0533325827912866,0,-0.059367447651423,-0.0108720340416917,0.0133247602538676,-0.0807871967341157,0,0,0,0,0,0,0,0,-0.0847404936694098,0.00356524111682157,-0.210720882179708,0,0,0,-0.0299470017137407,0
-0.0521404747502943,0,-0.0860993183141994,0,0.109425317617119,-0.129966844188302,1.27383949701834,0.0720241903607797,0,0,0,0.0020025428135395,-0.0668257288200146,0,0,0,0.0179706696003745,0,0,0,0.00551436820876096,0.0564278144666664,-0.0629405502861833,0,0,0.0218631848284254,0.0383511681725154,-0.105857279816904,-0.185644890076404,0,0,0,-0.0348331637960804,0,-0.0936592358825034,0,0,0,0,0.0524762710288114,0,0,0,-0.0493924912920848,0,0.00633412174238527,0,-0.0725491279127989,0,0,0.0510365376411719,0.0411655415597377,-0.13553050144298,0,0,0,0,0,0,0,0,0,0,0,0,0,0,-0.0207127053044687,0,0,0,-0.0453759658695195,0,-0.162748998256469,0,0,-0.11126137086791,0.00248084783810889,0,-0.0584976531674314,0,0,-0.077537298909466,0,0,-0.00726445292359741,0,0,0,0,0.105926056377668,0,0,0,0,0.000587075154144216,0.0743308267400147,0,0,0
0,0,-0.118539482539015,0,-0.0926005834396365,0.108253689713003,0.0720241903607797,1.31883067572931,-0.0110356761824341,0,0,0,0.0326702464649255,-0.00119407557347607,0,0,0,0.0882903893607054,-0.0173575840879557,-0.00453712451443373,0,0.0544026811402849,0,0,-0.0709584182749634,-0.00702989137997068,0,-0.0682363248412086,0,0,0,0,0,0,0,0,-0.0579913526564022,0,0,0.0238180761759916,0,0,0,-0.0275975523473616,0,-0.106786635863566,0,-0.0367612754421602,0,0.0150540066084545,0,0,0,0.0771897810497424,0.137818079202592,0,0.0200279780359306,0,0,-0.0428296891441199,0,0.0718176001248496,-0.0770123151373624,0,0,-0.277480293109819,0,0.0136946545518771,-0.155183563584181,0,0,0.0269024640866875,0.100107039493215,0,0,-0.185237148136532,0,0,0,-0.03857081366481,0.0854232839879339,-0.0293830882614481,0.0408971560055666,0,0,0,0.0154840190753569,0.0387814315364724,0,0,0,0,0,-0.0326965512332329,0,-0.0833567151452295,0,0,-0.0291528662390637,0.132770704369017
0,0,-0.00687258952191749,-0.0330013628564283,0,-0.0437997272418726,0,-0.0110356761824341,1.20587909885063,-0.00579102947720538,0.00486187886812953,0,0.050268649094137,-0.095540265391648,0,0.0854605626021658,0,0,0,0,0.0678859890255373,0,0,0.0173900573480132,-0.0168869977703539,0,-0.00432626567808093,0,0,0,0.046250646481905,0,0,0.0401655456619516,0,-0.0250097077365075,0.0908999485503659,0,-0.0993229810904186,0,0,0,0,0,-0.00340733933236812,0,-0.00850663533200914,0.0493254599314349,-0.139574541599808,0,-0.155193162544005,-0.0589315229573968,0,0,0,0,0,0,0,0,0.169468923228976,0,0,0,-0.0334672469203904,0,0.00211380893041905,0,0,0,0,0,0,-0.0200910383387663,0,-0.00407556867627222,0,0,-0.113794848107569,0.0366201823545927,-0.0819484132435453,0,0,0,0,0,0,-0.0351530651296938,0,0,0,0,0,0,0.115991985808621,0,0,0.0719403213701932,0,0
0,0,0,0,0,0,0,0,-0.00579102947720538,1.15385739668124,0,0,0,0,0,0,0,0.0241335251274164,0.065133867202571,0,0.00202147267250706,0,0,-0.0325073390148111,0,-0.0591647807195904,0.0148460845280834,-0.0345499195125507,0,0,0,0,0,0,-0.0187444346109562,0,-0.0262454388238187,0,0,-0.0310201503191269,0,-0.0965328677295255,0,0,0,-0.0176212723410703,0,0,0,0,-0.0242452413955083,0,0.0766917766558036,0.000295248882445078,0.136656509062688,0,-0.0344242755208666,0.0265118626658515,-0.0217510502873117,0,0,0,0,-0.0069620192610272,0,0,0.0597391308452031,0,0,0,0,0,0,-0.0918251031409748,0,-0.0297630216319267,0,0,0,0.0445672872713833,0,-0.0424268516280301,0,-0.0179345595295201,0.0976145266033914,0.0810930809295805,0.046560728031401,-0.036787523874762,0,0,0,0,0,0,0,0.0126233657476836,0,0,0.0104586240589663,-0.217744907931087
0,0,0,0,0,0,0,0,0.00486187886812953,0,1.18488924084109,-0.0680425075468399,0,0,0,0,0,0.0274276981568279,0,0,0,-0.0443856536024146,0,0,0,0,0,-0.0631811406650952,0,0,0,-0.0136592081659629,0.119326726310002,-0.0347502902306842,0.103381603408962,0,0,0,-0.135345166799608,0.0452516470835701,0,-0.00345039643597806,0,0,0,0,-0.112672563426323,-0.013842909020963,0,0,0,0,0.037423089681805,0,0,0,0,0.0987172501672654,-0.00325908971138031,0,0,-0.00479544068042626,-0.0806552525990281,0,0,-0.00194430589326607,0,0,-0.112676365337599,0,0,0,0,-0.0760929462821848,0,0,0.111866194636014,0,0.137178983518236,0,0,0,0,0.0185656786563758,0,0,-0.0269064500338247,0,0,0,-0.0283436428784446,0,-0.167941219960911,0,0.00934667810126084,0,0,-0.0374605506542273,0,-0.026584449637496
-0.218088756388213,-0.0817692995651555,0,0.0793794546493753,0,-0.11431436357624,0.0020025428135395,0,0,0,-0.0680425075468399,1.22605236909183,0,-0.0917340639709122,0,0,0,-0.0280775684967694,0,0,0,0,0,-0.088256588133385,-0.00620441420306374,0.0922431810226229,0,0,0,0,0,-0.112303957927694,-0.119401711606285,-0.0134853894584813,0,0.0472804605242456,0,0,0,0,0,0,0,0,0,0,-0.0685282381523078,0,0,0,0,0,0,0.0692100652812895,0,0,0,0,0,-0.0202664897300173,0,0,0,0,0,0,-0.0508170283126033,-0.0412559655281452,0,0,0,0,0,0,0.0136494991662733,0,0,0,0,0,-0.0670376841615282,-0.0265571282252723,0,-0.0549694358991382,0.105794957950364,-0.0139390093771771,-0.0157419147821635,0,0,0,0,-0.120256235917589,0,0,-0.017194212294955,0,0,0,0,0
-0.0147212496097129,0,0,0,0,-0.0081360982712293,-0.0668257288200146,0.0326702464649255,0.050268649094137,0,0,0,1.22198443928992,0,-0.0644581566544414,0,0,0,0,0,0,0.0131044317270138,0,-0.069304600142941,0,0,0,0,0.0106608376912061,0.100021229603163,0,0,-0.0910894936666578,-0.00830669890741197,0,0.0862220895999455,0,0,0,0,0.0421231305723273,0,-0.000570538828409449,0,0.0471077766276225,0.113924602382265,-0.034784396289297,0,0,0,0,0,-0.120959022542679,0,0.00294106621086321,0.0813967793345162,0,0,0.0998428825750848,0,0,0,-0.106370842207743,0,0.0686461392977552,0,-0.00587281396809892,0,0,-0.0319403281814137,0,-0.0681382261761634,-0.011696657841257,0,0,0.124492943116597,0,0.00620057139541201,0.0045117518219573,0,0,0,0,0,0,0,0,0,0,0,0,-0.22435362679867,0,0,-0.0593000025054363,-0.00542333075149083,0.0298200558362346,0,0,0
0,-0.0722598320599587,0,0.0526939194746437,-0.131911930532031,0,0,-0.00119407557347607,-0.095540265391648,0,0,-0.0917340639709122,0,1.25782022749359,-0.00542795522600817,0,-0.0235959300807282,0.00573824448180986,0,0,0,0,0,0,0,0,-0.0185680476312669,0,0,0,0,-0.209166539565056,0,0,-0.0336545551448229,-0.0546036573895668,0,0,0,0,0,0,0,0.0204523827820116,0,-0.028660442785967,0,-0.0377522463272787,0,0.0491496001813838,-0.0121329487626836,-0.00905631133295441,0,0,-0.0177084521734924,0,0,0,0,0,0,0,0,0,0,0,0,0,-0.0604689629627327,0,-0.254278330006504,0,0,-0.0512184605593793,0,-0.112578876085526,0.0016217466624121,0,0,0,-0.0352961615169261,0.0726191132974032,0,-0.032092719156167,0.0590827696628098,0,0.140762849091318,0,-0.0200129972769033,0,0,0,0,0,0.0614435048505219,0,-0.0714883636596541,0,0,0
0,0,0,-0.0152346309045804,0,0,0,0,0,0,0,0,-0.0644581566544414,-0.00542795522600817,1.40062110946209,0,0.187343601240584,0,0,0.0855023012862065,0,0.0385877810983634,0,-0.0421423660015871,0.0881712518299111,-0.014824604363927,0,0,0,0,0,-0.0407050293724115,0,-0.0202540261151352,0,-0.00248710407319607,-0.187840797318798,0,0,0,0,-0.17540723725511,0,0,0,0,0.00081721625116902,0,0,0,0,-0.108596046765332,0,0,0,0.0921634549449824,-0.0813604436424993,-0.0524823832353237,0.0729161263373365,0.0435080691010627,-0.229417687247633,0,0.0570116643323629,0,0,0,0,-0.0671730153662434,0,0,0,0,-0.0154261725649132,0,0,0.0446018131311011,0.0296544013288726,-0.207024859023589,0,0,0,0,0,0,-0.00499014187983367,0,0,-0.0707481821162312,0,0,0,0,0.253772360814269,-0.196374563732476,0.0291183851364565,0,0,0,0,0
0,0,0,0,0,0,0,0,0.0854605626021658,0,0,0,0,0,0,1.14025172461544,0,-0.103038575477068,0.00518071476172074,0,-0.167747565917105,0,0,-0.00772062226797824,0,0.0204505826107188,0,-0.0447997019687788,0,0,0,0,0,-0.0272484656516674,0,0,0,0,-0.10495052260392,0,-0.00178822304960784,0,0,0,0.100476806718606,-0.0554696617686723,0,0.0662658897660192,0,0,0,0,-0.0041812195159975,0,0,0,0,0,0,0.0355499489489414,-0.055913717678413,0,0,-0.115658021848621,0,-0.0588094154594261,0,0,0,0,-0.063993457863956,0,0,0,-0.0758002263477379,0,0,0.0288908627518343,0.103280874543107,0,-0.0265614979368053,0,0,0.0477296141445833,0,0,0,0,0,0,0,0,-0.0480859831625744,0,0,0,0,0,0,-0.0254347419639746
0.0288486765687917,-0.0514046977746011,-0.125353509989052,0,-0.198525788270197,0,0.0179706696003745,0,0,0,0,0,0,-0.0235959300807282,0.187343601240584,0,1.2122469005688,0,0,0,0,0,0,0,-0.0164106564203046,0.0542039528723774,0,0,0.0686919638477141,0,0,0,0,0,0,0,0,0.0115707591228598,0,0,-0.10253101207604,0,0,0,0,0,0,0,0.180211516604885,-0.0191856847857008,0,0,0,0,0,0,0.0444823127872608,0.0303418380060644,0,0.0467222864514563,0,0,0,0,0,0,0,0.0304615321137641,0,0,0,0,0,-0.0125697265999136,0,0,0,-0.112569039642711,0,0,0,0.0106503390906079,0,0,0,-0.132699052217016,0.0362136537156193,0,0,0,0,0,0,0.0931071618111757,-0.097713056869535,0,-0.114030311478645,0,0,0
0,0,0,0,-0.0363393165509925,0,0,0.0882903893607054,0,0.0241335251274164,0.0274276981568279,-0.0280775684967694,0,0.00573824448180986,0,-0.103038575477068,0,1.07534802798688,0.00931545013739068,0,0,0,0,0,0,0,0,-0.0808357968467912,0,0,0,0,-0.104365116884316,0,0,0,0,0,0,0,-0.038694891711686,0,0,0,0,0,0,0,0,-0.0180244209671836,0,-0.052487047856012,-0.00999208740887356,0,0,0,0,0,0.0179321945438905,0.056555970716251,0,0,0,0,0,0.0106157618764095,0,0,0,0,0,-0.041610334810901,0,0.0714263861950734,-0.0174956567614102,0,0,0,0,0,0,0,0,0,0.00754342609552617,0,-0.0393839265598767,0.00539323480573424,0.0580097029089123,-0.0221705505393579,0,0,0.0299452772629125,0,0,0,-0.0843152776325342,0,-0.0900850718635123,0
0,0,-0.080683955928515,0,0,-0.143382614382431,0,-0.0173575840879557,0,0.065133867202571,0,0,0,0,0,0.00518071476172074,0,0.00931545013739068,1.17099749395627,0,-0.106334733133656,0,0.0127996693520781,0,0,-0.118775115177518,0,0,-0.107135376838328,0,0,0,0,0,0,0,0,0,0,0,-0.0953009185502734,0,0,0,0,0,0,0.0214712109623507,0,0,0,0,0,0,0,0.0302026874883475,0,0,0.0438965898890889,0,-0.0358019417531173,0,0,0,-0.0873537806879482,0,0,0,0,0,0,0,0,0,0,0,0,0.142857383513123,0,0,-0.00297962949561567,0,0,0,-0.194727024109162,0,0,0,0,0,0,-0.00776519304459115,0.0301682546561306,-0.00859032869889794,0,0,0,0,-0.0445275474746576,0
0,-0.0623772934915745,0,0,0,-0.033345271832954,0,-0.00453712451443373,0,0,0,0,0,0,0.0855023012862065,0,0,0,0,1.12728577467629,0,0,-0.0992429434165069,0,-0.0522046579257816,0,0,0,-0.0980310808661784,0,-0.0745430188626532,0,0,0,0,0.0800368343244643,0,0,0,0,0,0,0,0,-0.0515642936318255,0,0,0,0.0286558984985849,0,0,0,0,0,0,-0.0676798190362014,0,-0.0701920446664293,0,-0.0863932729364939,0,0,-0.0526661804311035,0,0,0.0337087696154484,0.0786168423621671,0,0,0,0,0,0,0,-0.0169796628908423,0,0,0.00654467017851731,0,0,0,0,0,0,0,0,0,0.0383574714649879,0,0,-0.0338489209590185,0,-0.109962533545952,0.0179143131661752,0,0,0,0,0.0931307904897645,0
0.127720125907058,0.150181928027466,0,0,0,0,0.00551436820876096,0,0.0678859890255373,0.00202147267250706,0,0,0,0,0,-0.167747565917105,0,0,-0.106334733133656,0,1.19742249589558,0,0,0,-0.0846245138622909,-0.0113424476421452,0,0,0,0,0,0,0,0,0.0179276142537167,0,0,0,-0.0264908718641244,0,0,0,0,0,0.0448492477224417,0,0,0.0405339577700019,0.0149373734005714,-0.0397226209696104,0,0,0.117685578137218,0,0,0,-0.0308553681595987,-0.0360437726863064,-0.0221105507317528,0,-0.149156990348028,0,0,0,-0.0799611899012054,0,0,0,0,-0.145122030826999,0,0,0,0,-0.00029605806103351,0.00244087761771302,0,0,0,0,0,0,0.0568345439683974,0,0,0,0,0.0196195585453072,0,0,0,0,-0.0187954164302273,0,0,0,-0.0676301265605058,-0.0513189209915347,0,0
0.10280113952045,0,0,0,0,0,0.0564278144666664,0.0544026811402849,0,0,-0.0443856536024146,0,0.0131044317270138,0,0.0385877810983634,0,0,0,0,0,0,1.09435888032039,0.0379436803399163,0.00604949846712532,0,0,-0.0728160038602283,0,0,0,-0.163519868169508,0,0.0435252552317032,0,0,0,0,0.00755954733154783,-0.0847291123713696,0,-0.00273909598343167,0,0,0,0,0,0,0,-0.0182094850614075,0,0,0,0,0,0,-0.0500837993033387,0,0,0,0.0108587770282844,0,0,0,0.0540442195945374,-0.0588892319088941,0,0,0,-0.0413185159939065,0,0,0,0,0,0,0,0,0,0,0,0,0.00672702422672405,-0.103917423175352,0,0,0,0.00713908044008958,-0.00410477711910174,0,0,0,-0.0127179581779312,-0.0548284311967985,0,0,-0.00224494482435113,0,0,0,0
0,0,-0.0586634835277451,-0.0931441097462808,0,-0.123170082016424,-0.0629405502861833,0,0,0,0,0,0,0,0,0,0,0,0.0127996693520781,-0.0992429434165069,0,0.0379436803399163,1.16305132754497,0,0,0,0,0,0,0,0.020199205025142,0.041344594105584,0,0,-0.049836173493574,0,0,0,-0.0647867834962564,-0.0831960407218475,0,0.00596026966521711,0,0,0,0,0,0,0,0,0,-0.0059822931752306,0,0,0,0,0,0,-0.0349028400480059,0,0,0,0,0.00237997481420464,0,-0.0241099921200375,0,0,-0.047587634747399,0.0327407104933267,0,0.120360598220288,0,-0.132952816753956,0.0289267487541416,0,0,0.0338055644779361,0,0,0.0823395357321218,-0.133997530665284,0.057435833406907,0,-0.0176075398440695,-0.0305581019971819,-0.0639754055371091,0,0,-0.0179414753580849,0,0,0,0.0494308324686637,-0.0387515285017239,-0.0397956880039777,0,0,-0.0130563243446408,-0.0165641494418029
0,0,0,0,-0.162956192164749,0,0,0,0.0173900573480132,-0.0325073390148111,0,-0.088256588133385,-0.069304600142941,0,-0.0421423660015871,-0.00772062226797824,0,0,0,0,0,0.00604949846712532,0,1.42020639739804,0.0124296405322035,0,0.178238857288563,-0.096377145213153,0,0,0,-0.148595792183083,0,0,0.0561355232453577,0,0,0,0,-0.0340272255224118,0.0046266292707418,0,0,0,0.0100299019881686,0,0,0,0,0.0415579735260598,0,0,0,-0.0399346965042148,0,0.0267476940823201,-0.211151970319193,0,0,0,0,0,0,-0.124109099425863,0,0.0047047870975624,0,0,0,-0.0158757836003934,-0.179250846461833,-0.131248050046767,-0.0582034387068051,0,0.146264944623589,0,0.00247210455938585,0,0.174813348489958,-0.0283480883295309,0,0,0,-0.0287819460145937,0,0,0,0,0,-0.0135846228266026,0.132276708820883,0,-0.0144849659462358,-0.0981054713232753,0,0,0,-0.066548367150023,0,-0.308977347951918
-0.0267057587853765,0,0,0,-0.051931422165272,0,0,-0.0709584182749634,-0.0168869977703539,0,0,-0.00620441420306374,0,0,0.0881712518299111,0,-0.0164106564203046,0,0,-0.0522046579257816,-0.0846245138622909,0,0,0.0124296405322035,1.24274471434106,0,0,-0.111421869467525,-0.0645783755141025,0,-0.0626785505861818,-0.119384559127763,0,-0.0364008302433892,0.0552663167480167,0.0659940115965821,0,0,0,0,0,0,0,0.0617268192801809,0,-0.107497666323763,0,0,0,0,0,0,0,0.042137941879177,-0.0374662734917383,0,0.0361864398332835,0,0,0,0,0,0,0,-0.274700070954878,0,0,0,0,0,0,0,0,-0.104301979965885,-0.0875225803517982,-0.0397228267464165,0,0,-0.0690957343633163,0,0,0,0,0,0,0,0,0.0905676132467232,0,0,0,-0.024602188012533,0,0,0,0,-0.0899151238642472,0,0,0
0.0271654503967456,0,0,-0.0179033979900112,-0.0206803607026609,0,0.0218631848284254,-0.00702989137997068,0,-0.0591647807195904,0,0.0922431810226229,0,0,-0.014824604363927,0.0204505826107188,0.0542039528723774,0,-0.118775115177518,0,-0.0113424476421452,0,0,0,0,1.14471821157043,0.0344383884700854,0,0,-0.0722783816989032,0.172437795129277,0,0,0,-0.00470512324132573,-0.0428867166271047,0,0,0.00837215742858226,0,0,0,0,0,0.0191149579361546,-0.0450710271798532,0,0,0,0,0,0,0.0622548354698774,0,0,0,0,0,0,0,-0.00313512530360131,0,0,0,0,-0.104947965124781,0,0,-0.0111728504036538,0,-0.0541372035191267,0,0.028430165311856,0,0,-0.130129012862961,0,0.0335649942991826,0,0,0,0,0,0,0,0,0,-0.0521013261168776,0,-0.000623838192925182,0,0,0,0,0.111913588810064,0,0,0,0,0
0,0,-0.136907935820524,0,0,0,0.0383511681725154,0,-0.00432626567808093,0.0148460845280834,0,0,0,-0.0185680476312669,0,0,0,0,0,0,0,-0.0728160038602283,0,0.178238857288563,0,0.0344383884700854,1.23555921880131,-0.0851244587642371,0,0,-0.0179871412770487,0,0,0,0,-0.112451656294023,0,0,0,0,0,0,0,0,-0.00860531231220355,0,0,0.0503363540512196,-0.0420402177732006,0,0,0,0.0975497497803297,-0.0739878066102811,-0.132008370533496,-0.071911725437023,0,0,0,0,-0.0390129344174638,0,0,0,0,0,-0.150901240688826,0,0,0,0,0,0,0,0.0722884423447306,-0.0201845351571736,0,0,0,0,0,0,0,0,-0.0966125324544087,0.168909592652546,-0.00516253994380704,0.0525189431026174,0,0,0,0.00630656046641093,0,0,0,-0.156836712206662,0,0,0,0.0269103243155789
0,0,0,0,0,0,-0.105857279816904,-0.0682363248412086,0,-0.0345499195125507,-0.0631811406650952,0,0,0,0,-0.0447997019687788,0,-0.0808357968467912,0,0,0,0,0,-0.096377145213153,-0.111421869467525,0,-0.0851244587642371,1.13569400174224,0,0,-0.0224711815370742,0,0,0,0,0,0,0,0,0,0,-0.0576109009028659,-0.108408020786684,0,0.0542709966705004,0,0,0,0,0,-0.034680459712473,0,-0.0834853270739026,0,0,0,0,0,0,0,0.143672608473939,0,-0.0629802288596288,0,0.00273944620082606,0,0,0,0,-0.0449447435916085,0,0,0,0,0,-0.00484165975133894,0.0130706524494145,0,0,0,0,0,0,0.0118117561663627,0.0428978376130728,0,0,0.0872675170208713,-0.0177973422905622,0,0,0.0326425312759401,0,0,0,0,0.0674769070638844,-0.0180925323394764,0,0
-0.0509743477689918,0,0,0,0,-0.24423777677047,-0.185644890076404,0,0,0,0,0,0.0106608376912061,0,0,0,0.0686919638477141,0,-0.107135376838328,-0.0980310808661784,0,0,0,0,-0.0645783755141025,0,0,0,1.36650222065592,0.0243647795266955,0,0,0,0,-0.106600072566686,0,0,0,-0.0110867060048633,0,0.026303422858514,0,-0.055706514106805,0,-0.0959505072838432,0,-0.0801672981562359,0,0,-0.124158642600855,0,-0.0144936540747907,0,0.0630769357833899,0,0.248911997963711,0,0,0,-0.0334993110878976,0,0,0,0,-0.0230872312527847,0,0,0,0,0,-0.0697142171841788,0.0318624273960582,0,0,0,0,0,0,-0.0378590939823232,-0.00545453227704016,-0.211726580098129,0,0,0.0818606246382337,0,0,0,0,0,-0.0617371181938973,0,-0.144655039343362,0,0,0,0.0668527696271722,0,0,0,0
0.134202368989926,0,-0.089936245108413,0,0,0,0,0,0,0,0,0,0.100021229603163,0,0,0,0,0,0,0,0,0,0,0,0,-0.0722783816989032,0,0,0.0243647795266955,1.52819348845046,0,0,0,0.336558109033815,0,0,0.0659225312279806,-0.0339487166673238,-0.0967627325398952,0,0,0,0,0,0.0328351984588833,-0.235024721221402,0,0.0401097464168904,-0.408593183406205,0.0641076595198733,0,0,0,0,0,0,0.0982863395963237,0,-0.102784466327834,0,0,0.0346315998354846,0.0100126593094957,0,0,0,0,0,0,0,0,0,0,0,-0.0578951198352436,0,0.0360680747033947,0,0.0710324131258955,0,0,0,0.00532148576347814,0,0,0,-0.0128420600015026,-0.150569824262121,0,0.00386946195812918,0,0,-0.046512727208436,0,0,0,0.026007986489258,0,0,-0.150389454968918
-0.0254788656915788,0,0,0.013153933322804,0,0,0,0,0.046250646481905,0,0,0,0,0,0,0,0,0,0,-0.0745430188626532,0,-0.163519868169508,0.020199205025142,0,-0.0626785505861818,0.172437795129277,-0.0179871412770487,-0.0224711815370742,0,0,1.17940569891218,0,0,0.0254038854014295,0,-0.0307363119646937,0,-0.0242082185959815,0,0,0.020419584633439,0,-0.0516604335122769,0,-0.0907686353459195,0,0,0,0,0,0,0,-0.122430383679344,0,-0.0142250252177748,-0.071894698419424,0.107185623019202,0,0,-0.0127199208866185,0.0320757986677817,0,-0.0209809932553897,0,0,0,0,-0.0813335089629868,-0.0924734232325998,-0.0796327881479456,0,0,0,0,-0.0432060719886393,0,0,0,0.0959872703779701,0,0,0,0,-0.0746078346211002,0,0.0856286043426115,-0.00874096527742579,0.0514611862816982,0,0,0,0,-0.0243162642360978,0,0,-0.00871417777812579,0.000762832198738527,-0.000444227897014134,0,0
0,0,0,0,0,0,0,0,0,0,-0.0136592081659629,-0.112303957927694,0,-0.209166539565056,-0.0407050293724115,0,0,0,0,0,0,0,0.041344594105584,-0.148595792183083,-0.119384559127763,0,0,0,0,0,0,1.20056937514442,0,0.151175982612055,0.0125193447852175,0,0,0,0.00765711740098454,0,0.000391823648459011,0,0,0,0,0,0,-0.107247146718819,0.0454899039212313,0,0,0,0,0,0,0.0846902442815032,-0.0345512798495989,-0.12446153196519,0,0,0,-0.0171405347068199,0,0,0,0,-0.0576389607394239,0,0,0,0,0,0,-0.103573781810114,0,0,0,-0.07949859906902,0,-0.00135405064514968,0,0,0.103910405019881,0,0,0,0,0,0,0,0,0,0,0,0,-0.0542858778576554,0,0,0,0
-0.275609485728825,0,0,-0.0123361535994585,0,0,-0.0348331637960804,0,0,0,0.119326726310002,-0.119401711606285,-0.0910894936666578,0,0,0,0,-0.104365116884316,0,0,0,0.0435252552317032,0,0,0,0,0,0,0,0,0,0,1.31745755565887,-0.179622188941139,-0.138698189699183,0,0,0,0.0777885468287865,0,0,0,0,0,0,0,0,0,-0.195987203665346,-0.071773025912583,0,0,-0.0261149351882393,0,0,-0.00270830383534733,0,0,0,-0.0884438069016115,0,0,0,0,0,0,0,0,0,0,0.0779238513627139,0,0,0,0.0125444950423331,0,0,0,0,0,0,0,-0.172113774003504,0,-0.0665601887938853,-0.0170440770215335,-0.0853228356906214,-0.0694869395588926,0.0540747900411385,0,0,0,0,0.0575298148915464,-0.0209196840174933,-0.00554372393507678,0,0,0,0.0427951017564447
-0.124537966478589,0,0.0553400417470428,-0.0078785070703235,0,0,0,0,0.0401655456619516,0,-0.0347502902306842,-0.0134853894584813,-0.00830669890741197,0,-0.0202540261151352,-0.0272484656516674,0,0,0,0,0,0,0,0,-0.0364008302433892,0,0,0,0,0.336558109033815,0.0254038854014295,0.151175982612055,-0.179622188941139,1.48106509633282,0,0.0804658410216951,-0.124528471682941,0.134584512376629,0,0,0,-0.0200845577179815,0,0,0,-0.108606846319237,0,0,0,-0.110114676718758,0.0049714011283967,0,0,0.0358546124799865,0,0,0,0.151679092335254,0.0246829946343708,0,0,0,0,0,0,0,0.0155524095403821,0,0,0,0,0.00363263488493863,0,0,0,0,0.159897227682736,0,0,0.139918798534466,0,0,-0.0161903056670177,0.0696070605007249,0,0,0.253864620954336,0,0,0,-0.0391806018285857,-0.0191364124592149,0,-0.00203080195106169,0,0,-0.0311013612082015,-0.294538097480371,0,-0.0656872603542287
0.0832538426357054,-0.118427470602265,0,-0.0238782332705661,0,-0.0032784333617448,-0.0936592358825034,0,0,-0.0187444346109562,0.103381603408962,0,0,-0.0336545551448229,0,0,0,0,0,0,0.0179276142537167,0,-0.049836173493574,0.0561355232453577,0.0552663167480167,-0.00470512324132573,0,0,-0.106600072566686,0,0,0.0125193447852175,-0.138698189699183,0,1.36793277204404,0,0,0.0966653160707587,-0.068732803936169,0,0,-0.0183033620767836,-0.110551000623021,0,0,0,0,-0.0055531169936512,0,0,-0.102356191988773,0,0,0,0,-0.300872161066371,-0.0360590475240894,-0.311730567523903,0,0,0,0,0.0730676821075995,-0.00421261438102675,0.0804979754474507,0,0,0,0,0,0,0,0,0.0394796559583302,0,-0.12872654668699,0,0,-0.0957085748704564,-0.012788485810804,-0.060705045471923,0,0,0,0,0,-0.0178592347057423,-0.0455484183560741,0,0,0,-0.0388807945280967,0,0,0,0,0,0,0,0
0,0,0,0,-0.0809419964164248,0,0,0,-0.0250097077365075,0,0,0.0472804605242456,0.0862220895999455,-0.0546036573895668,-0.00248710407319607,0,0,0,0,0.0800368343244643,0,0,0,0,0.0659940115965821,-0.0428867166271047,-0.112451656294023,0,0,0,-0.0307363119646937,0,0,0.0804658410216951,0,1.20809141767617,0,0,0,-0.0731425069667062,0,0,-0.0256880367916991,0,0,0,0,0.102575079620469,0,0,0,0,0,0,0,-0.00314706071005629,0,0,0,0,0,0,0,0,0,-0.196070480993531,-0.00435553881903152,-0.00359649655157408,0,0,0,0,0,0,0,0,0.0241216125853568,0,0,-0.297712848129067,0,0,0,0,0,0,0,0,0,-0.0383318432366312,0,0,0.0935757335286444,0,0,0,-0.00451928180961219,-0.0882916651502708,0,0.047877545052053
0,0,0,0,0,0,0,-0.0579913526564022,0.0908999485503659,-0.0262454388238187,0,0,0,0,-0.187840797318798,0,0,0,0,0,0,0,0,0,0,0,0,0,0,0.0659225312279806,0,0,0,-0.124528471682941,0,0,1.43440863706912,0,0.150450135507571,0,0,0,0,0,0.0387035188148999,0,0.117798035472713,0,0.0346623569779373,-0.0764422791696578,0,0,0,0.146860069644952,0,0,0,0,0.0430753284853281,0.0571424957775798,0,0,-0.0361737383872418,-0.0314600807763079,0,-0.168897168616716,0,0.0423838917103939,-0.123842386703724,0.00146190842607738,0,0,0,0,-0.239777811607294,0,0.0586677699388144,0,0,0,0.0755254318990512,-0.211359072727994,0,0,0,0.114216023708834,0.00588218271186639,0.00879933219909513,0,0,0,0,0.15737900084645,0,0,0,0,0,-0.0120328429670787,0
0,0,0,0,0,-0.0329182609953872,0,0,0,0,0,0,0,0,0,0,0.0115707591228598,0,0,0,0,0.00755954733154783,0,0,0,0,0,0,0,-0.0339487166673238,-0.0242082185959815,0,0,0.134584512376629,0.0966653160707587,0,0,1.13337003093498,0,-0.0835607130397902,0,0,-0.0414794465463988,-0.0284531345801078,0,-0.0172872141335763,0,0.0154418687005521,0,0,0,0.0532833236064503,-0.0129025678297038,0,-0.0278095334308805,0,0,0,0,0,-0.116936411165635,0,0,-0.0263982887982039,0,0,0,0,0,0,0.00578587958449,0,0,-0.0325470220611823,0,0,0,0,-0.00523140698789669,0.0423228386798264,0,0.0341197805412896,0.0867901528819014,-0.0112502618073915,0.176451288078141,0,0,0,-0.114042077542294,0,0,0,0,0,0,0,0,0,-0.139785529610438,0
0,0,-0.0664554920546667,0,0.0486062400644963,0,0,0,-0.0993229810904186,0,-0.135345166799608,0,0,0,0,-0.10495052260392,0,0,0,0,-0.0264908718641244,-0.0847291123713696,-0.0647867834962564,0,0,0.00837215742858226,0,0,-0.0110867060048633,-0.0967627325398952,0,0.00765711740098454,0.0777885468287865,0,-0.068732803936169,0,0.150450135507571,0,1.28246833410094,-3.25527988160491e-06,0,0,-0.130594456676802,0.00306869549141274,0,-0.0499982796588305,-0.0813791178531304,0,-0.141137002053436,0,0,0,0,0,0.00752618119148672,0,0,0,-0.131386953352304,0,-0.096005749008774,0,0,0,0.0666317796329728,0,-0.0445363505337451,0,0,-0.0424806038910552,0,0.11874323808669,0,0,0,0,0,0,-0.122916509502151,0,0,0,-0.017869547680118,0,-0.0553470726918798,0,0,0,0,0,0,0,0,0,0.040798371106028,0,0,0,0,0
0,0,0,-0.0415017511967389,-0.0150520136597524,-0.141573706397593,0.0524762710288114,0.0238180761759916,0,-0.0310201503191269,0.0452516470835701,0,0,0,0,0,0,0,0,0,0,0,-0.0831960407218475,-0.0340272255224118,0,0,0,0,0,0,0,0,0,0,0,-0.0731425069667062,0,-0.0835607130397902,-3.25527988160491e-06,1.21183508543837,0,-0.0775111480914374,-0.0333086110746737,0,0.0611956729472566,0,0,0,0,0,-0.295831525101362,0,0.0147707509329361,0,0.0538983659463999,0,0,-0.0842043730348686,0,0.0290930034090553,0.00806103308334841,0,0,0,0,0,0.0166453275390626,-0.00312402150795343,0,0.0293212920971141,0.0177864002369393,0,-0.120009172478497,0,0,0,0,-0.110324082429658,0,0,0,-0.0376744764751632,0,0.0691054285717198,0,0,0,0,-0.0157471488088788,0,0,0,0.0129783006913296,0,0,0,0,0,0,0
0,0,-0.117236412665476,0,0,0,0,0,0,0,0,0,0.0421231305723273,0,0,-0.00178822304960784,-0.10253101207604,-0.038694891711686,-0.0953009185502734,0,0,-0.00273909598343167,0,0.0046266292707418,0,0,0,0,0.026303422858514,0,0.020419584633439,0.000391823648459011,0,0,0,0,0,0,0,0,1.151101977725,0,0.134572812062342,0,0,-0.109201480095053,0,0,0,0,0,0.0194380377962483,-0.0486446636494018,-0.0581313066371851,-0.0742966190131404,0,0,-0.116426235923628,0,0,0,0,0,0,0,0,0,0,-0.0039126842698495,0,-0.0321319663091146,0,0,0,-0.053525569868569,0,0,0,0,0,0,0,-0.140771112438156,-0.018447868804597,0,0,0.122334654465975,0,-0.0107029905955243,0,0,0,0,0,-0.0112167258136579,-0.0854527297159224,-0.0445710637355145,0,0,0
0,0,0,-0.134739096096492,-0.0606880677875585,0,0,0,0,-0.0965328677295255,-0.00345039643597806,0,0,0,-0.17540723725511,0,0,0,0,0,0,0,0.00596026966521711,0,0,0,0,-0.0576109009028659,0,0,0,0,0,-0.0200845577179815,-0.0183033620767836,0,0,0,0,-0.0775111480914374,0,1.20666879138712,0,0,0,0.0262646187486792,0,0,0,0,-0.0639661768998989,0,0.0241176571259392,0,0.0284965058113239,-0.193450077284503,0,0,0,0.0186026496191658,0,0,0,0,0,0,0.00816317536940599,0,0,0,0,0,0,0.0223970571579083,-0.192675641603123,-0.0654345591895683,0,0,0.030441803684117,0,-0.0619616845673497,0,0,0,0,-0.0220371672083911,0,0,0,0,-0.0350164730996498,-0.00613382589134401,-0.0241168583469684,0,0.0307000528928086,-0.110846778414436,0,0,0,0
0.0670247029270145,0.0103495745814806,0,0,0,-0.0554937984289343,0,0,0,0,0,0,-0.000570538828409449,0,0,0,0,0,0,0,0,0,0,0,0,0,0,-0.108408020786684,-0.055706514106805,0,-0.0516604335122769,0,0,0,-0.110551000623021,-0.0256880367916991,0,-0.0414794465463988,-0.130594456676802,-0.0333086110746737,0.134572812062342,0,1.25155121167006,0,0,0,0,0,0,0,-0.07527708301011,0,0,-0.00842109493144087,0,-0.154283021119745,0,0,0,0,0,0,0,-0.0108437661448431,0,0,0,0,0,0,0,-0.0607438253908183,0,0,0,0,-0.146551244396892,-0.0829147855422249,0,0,0,0,0,0,0.123512933063821,0,0,0,0,0,0.128738086982155,-0.0293107655538581,-0.193052382113072,0,-0.0239618384378332,-0.00795089355167046,0.0971077451371677,0.0449757611016331,0,0.0122929760960167
0,0.124473500412819,0,-0.0138860426675792,0.019181693612914,-0.103756173883903,-0.0493924912920848,-0.0275975523473616,0,0,0,0,0,0.0204523827820116,0,0,0,0,0,0,0,0,0,0,0.0617268192801809,0,0,0,0,0,0,0,0,0,0,0,0,-0.0284531345801078,0.00306869549141274,0,0,0,0,1.16088667097373,0,0,0,0,0,-0.019677178791855,0,0,0,0,0,0,0,-0.0182487769785737,0,0,0,0,0,0.100147262539274,-0.0861663749669656,-0.148986802509399,0,0.0247604829942648,0,-0.0230493998071182,0,0,0,0.0949453079419503,0,0.0879646300991004,-0.0330995315895262,0,0.0115287849209295,0,0.0413809306581366,0,-0.0523634590721292,0,0,-0.136251376011953,0,-0.0869117381934985,0,0,0,-0.0224907914898708,-0.0465948572895927,-0.177654640667563,-0.0773557508435933,0,0,0,-0.0202453936603142,0
-0.215759977001118,-0.0995850960285972,-0.142648834265667,0,0,0,0,0,-0.00340733933236812,0,0,0,0.0471077766276225,0,0,0.100476806718606,0,0,0,-0.0515642936318255,0.0448492477224417,0,0,0.0100299019881686,0,0.0191149579361546,-0.00860531231220355,0.0542709966705004,-0.0959505072838432,0.0328351984588833,-0.0907686353459195,0,0,0,0,0,0.0387035188148999,0,0,0.0611956729472566,0,0,0,0,1.55480079841973,-0.0864477512266604,0,0,0,-0.0779985732146781,0,-0.136632132682663,0,0,0,0,0.0793578049794895,0,0,-0.145880120246433,-0.0342874271048931,0.00526129792593314,0,0,0,0.0711435587064007,-0.27575223149922,0,0,0,0,0,0,-0.0742207102257091,0.0475599298553804,-0.127887218287933,-0.169875081203698,-0.0107587447130339,-0.198148448354655,0,0,0,0,0,-0.22935964600724,0,0,0,0,-0.06034644991277,0,-0.110305120562666,-0.128412946627963,0.0324584904082911,0,0,-0.0543293084374851,0,0,0
0,0,-0.110430794846186,-0.0407838979873962,-0.0459119100829247,0.00557706249458562,0.00633412174238527,-0.106786635863566,0,-0.0176212723410703,0,0,0.113924602382265,-0.028660442785967,0,-0.0554696617686723,0,0,0,0,0,0,0,0,-0.107497666323763,-0.0450710271798532,0,0,0,-0.235024721221402,0,0,0,-0.108606846319237,0,0,0,-0.0172872141335763,-0.0499982796588305,0,-0.109201480095053,0.0262646187486792,0,0,-0.0864477512266604,1.6497344983618,-0.0913856019335307,0,-0.554040213058597,0,0.081283656949145,0,0,0,0,0,0,0,0,0,-0.0366817802325715,0,0,0,0,-0.079542724206038,0,-0.221573288873152,0,0,0,-0.0940580096784196,0,-0.132338591184865,-0.00580965157113718,-0.0491348227600298,0,0,0,0.0651819829200026,0,0,0,0,0,0.00956732660787982,0,0,0,0,0,0,-0.142104036039186,0,0.118588514577121,0,-0.0578620648442751,0,0,0
-0.00188910842217759,0,0,-0.00158730772753344,0,0,0,0,-0.00850663533200914,0,-0.112672563426323,-0.0685282381523078,-0.034784396289297,0,0.00081721625116902,0,0,0,0,0,0,0,0,0,0,0,0,0,-0.0801672981562359,0,0,0,0,0,0,0,0.117798035472713,0,-0.0813791178531304,0,0,0,0,0,0,-0.0913856019335307,1.12744804746215,0,0,-0.113095669936912,-0.0517347391455128,0,0,0,0,0,0.00248625967644596,0,0,-0.103628889841179,0.0595151212140445,0,-0.0732724375656761,0,0,0,0,0,0,0,0,0,0,0,0,0,0.0226346100666501,0,0,-0.073145143437183,0,0,0,0,0,0,0,0,-0.0116604738282341,0,0,0,0,0,0.0803637527213125,0,0,-0.0168141821783411,0,0
0,0,0,0,0,0.0928324904848501,-0.0725491279127989,-0.0367612754421602,0.0493254599314349,0,-0.013842909020963,0,0,-0.0377522463272787,0,0.0662658897660192,0,0,0.0214712109623507,0,0.0405339577700019,0,0,0,0,0,0.0503363540512196,0,0,0.0401097464168904,0,-0.107247146718819,0,0,-0.0055531169936512,0.102575079620469,0,0.0154418687005521,0,0,0,0,0,0,0,0,0,1.15666640438779,0,0.0138310662297228,0,0,0.0816572660374286,0,0,-0.0462525606464103,0,0,0,0,-0.0785672727507993,-0.097150874397967,0,0,0,-0.0266242595493592,0,0,-0.0786254841405926,0,0,0,0,0,0,0,-0.00629314016210441,-0.174938854314474,0,0,0,0,-0.138923494264867,0,0.0858748529649431,0,0,0.00187817038488878,0.125410410386631,-0.0044661496580441,0,0,0,0,0,0,0,0,0,0.0443933062323065
0,0,-0.0453632175240923,0,0,0.00309812362800454,0,0,-0.139574541599808,0,0,0,0,0,0,0,0.180211516604885,0,0,0.0286558984985849,0.0149373734005714,-0.0182094850614075,0,0,0,0,-0.0420402177732006,0,0,-0.408593183406205,0,0.0454899039212313,-0.195987203665346,0,0,0,0.0346623569779373,0,-0.141137002053436,0,0,0,0,0,0,-0.554040213058597,0,0,1.70489639740355,0.0141567881594305,0,-0.0226331744244359,0,0,0,-0.0197586685919435,0,0.0278677496439449,0,0,-0.0428871928295508,-0.210481866835815,0,0,0.0690101128309806,0,0,0,0,0,0,0,-0.0371210856246821,0,0,-0.0764400428707257,0,0,0,0,-0.0834282802448821,0,-0.0447228711579697,0,0,0,0,-0.0986232860943043,-0.0175484256493111,0,0,0.0156172099726143,0,0,0,-0.114810557276212,0.085019339848434,-0.113137787514826,-0.00866210775071997,0
-0.0682164937743024,0,0,0,0.0573672246047885,0,0,0.0150540066084545,0,0,0,0,0,0.0491496001813838,0,0,-0.0191856847857008,-0.0180244209671836,0,0,-0.0397226209696104,0,0,0.0415579735260598,0,0,0,0,-0.124158642600855,0.0641076595198733,0,0,-0.071773025912583,-0.110114676718758,0,0,-0.0764422791696578,0,0,0,0,0,0,-0.019677178791855,-0.0779985732146781,0,-0.113095669936912,0.0138310662297228,0.0141567881594305,1.1814328098703,0,0,0,0.0578918785005406,0.0335831976390053,-0.0846533953290104,0,0,0,-0.144642626047138,-0.0145233464113547,0,0,0,-0.0030607472472984,0,0,0,0,0,0,-0.156241443934426,0,-0.00410518761582715,0,0.049894813041541,-0.0575288018531873,0.0413977749852685,0,0,-0.0125519387934526,0,0,0,0,0,0,0,0,0,0,-0.00653651263757183,0,0,0,-0.0486721907150424,-0.0444448628368085,0,0,0
-0.177952033594514,0,-0.132934832403062,0,0,-0.0223889055652024,0.0510365376411719,0,-0.155193162544005,-0.0242452413955083,0,0,0,-0.0121329487626836,0,0,0,0,0,0,0,0,0,0,0,0,0,-0.034680459712473,0,0,0,0,0,0.0049714011283967,-0.102356191988773,0,0,0,0,-0.295831525101362,0,-0.0639661768998989,-0.07527708301011,0,0,0.081283656949145,-0.0517347391455128,0,0,0,1.32439904931752,-0.0189144259712789,0,0,0,0,-0.0122391234029075,0,-0.0185355210169558,0,0.0440803898595864,0.194793146353178,0,-0.00360204738225605,-0.133350809005126,0,0,0,0,0,0,0,-0.0141933160802179,0,0,0,0,-0.0263283966389933,-0.0593470747113315,0,-0.0173223019697974,0.0197037238002426,-0.0716342825628921,0,0.0301403688200409,0.00128979692538248,0,0,-0.0926204148681178,0,0,0,0,-0.142077817296484,-0.0190946207709397,0,0,0.0274340234984826,0,0
-0.0444164966811603,0,0,0,-0.00504029917364398,0,0.0411655415597377,0,-0.0589315229573968,0,0,0,0,-0.00905631133295441,-0.108596046765332,0,0,-0.052487047856012,0,0,0,0,-0.0059822931752306,0,0,0,0,0,-0.0144936540747907,0,0,0,0,0,0,0,0,0.0532833236064503,0,0,0.0194380377962483,0,0,0,-0.136632132682663,0,0,0,-0.0226331744244359,0,-0.0189144259712789,1.1087571247676,0,0,0,0,0.0359029934942462,0,0,0,0,0,0,0,0,0,0,0,0,0,0,0.00404971392855063,0,0,-0.107996246427996,0,0,-0.109019503891385,0.0970542595641945,0.0722857357187014,0,0.00880978567534443,0,0,-0.0938257847557088,0,-0.0944294148371429,0,-0.0664388000329071,-0.0194294919127214,0,0.03253851055299,0,0,0,0,-0.029977809265704,0,0,0
