"X1","X2","X3","X4","X5","X6","X7","X8","X9","X10","X11","X12","X13","X14","X15","X16","X17","X18","X19","X20","X21","X22","X23","X24","X25","X26","X27","X28","X29","X30","X31","X32","X33","X34","X35","X36","X37","X38","X39","X40","X41","X42","X43","X44","X45","X46","X47","X48","X49","X50","X51","X52","X53","X54","X55","X56","X57","X58","X59","X60","X61","X62","X63","X64","X65","X66","X67","X68","X69","X70","X71","X72","X73","X74","X75","X76","X77","X78","X79","X80","X81","X82","X83","X84","X85","X86","X87","X88","X89","X90","X91","X92","X93","X94","X95","X96","X97","X98","X99","X100"
1.20142440891075,0,0,0,-0.0593601506959803,0,0,0,0,0,0,0,0,0,0,-0.130553826125969,0,0,0,0,0,0,-0.00122134809084399,0,0,0,0,0,0,0,-0.113005578156327,-0.0326120077104535,0,0,0,0,0,0,0,0,0,-0.019502631922206,0,0,-0.0206483711356356,0,0.115726702169176,-0.0445597143858553,0,0,-0.0208768442516353,0,0,0,0,-0.205184082972907,0,0,0,-0.0343801741080026,0,0,0.0061415949564639,0.071507910920148,0,0,0,0,0.0284494734057346,-0.0649171654034132,0,0,-0.0601273637747302,0,0.0553540386196163,-0.0541306175440833,0,-0.0961195093254292,0,0,0,0,-0.160251964393294,-0.00987142911341811,0,0,-0.00581647357797452,0.0489047923043972,0,0,0,0,0,-0.11204561599274,-0.0132984395723892,0,0,0,0,0.0984077737803432
0,1.2035735936026,0,-0.019607106431242,0,0,0,0,0,0,0,0,-0.00694688254796756,0,0,0.157603179022112,0,-0.106568925794323,0,0,-0.11718173941106,0,0.0989786256016994,0,0,0,-0.0160256946703813,0,-0.0755433073426852,0.00553490764744096,0,0,0,0,0,0,0,0,0,0,-0.061968477455011,0,0.0110663184120406,0,0,0.0629161264253741,0,0,0,-0.222980876840208,-0.0685261996901227,0.03293027461398,0,0,-0.0190806885805992,0.138647505610551,0,-0.037236379864716,0,0,0.083716481048757,-0.0383734698252922,0,-0.0563600590182417,0,0.0179090931041723,0,0,0,0,0,0,-0.0881155344877052,0,-0.0329392710176836,0,0,0,0,0,-0.0946464374742804,-0.0202206997913512,0,-0.0112114599365695,-0.0198648787989662,0,0,0,0.0241806528241944,0.0730408352588007,0,0,-0.0156403943557684,0,-0.0172496856194154,-0.141587239656816,0,0,0,0
0,0,1.35659415329236,0,-0.104138153794613,0,-0.197062316286262,-0.00176074363490209,0,0.00810949665421389,0.0967089901172601,0,0,0.0347247184263068,0,-0.154634893621024,0,0,-0.0525160628480019,-0.0290160019547957,0,0.21924822705709,0,0,0,0,0,0.0166204070876989,0,0,0,0,0,0,-0.0305943721536607,-0.138741949108034,0,0,0.0845198080329046,0,0,0,0,0.0172931317815775,0,-0.0281335203680269,0,0,0.104130500792794,-0.00637598011594425,0.142081844370763,0,-0.113023774514317,0,0,-0.0489952268247189,0,0.0026271033403216,0,0,0,0,-0.064094523204242,0,-0.23154968968641,0.096881050683776,0,0,0,0,-0.0766790319394283,0,0,0,0,0,0,-0.00262136012113581,0,-0.00520045929286754,0,0,0.122195998983193,0,-0.141898246508829,0,0,-0.0462035548686776,0.120359393311613,0,-0.00785895132338355,0,0.0479471035221027,-0.0326291061823612,0,-0.111406614017118,-0.0800319833312524,0,0,-0.0220278885226159
0,-0.019607106431242,0,1.21402974104477,0,0,0,0.00302427893976008,-0.0130220398858912,0.0907659939529579,0,0,0,0,0,-0.00401368530699483,0,0,0,-0.0773705516720428,0,0,0,-0.117876233960604,0,0,0,0.00354672103228835,-0.0508080811912358,0,0,0,0.114843274131255,-0.0203128227705345,-0.0283433106534977,0,0.0419749388309102,0,0.0722175051702135,0,0.0323879314771919,0.0296722652445879,-0.0171121116341534,0,0,0.10972732060282,0,0,0.00651026774201395,0,0,0,-0.112723620723816,-0.0151012731154528,-0.0813088542164141,0,0,0,0,0,0,0.0385430834046045,0,0,0.00602967244577894,0,0,0,0,0,-0.093917674218701,0,0,0,-0.16521885502909,0,0,0,-0.133084087792799,0,-0.0303751342969494,0,0,0,0.0218963798648881,0,0,0.205706200223769,0,-0.141353284354302,0,0,0,0,0.00967959282937684,0,0,0,0,0
-0.0593601506959803,0,-0.104138153794613,0,1.26075396669958,0,0,0.054451156494362,0.100067704669277,0,-0.0645683119115534,0,-0.0397995697197244,0,0,0,-0.0952328220160805,0,0,-0.0163329143102027,0.0373256489966639,0,0,0,0,0,0.0172883205782354,0,0.147528604133978,-0.0124279044054227,0,0.108244329558008,0,0.0861890647205733,0,0,0,0,0,0,0,-0.18683309766913,0,0,-0.00169124440860274,0,-0.0211601972532696,0,0,0,0,0.0366775282528218,-0.0548729628733062,-0.0241671934624163,0.0803371221681755,-0.130423529736564,0,0,0,0.0353454719698781,0,0,0,0,-0.0686844115405698,0.114328541869459,0,0,0,0,0,-0.0417222940422039,-0.0954158842616137,-0.000857941664651294,0,0,-0.0760384909050873,-0.138224466688583,0,-0.000495359694087895,0,-0.104424919747803,0,-0.0568561261574299,-0.0774409183814539,0,-0.0467782842852369,-0.0047901575134209,0,0,-0.0267554486507513,-0.0177892598756463,0,0,-0.0861647282072845,0.0795722562377505,-0.0286865045592321,0,0,0
0,0,0,0,0,1.28080006675204,0,0,-0.0614406746519306,-0.00419621554541241,0,0,0.00986569380775481,0.0886766243429631,0,0.033094245184813,-0.143164139666158,-0.0078113114786062,0,0,0,-0.141236302281595,0,-0.0832726008199629,0.0565384908063131,0.00847985094414661,0,0,0,-0.15254213822,0,0,0,0.131831067507482,0,0,-0.0880485623644446,0,-0.171417708872397,-0.0725383946042792,-0.11543048663534,0,-0.165910771247498,0,0,-0.0405283214542724,0,0,0,0,-0.0330193210155282,0,-0.00520105597450762,0,0,0,0,0,0,0,0.116300576876909,0,0,0,0,0,0,0.0799828034892877,0,0.00172674096261358,0,-0.0631171319441992,-0.0735206192276004,-0.0357727544900145,0,0,-0.0187844578173881,-0.0357883191300193,0,0,-0.0148659944806095,0,0.0393080994370937,0,0,0,0,0.0509593858994351,0,-0.0895505988206534,0,0,0.150707968948094,-0.00564208693537664,0.0224939885422211,0,0,0,-0.0778284349253227,0
0,0,-0.197062316286262,0,0,0,1.28190111827013,0,0.0765931063758256,0,0,0,0,0,0,0,0,0,-0.105284800011115,0,0,0.0522890025426353,0,0.0136556979958938,0,0,0.00284695925963752,0.123473151232741,0,0.107258897342358,0,0,-0.00468225640058307,0,0,0,-0.0827376929882198,0,-0.234132182874147,0,0,0,0,-0.0688681241464136,0,-0.134740603215443,-0.0852463660882283,0.0544848281789982,0,0,0.0392240652522767,0,0,0,-0.0521869688662536,0,0.0307199473000696,0,-0.12939195224821,0.0620501595561032,0.0950105629815764,0,0,0,0,0.00772520920819623,0.000518128593226036,0,0.0141387386895588,0,0.131512217359864,0,0,0,0,0,0.0300305679055121,0,0,0,0,0.0793073999576644,0,0,0,0,-0.0327961852130532,0,0,-0.137672555869834,0,0,0,0,0,0,0,0,0.155491422131628,0
0,0,-0.00176074363490209,0.00302427893976008,0.054451156494362,0,0,1.22283118249325,0,0,0.0731192466922326,0,0,0,0,0,0,0,0,0,0.00463895667506504,0,0,0.0839936633588636,0,0,0,0,-0.103225825156813,0,0,0,0,0,0,0,0,0,0,0,0,0,0.104086107331677,0.0013251429832242,0,-0.125078746094431,0,0,0.159010012686901,0.0491148287581782,0,0.0762323194951064,-0.0396994425183854,0,0,0,-0.0236251641071975,0,0,0,0,-0.0253000883974307,0,0,0.0135115254320659,0,0,0.0307737773639774,0,0,0.10920190667503,0.126179700615867,0,0.070990100609456,0,-0.0692815884882051,0,0,0,0,0,0.0922210863236476,0.147960046086156,-0.186503646800808,0,0,0,0,-0.0544526136098675,0,0,0,0,0,0,0,0.00739612717406924,0.135843000446528,0,0
0,0,0,-0.0130220398858912,0.100067704669277,-0.0614406746519306,0.0765931063758256,0,1.14028543696731,0,-0.0344766561149489,0,0,0,0.0762302606264463,0,0,-0.00379659216236327,0,0,0,0,-0.0351137398802018,0,0,0.024955404079051,-0.0476775338932775,0,0,0,0,0.0205508039253843,0,0.0347945973697763,0,-0.0176976953951592,0,0,-0.0644077236061901,0.0966547546846698,-0.0315367803460334,0,0,0,0,0,0.0418028722685536,0,-0.073149143212325,0.0738824046912747,0,0,0,0,0,0.0081288718693384,0,-0.0050548729218662,0,-0.0203467465816361,0,-0.00762402759742939,0,-0.117195888572383,0,0.107331017995026,0,-0.0160916419369671,-0.00411166954852518,0,0,0,0,0,0.00127953839799925,0,-0.012332726823656,0,0,0,0,0,-0.00822352753129538,0,0,0,0.137745071610465,-0.0984468805439979,0,0,0,0,0.114260783832787,0,0.0766438202268769,0,0,0,0.0622988616786954,0
0,0,0.00810949665421389,0.0907659939529579,0,-0.00419621554541241,0,0,0,1.17954683395742,0,0.00357914051640208,-0.0850086244391908,-0.0888489478733222,0,0.0441200568495251,-0.0662324867306936,0,0,-0.0373203863625737,0,0,0,0.0132746132303972,0,0,-0.0311441098941072,-0.0298201297046456,0,0,0,-0.0519824618060722,0,0.0903781766809049,0,0.107316664272034,-0.0514276270952439,0,0,0,-0.130442760779508,0,0,0,0,0.114767735610006,0.022539297795125,0,0,-0.0832885787957525,0,0,0,0,0.00648433923418525,0,0.0247154046984111,0,0.0279227912178001,0,0,0,0,0,0,0,0,-0.0641526948893291,0,0,0,0,0,0,0,0,-0.0464291829908456,-0.186879884368256,0,0,-0.0328247051681446,0,-0.00692876566906544,-0.00324964482996856,0,0,-0.00340729414833154,0,0,0.0847153021984481,0,-0.0126750634081734,0,0,0,0.205043283150361,0,0,0,0
0,0,0.0967089901172601,0,-0.0645683119115534,0,0,0.0731192466922326,-0.0344766561149489,0,1.3666381632365,0,-0.00531478800185014,0.101565707825791,0,-0.0340492028889589,0,-0.0642116410780338,-0.0505250679460031,0,0,0,0,0,0,0,0,0,0,0,0,0,0,0.0583063648911726,0,-0.109517283269916,0,0,0,0.0157436383423393,0,0,0.0606196806349123,0,0,0,-0.0711594981739234,-0.0465994021752912,-0.00161103749991313,0,-0.0227934071011688,0.0139244483818633,0,0,0,0.053739239262404,0,0.0112770260476272,-0.118272291690251,0,0,0,0,0,0,0,0.031549251253717,0,0,-0.0370645664877792,0,0,0,-0.242465691627174,0.158159543721927,-0.125301971307397,-0.0418039323646938,0,0,0.166856217372552,0,0,-0.0102105694865396,0.0605186234756871,0,0,0,-0.259660563118644,0,0,0,-0.0899160144217913,0,0,-0.131993476039894,0,-0.111466903121395,0,0.0270500054400575,0
0,0,0,0,0,0,0,0,0,0.00357914051640208,0,1.12730544381044,0,0,0,0,-0.133572485177465,-0.0351268506124372,0,0,0,0,0.00553971330195132,-0.120365335729441,0,-0.0274160517780196,0,0,-0.124840945257857,0,0,0,0,-0.0760920898229829,0.069079561815668,0,0,0,0.111828304764478,0,0,0,-0.0184168523073863,0,-0.00842357476979237,-0.0771676856594754,-0.0510801790889419,0,0,0,0,0,0,0,0,-0.0329354256339395,0,0,-0.00629841550385758,0,-0.0406881877760223,0,0.000879949275470147,-0.0354558349951907,0,0,0.0795703847187855,0,0,0,-0.0260230249452925,0,0,0,0,0,0,0,0,0,-0.102256560934558,0,0,0,0,0,0.0370186543604052,0,0,0,0,0,-0.0546336156620454,0.0194456552404486,-0.111955284977786,0,0,-0.0567048540372632,0,0
0,-0.00694688254796756,0,0,-0.0397995697197244,0.00986569380775481,0,0,0,-0.0850086244391908,-0.00531478800185014,0,1.12973772708051,0,0,0,0,0,-0.0873344461269896,0,0,0,0,0,-0.00188486702097442,0,0,0,-0.0270956517869839,0,0,0,0,0,0,0,0,0,0,0.156210059724266,0,-0.0703093980597271,0,0,0,0.142875268579353,0,0,-0.019913266331207,0,0,0,0,-0.0828582083018605,0,-0.0791129199568888,-0.014739937325182,0,0,0,0,0,0,-0.0993548140132745,0,0,0,0,0,-0.0420545001541817,0,0,0,0,-0.103279251787421,0,-0.0138209759081507,0,0,0,0,-0.0599694231675955,0,0,0,0,0,0,0,0,0.0233650152728359,-0.00730234895353644,0.0451861320089317,0,0,-0.137085053120687,0,0.0658347498707436,0,0
0,0,0.0347247184263068,0,0,0.0886766243429631,0,0,0,-0.0888489478733222,0.101565707825791,0,0,1.16186623611443,0,0,0,0,0.068631903042016,0.041383100355646,0,0.0165368084251004,0,0,0,0.105226541948644,0,0,-0.00231413820253273,-0.0126662990863486,0,0,0,0,0.189131725691652,0,-0.0110671973060078,0.00831039229400302,0.0425893325248173,-0.0195001361353298,0,-0.160552155790775,0,0,0.00936251427033612,0,0,0,0,0,0,-0.0902632828511399,0,0,0,0,0,-0.025485308121279,0,0,-0.00315643564769892,0,0.01359714046481,0,0,0,0,0,0.0169421377751598,0,-0.0356142352576384,0,0,0,-0.059428319127339,-0.0440068379619114,0,0,0,0,0.0416350858185492,0,0,0,0,0,0,-0.0181042805057713,0,0,0,0,0,0,-0.0313929344208857,0,0,0.1059550471291,0,0
0,0,0,0,0,0,0,0,0.0762302606264463,0,0,0,0,0,1.21929604947019,-0.0212055052711144,0,0,0,0,0.128976967821812,0,0.0483491642286112,0,0,7.3782319414896e-07,0,0,-0.136612566338032,0,0,0,0,0.0141491703814402,0.02466042376217,0,-0.0843513113959487,0,0.056327901193879,0,0.0191716071351806,0.0278985592604252,0,0.0312455848721448,0,-0.0114130777598551,-0.0527196699343894,-0.060204128128151,-0.137976133370537,-0.0381853085777024,0,-0.104109403719112,0,-0.00855644171120506,0.00786233462421189,0,-0.0759877846947577,0.0593033033512094,0,-0.0380617047454945,0,-0.00321645035272836,-0.15618674525286,0.0194876651305995,0,0,-0.036899911256855,0,-0.0190175890964596,0,0,0,0,0.158815104050279,0.136048966942033,0,0,0,0,-0.0295039819528678,0.0327720594841167,0.00421204906041406,0,0,0,0,0,0.0248883124422691,-0.0844251159527995,-0.101928544499773,0,-0.0148670152963154,0,0,-0.111352413876998,-0.0143572688558582,-0.0360432197678872,0.0272389002650017,0.0473594240781951,-0.0657447596370083
-0.130553826125969,0.157603179022112,-0.154634893621024,-0.00401368530699483,0,0.033094245184813,0,0,0,0.0441200568495251,-0.0340492028889589,0,0,0,-0.0212055052711144,1.16142426344278,0,0,0,-0.011946377741005,0,0.0548937425789363,-0.0207214099611477,0,0,0.00652169371518975,0,0,0,0,0,0,0,0,0,0,0,0,0,0,0,0,0,0,0,0,-0.00156776246878037,-0.139417407327474,0,0,0,-0.030646611665297,0.00803288394661776,0,0,0,0,0,-0.0417000280734269,0.133264948391838,0,0,0,0,-0.0521584507718477,0,0,0,-0.0343410276058277,0,0,0,0.0159593840796336,0,0.0282060032097652,0.00693441654798041,0.0501743120489466,-0.091589573346629,0,0,0,0,0,0,0,0,-0.0027211395247679,0,-0.0775348589686347,0,-0.148255712009461,0,0,0,0,0,0,-0.0251394560501186,0,0
0,0,0,0,-0.0952328220160805,-0.143164139666158,0,0,0,-0.0662324867306936,0,-0.133572485177465,0,0,0,0,1.56256561286782,0,0.0908662670281313,-0.0244451268557968,0,0,-0.1673964640507,0.18357600934806,-0.0391156757245055,0,0,0,0,0.0379600291454875,0,0,0,0,0.00873261326903024,0.0219454010485634,0,-0.0106544320016357,-0.0205996764966484,0,0,0,-0.23490548487384,-0.0337687405806385,0,0,0,-0.166215618374451,0,0,0.197403778528544,0,0,0,0,-0.00356425642921004,0,-0.0927285141067722,0,0,0,0,0.165082368411955,0,0,0,0,0,-0.0234503574811072,0,0,-0.0244577426261477,0,0.100549600693756,0.350850663029956,-0.122914980128328,-0.107323894300102,0,-0.108738549182867,0,0,0,0,0,0.267048623146109,0,0,0,0,0,0.0170801411673057,0,-0.15917525090285,0,0,-0.111206993299154,-0.168772704647369,0,-0.0298079399473667,0
0,-0.106568925794323,0,0,0,-0.0078113114786062,0,0,-0.00379659216236327,0,-0.0642116410780338,-0.0351268506124372,0,0,0,0,0,1.17080888553255,0,0,0,0,0,0,0,0.0449884855993762,0,0,0,0,0,0.00972237822773441,0,0,0.0304530761332554,0.00191115710291524,0,0,0.000618620566045504,-0.0859180354598262,0,0,0,0,0,0,0,0,0,0.0488148967091367,0,0,0,0.0288628375748359,-0.000642797810021011,0,0,0,0.0213239952962561,0.0300225663958824,-0.111783241626391,-0.0628712420939205,0.000175311032022067,0,0,0,0,0,0.0519673668123239,0,-0.0192355822294969,0,-0.0793981494368576,0,0,0,-0.237388526296068,0,0,0,0,0,0,0,0,0.0494273085219385,0,0,0,0,0,0,0,0,0,-0.199871597779483,0,-0.055711621960265,0,-0.0502806184049067
0,0,-0.0525160628480019,0,0,0,-0.105284800011115,0,0,0,-0.0505250679460031,0,-0.0873344461269896,0.068631903042016,0,0,0.0908662670281313,0,1.18374609220932,-0.0679023191231916,0,0.0258166087197756,0,0,0,0,0.0280396062692888,0.0210097839211552,-0.0500081145996372,0,0,-0.0124233260237897,-0.00504652307363973,0.00439420227361477,-0.288999620571207,0,0,0,0,0,0,0,0,0,0,0,0,0,-0.125274538856509,0,0,0,0,-0.0291538274418051,0,-0.0250625614607225,0,0.0943426884748269,0,-0.0356272687356841,0,0,-0.00986991028910508,0,0,0,0,0,0.0927353485424942,0,0,0,0,0,0,0,0,0,-0.101247436174737,0.076278663232575,0.0468186719762189,0,0,0,0,0,0,0,0,0,-0.0293565292771842,0,0,-0.0131547951803395,0,0,0,0.0584259422852733,0,0
0,0,-0.0290160019547957,-0.0773705516720428,-0.0163329143102027,0,0,0,0,-0.0373203863625737,0,0,0,0.041383100355646,0,-0.011946377741005,-0.0244451268557968,0,-0.0679023191231916,1.20027218795085,0,0,0,0,0,0,0,0,0,0,0,0,0.0185889994221631,0.0915368251126004,0,0,0,0,0,0,0,0,0,0,0,0.0458207237036102,0,0,-0.147869020793806,0,-0.0639258010062437,0,0,0,0,0.0790819434171971,0,0,0,0,0,0,0,0,0,0,0,0,0.0475754974548875,0,0,0,0,0.313369485070906,0.132974660497738,0,0.0172805845188567,0,-0.0418741521526838,0.00965760394976292,0,0,0,0,-0.0985725700843033,-0.101096072500802,-0.0886804102884329,0,0,0,0,0,0,0,0,0,-0.0521797285843387,0,0,0
0,-0.11718173941106,0,0,0.0373256489966639,0,0,0.00463895667506504,0,0,0,0,0,0,0.128976967821812,0,0,0,0,0,1.13978106471202,-0.0240994708866149,0,0,0,0,-0.0335464311015689,-0.0342456112024908,0,0.00557898754317766,0.0827398229852288,0,0,0,0,0.0555068228117461,0,0,0,-0.0901011787253798,-0.0691071085402145,0.134941075048723,0,0,0.0315767839792438,0,0.0107157283610994,0,0.0150124382087366,0,0,0,0,0,0,-0.0418894619015902,0,0,0,0,0,0,0,0,0.0447185450202932,0.0327822635957292,0.0781942889260787,0,0,0,0,0,0,0,0,0,0,-0.0501230551373682,0,0,-0.0305886876006012,0,0,0,0,-0.149043026075454,-0.0680747837804037,0,0,0.0377379275881406,0,0,-0.0354229044829725,0,0,0,0,0,-0.0763616103236121,0
0,0,0.21924822705709,0,0,-0.141236302281595,0.0522890025426353,0,0,0,0,0,0,0.0165368084251004,0,0.0548937425789363,0,0,0.0258166087197756,0,-0.0240994708866149,1.29196560214739,-0.0514963134222208,0,0,0,0,-0.0469577070131217,0.0865427865949595,0,0,0,0,0,0,0,0,0.0528120551625222,0,0,0,0,-0.170136699791271,0,0,0,0,0,-0.00415395007517488,0,0,0,0,0,0,0,0,-0.0968708108899379,0,0,0,0.0296193456617149,0,0.022616703363705,0,-0.183524216531,0.0839582428458379,0.071766010953032,0,0,0,0,0,0,0,0,0,0,0,0,0,0,0,0,0.0635530364400396,-0.119060678593784,-0.0117957545575547,0,0,0,0,0,0,-0.0311517980611539,0.00947239705516422,-0.0363332337204485,-0.147289652047281,0,-0.0955016419494297,-0.0394992127311447
-0.00122134809084399,0.0989786256016994,0,0,0,0,0,0,-0.0351137398802018,0,0,0.00553971330195132,0,0,0.0483491642286112,-0.0207214099611477,-0.1673964640507,0,0,0,0,-0.0514963134222208,1.18965266512144,0,0,0,0,0,0.0675702136440957,0.0895666307952513,0,-0.0720852615431967,0,0,0,0,0,0.0470118434333079,-0.00869639388714463,0,0,0,0,-0.0342531990576717,0,0.121121996494235,0,0,0.00578267556153618,0,0,-0.0426974719217468,0,0,0,0,0,-0.00272836726010922,0,0,0.156307895296148,0,0.00457010353070399,0,-0.13686218558356,-0.0101542535325014,-0.0086055145678665,0,0,0,0,0,0.0370205312685676,0,0.0126506724654389,0,0,0.0188330018680508,-0.0360937827784243,0,0,0,0,-0.0697609350123547,0.116371302614289,0,0,-0.0064363649892097,0.0450258750340754,-0.052839467805689,-0.0208125103534107,0,0,-0.0134573760553495,0,0.0306658763669484,0,0,0,0.0898684892096641
0,0,0,-0.117876233960604,0,-0.0832726008199629,0.0136556979958938,0.0839936633588636,0,0.0132746132303972,0,-0.120365335729441,0,0,0,0,0.18357600934806,0,0,0,0,0,0,1.20947233058366,0,0,0,0,0,-0.0311012668238378,0,0,0,0,0.0602504137937033,0,0,0.0554356989224455,0.0375985647804798,0,0,0,0,0,-0.216688260211826,0,-0.00722466963933624,0,0,0,-0.0739611795821123,0,-0.0393734175214984,0,0.0242813049791059,-0.0172235869917245,0,0,0,0,0,-0.0223988518902647,0,0.00785747141531621,0,0,0,0.0233737773183899,0,0,0,0.138940906407802,-0.0155954126741175,0,0,0.0200751190130779,-0.115747082073892,0,0,0.00388008962384548,0,0,0,0,0,0,0.102749066904916,0,0,-0.0633935460685521,0,-0.0305895351518736,0.00966917158098114,0,0,-0.196675263033823,0,-0.0584332443236627,0,0
0,0,0,0,0,0.0565384908063131,0,0,0,0,0,0,-0.00188486702097442,0,0,0,-0.0391156757245055,0,0,0,0,0,0,0,1.18217899298279,0,0.0645574669571541,0,0.0290721369420338,0,0.105568388603314,0,0,0,0,0.099114469481174,-0.0196842530843608,-0.0040927223176344,0,0,0,-0.10352792436671,0,0.0369496282987045,0,0,0,-0.0423075323520542,0,0,0.0139119753990891,0,0,0,0,-0.131198929807027,0,-0.114590562571783,0,-0.0277642065779138,-0.115405555057826,0,0,-0.0712087112817226,0.0602839353154809,0,0,-0.0192300484260938,-0.0440184961002147,0,0,0,0,0.00959916720405364,0,0,0,0.069146512161198,0,-0.0401681501734387,0,0,0,0,0.282345539860821,0,0,0.0651534598535693,0,0,0,0,-0.00450977374796952,0.0656897305524307,0.0191062406225625,0,0,0,0,-0.00739089790533358
0,0,0,0,0,0.00847985094414661,0,0,0.024955404079051,0,0,-0.0274160517780196,0,0.105226541948644,7.3782319414896e-07,0.00652169371518975,0,0.0449884855993762,0,0,0,0,0,0,0,1.09597430249832,0,0,0,0,0,0,-0.0416880809472233,0,-0.0326456220366885,0,0,-0.0241895054185982,0.0995113437094706,0,0,0,-0.0348067866996967,0,0,0.0533504596549263,0,0.0253666019775412,0,-0.064547100208021,0,0,0,0,0,-0.150871733575015,0,0,0,0,0,0,0,-0.0657687641859828,0,0,0,0,0,0,0,0,0.0348803487919821,0,0,-0.0351514262804111,0,0,-0.030712606305513,0,0,0,0,0,0,0,0.0965192551918665,0,0.0700088924534392,0,0,0,0,-0.0543330380689485,0,0,0.00495653075307898,-0.0523640777041648,0,0
0,-0.0160256946703813,0,0,0.0172883205782354,0,0.00284695925963752,0,-0.0476775338932775,-0.0311441098941072,0,0,0,0,0,0,0,0,0.0280396062692888,0,-0.0335464311015689,0,0,0,0.0645574669571541,0,1.18847714913612,-0.0116337460055642,-0.0207247489163523,0,0,0,0,-0.115827545028624,0,-0.0688434320225842,0,0,-0.0557917163068271,0.00330304183964283,-0.0189455137666349,0,-0.179439352517209,0,0,-0.12040688885795,0.022444170499451,0,0,-0.0070766555807752,0,0,-0.0456357996486548,-0.0516884568597502,-0.0112122468725179,0.0754388919473067,0,-0.0297892554261444,-0.0762331146765427,0,-0.109416210993166,0,0,0,0,0,0,0,0,0.114657141155639,-0.0753831495414676,-0.135432445566383,-0.000304163808047797,-0.0694111212480097,0,0,-0.0120062846578044,-0.010814873638817,0,0,-0.0510155127600954,0,0,0,0,-0.104523178034586,0,0,-0.119664687392753,0,0,0,0,0,0,0,0,0,0,-0.00517946577090959
0,0,0.0166204070876989,0.00354672103228835,0,0,0.123473151232741,0,0,-0.0298201297046456,0,0,0,0,0,0,0,0,0.0210097839211552,0,-0.0342456112024908,-0.0469577070131217,0,0,0,0,-0.0116337460055642,1.11754041885331,0,0.142411996383014,0,0,0,0.021711416223691,0,0,0.072270376233925,0,0.00868296785685118,0,0,0,0,0,0,0,0,0,0,0,0,0,0,0.0191276967806093,0.0572172195587132,0,0,0,0,-0.138533321191255,0,0,-0.025556044835731,0.121590610712645,0,0,0,-0.0737436955627164,0,0.012127737561138,0,0.00622852147656827,0,-0.114714421258247,0,0,-0.0525295277747499,0,0.0307283424188875,0.00132929978103513,0.0470271511079079,0.0436605638662526,0,0,0,0,0,0,0,0,0,0,0,0,0,0,-0.0159545042089912,0,0,-0.108589715198818
0,-0.0755433073426852,0,-0.0508080811912358,0.147528604133978,0,0,-0.103225825156813,0,0,0,-0.124840945257857,-0.0270956517869839,-0.00231413820253273,-0.136612566338032,0,0,0,-0.0500081145996372,0,0,0.0865427865949595,0.0675702136440957,0,0.0290721369420338,0,-0.0207247489163523,0,1.22819982353744,0.0861585899305797,0,0,0,0,0,0,0,0.0423485451311598,0,0,0.0303996767644391,-0.117988852055167,0.0622660777637592,0.0740946760371725,0,0,0,0,0,0,0,0,0,-0.0165717328916609,0.0114991640332543,0,-0.0560296926252352,0,-0.0198762734548906,-0.119249035598507,0,-0.0123362823050963,0.0255863913849329,-0.041949582063116,0,-0.000759205210469086,0,0.0270349919942161,0,0,0,0,0,0,-0.0886121148173056,0,0,0,0,0,0,0,0,0,0,0,-0.219976997354095,0.0410565459103217,0,0,0,0.121069176759009,0,-0.0703682546945201,-0.00717588348635863,0,0.0386435063364126,0,0,0
0,0.00553490764744096,0,0,-0.0124279044054227,-0.15254213822,0.107258897342358,0,0,0,0,0,0,-0.0126662990863486,0,0,0.0379600291454875,0,0,0,0.00557898754317766,0,0.0895666307952513,-0.0311012668238378,0,0,0,0.142411996383014,0.0861585899305797,1.34289031367155,0,0,0,0,-0.0340528228182317,-0.0751448410102008,0,0,0,0,-0.139850448848191,0,0,0,0,0,-0.000150463757378416,0,0,0,0,0,-0.0842728871101874,-0.125034528306604,0,0,0,0,0,0,0,-0.221170728857726,-0.0656736670739098,0,-0.164174355081033,-0.0785206616042985,0.136476021205744,0,0.0677932151711211,-0.0389587221432338,0,0,0,0,0,-0.0729230605102984,0.0103861920745585,-0.0367490714341133,0.252768488793004,-0.00529460429027101,0,-0.032585359374292,0,0.134410045976718,0,0,0.140390710582257,0,-0.0527005196243878,0,0,0,0,-0.0459120941826032,0,0,0,0,0,0.0167397599452179
-0.113005578156327,0,0,0,0,0,0,0,0,0,0,0,0,0,0,0,0,0,0,0,0.0827398229852288,0,0,0,0.105568388603314,0,0,0,0,0,1.28974295002808,-0.081258834962787,0,0.0649515155425092,-0.123503185628696,0,0,0,0,0.00143372679744629,0,0,0,0,0,0,0,-0.119695553880143,0,0,-0.0405019251855111,0,0,-0.0289264840881695,0,-0.0886139850915354,0.0208649442237976,0.00607865389511142,-0.020776207993978,0,0,0,0,0,0,0,0,0,0.04598834863531,-0.0735411443686551,0.0838707957531091,-0.106308624529377,-0.187973862521095,-0.0256135820331199,0.00386269891798792,0,0,0.010117982435569,0,0,-0.00566975005915987,0,0,-0.0760452226890973,0,0,0,0,0,0,0,0.0685468292075305,0,0.0441968236525564,0,-0.375872741246336,0.0145343226839889,0,0,0
-0.0326120077104535,0,0,0,0.108244329558008,0,0,0,0.0205508039253843,-0.0519824618060722,0,0,0,0,0,0,0,0.00972237822773441,-0.0124233260237897,0,0,0,-0.0720852615431967,0,0,0,0,0,0,0,-0.081258834962787,1.13761582390862,0,0,0,0,0,0,0.0929426396565426,0,0,0,0,0,0.0109332901503089,0,0,0,0,-0.0151196805818482,0,-0.0265040794889658,0,0,0,0,0.0367076844186696,0.00651047995586782,0,0,0,0,0,0,0,0,0.00441213732267583,0,0,0,0,0.0673486962015323,0,0,0.0329410649475371,0,0.122346398584372,0.00175111221138063,0,0,0,-0.128362573060708,0,-0.0190339245805652,0,-0.198457538785819,-0.155677741281507,-0.00639019163649389,0,0,0,0.0289767509318849,-0.0880018480734788,0,-0.0575888309208491,0,0,0,0,0
0,0,0,0.114843274131255,0,0,-0.00468225640058307,0,0,0,0,0,0,0,0,0,0,0,-0.00504652307363973,0.0185889994221631,0,0,0,0,0,-0.0416880809472233,0,0,0,0,0,0,1.18296440235495,0.0788346496334482,-0.0542753724376574,0,-0.0240927460221965,0,-0.155420260731849,0,0.0404622670722932,0,0,-0.129453161019304,-0.121643446463494,-0.0804750924553933,-0.00373974335054961,0,0,-0.010912245292594,0,-0.0462896087803902,0,-0.0114408901938362,-0.0332659606880462,0,0.00164536843847834,0,0.0197982873043781,0,0,0,-0.113079963589299,0.0426683351029327,0,0,0,-0.0983332861099583,0,-0.0130424371143502,0,0,-0.0421376930284784,0,-0.163697423039035,0,0,-0.112475812403735,0,0,0.106733621441654,0,0,0,-0.00314765695279,0,0,0.0206731255264593,0.0178042398546131,0,0,0,0,-0.0728842525990177,0,0,0,0,0,0
0,0,0,-0.0203128227705345,0.0861890647205733,0.131831067507482,0,0,0.0347945973697763,0.0903781766809049,0.0583063648911726,-0.0760920898229829,0,0,0.0141491703814402,0,0,0,0.00439420227361477,0.0915368251126004,0,0,0,0,0,0,-0.115827545028624,0.021711416223691,0,0,0.0649515155425092,0,0.0788346496334482,1.22910873491386,0,0,0,0.134103506026088,0,0.0902707370971972,0.0415122125189331,0,-0.151207569683548,0,0,0,0.00842877184562547,0,0,0,0.0341634722226091,0.11705824584352,0,0,-0.087138537035851,0,-0.052035845615518,-0.0469731468384167,0,0,0,0,0,-0.0234585757159099,0,-0.0656244284246128,0,0,0,0.0875197165046192,0,0,0,0,-0.00307727259763395,0.0689027306281362,0,0,0,0,0,0,0.0464433988037684,0,0,0,0,0,0,0,0.0910424668549725,0,-0.075906107405423,0,0.00510512206789984,0.0881608796564381,0.0825792570209225,0,0,0
0,0,-0.0305943721536607,-0.0283433106534977,0,0,0,0,0,0,0,0.069079561815668,0,0.189131725691652,0.02466042376217,0,0.00873261326903024,0.0304530761332554,-0.288999620571207,0,0,0,0,0.0602504137937033,0,-0.0326456220366885,0,0,0,-0.0340528228182317,-0.123503185628696,0,-0.0542753724376574,0,1.38852615825475,-0.101043473429674,0,-0.0256256705916848,0,0,0,0.152911147371348,-0.140700682724206,0,0,-0.0550138901099137,0,-0.090389412396754,0.375247228240077,0,-0.003086749022902,0,0,0,0.0153765210208959,-0.0124378799032952,-0.0285479048948751,0,-0.00504604845270135,0,0,0,0,0,0,-0.149319453188502,0,0,0,0,0,-0.047054996901298,0,-0.0316406859536286,-0.0135220015662833,0,0,0,0,0.0760802352736891,0,0,-0.140735593413904,0,-0.0898607591218375,0,0,0,-0.0113335210815446,0,0.033280615770618,0,0.0692603612204393,0,0,0,0,0,0,0
0,0,-0.138741949108034,0,0,0,0,0,-0.0176976953951592,0.107316664272034,-0.109517283269916,0,0,0,0,0,0.0219454010485634,0.00191115710291524,0,0,0.0555068228117461,0,0,0,0.099114469481174,0,-0.0688434320225842,0,0,-0.0751448410102008,0,0,0,0,-0.101043473429674,1.2591900295584,0,0,0,0.0577544888898281,0.00347324556797953,0,0,0,-0.0890248644352353,-0.0544771378512329,0,0,0,0,0,0,0,-0.00672078804488541,0,0.0327834458636344,-0.0717028498511053,0,0,0,0,-0.0192349012558229,0,0,-0.102129301985536,0,0,0,-0.0832408744827493,-0.025420719381939,0.119516655874659,0,0,-0.0292549837683656,0.163883328568036,0,0,0,0,0,-0.0469497501769375,0.0871203930934845,-0.0196854749778066,0,-0.163154921563105,0,0,0,0.174108175323326,0,-0.0344852544073135,0.0118714488296912,0,0.0257797685414297,0,0.00895134219403974,0,0,0,0
0,0,0,0.0419749388309102,0,-0.0880485623644446,-0.0827376929882198,0,0,-0.0514276270952439,0,0,0,-0.0110671973060078,-0.0843513113959487,0,0,0,0,0,0,0,0,0,-0.0196842530843608,0,0,0.072270376233925,0,0,0,0,-0.0240927460221965,0,0,0,1.16212105808464,0,0,-0.0663204086812838,0,-0.170194137564649,0,0,0,-0.0414222579156953,0.00774622680764625,0.0342708962941683,-0.01644423255387,0,0,0,0,0,0,0.0128552443966406,0,0,0.0580777515866401,0,0,-0.041507885256539,0,0.0648305138347215,0.025786082473087,0,0,0,0,0,-0.0585208518784241,0,0,0.0255989429482291,0,0,0,0,0,-0.0446514178416227,0.164767681478806,0.0955109300650825,0,0,0,0.0933670027917837,0,0.0580421081833257,0,0,0,0,0,-0.0188874705161116,0,0,0,0.0843489005884951,0,0.0585473539012149
0,0,0,0,0,0,0,0,0,0,0,0,0,0.00831039229400302,0,0,-0.0106544320016357,0,0,0,0,0.0528120551625222,0.0470118434333079,0.0554356989224455,-0.0040927223176344,-0.0241895054185982,0,0,0.0423485451311598,0,0,0,0,0.134103506026088,-0.0256256705916848,0,0,1.11912727571301,0,-0.0516718720541699,-0.0448387125911303,0.0523616806210094,0,0,0,0,0,0,-0.152796246771111,0.00886710074968132,0,0,0,0,0,0,-0.101610435234039,0,-0.0965177336340187,0,-0.0647980382200337,0,0,0,-0.025766118902183,0,0,0.0377363769237024,0,0,0.0515358597530132,0,0,2.58582552287273e-05,0,-0.0085445952272535,0,0,0.0122330490575402,0,0,0,-0.0172037811032505,0,0,0,0,0,0,0,0,0,0.103164099786792,0,0,0,-0.0719938986443334,0,0.0116966963645469,0
0,0,0.0845198080329046,0.0722175051702135,0,-0.171417708872397,-0.234132182874147,0,-0.0644077236061901,0,0,0.111828304764478,0,0.0425893325248173,0.056327901193879,0,-0.0205996764966484,0.000618620566045504,0,0,0,0,-0.00869639388714463,0.0375985647804798,0,0.0995113437094706,-0.0557917163068271,0.00868296785685118,0,0,0,0.0929426396565426,-0.155420260731849,0,0,0,0,0,1.40781841369263,0,-0.0430125938404283,0,0,-0.0317988318541107,0,-0.238087716233581,0,0.111672959755092,-0.057957324573588,0,-0.00730520686028386,0.153752580348387,0.00431354479350152,0,0,0,-0.0888788732232531,-0.121270949944746,-0.0614464443888343,-0.066606029515457,0,0,0,0,0.0229712104745045,0,-0.0918198725928722,0,0,-0.00366115937106671,0,0,0,0.103714423198655,-0.0402471460575874,0,0,-0.0584325946162107,-0.0285643490432084,-0.0326369253774214,-0.00091873314817587,0,0,0.0290991386937772,0,0,-0.158678704017728,0,0,0,-0.200290550433255,0,0,0,0,0,0,0,-0.0649624742221956,0.112919314642388
0,0,0,0,0,-0.0725383946042792,0,0,0.0966547546846698,0,0.0157436383423393,0,0.156210059724266,-0.0195001361353298,0,0,0,-0.0859180354598262,0,0,-0.0901011787253798,0,0,0,0,0,0.00330304183964283,0,0,0,0.00143372679744629,0,0,0.0902707370971972,0,0.0577544888898281,-0.0663204086812838,-0.0516718720541699,0,1.18741279469252,0,0,0,0,0,0,0,0,0,0,0,0,0.0160835980632356,0.0654936171158008,0,0,0,-0.0122062946436678,0.0147053332075833,0,-0.0216247351409429,0.060337388234619,0,0,0,0,-0.224081794069994,0,0,0.00341712059667454,0,-0.044606256279006,0,0,-0.144927543398554,-0.0277038947733561,0,0,0.0343631577576934,-0.0883568717455578,0,0.0363299753912378,0.0446964239032858,0,0.0700312700503684,0,-0.0170296774219382,0.011864444975488,0,0,0,0,-0.114211302619129,-0.0409754293882891,0,-0.0355750055038939,-0.0235935537030891,0,0,0
0,-0.061968477455011,0,0.0323879314771919,0,-0.11543048663534,0,0,-0.0315367803460334,-0.130442760779508,0,0,0,0,0.0191716071351806,0,0,0,0,0,-0.0691071085402145,0,0,0,0,0,-0.0189455137666349,0,0.0303996767644391,-0.139850448848191,0,0,0.0404622670722932,0.0415122125189331,0,0.00347324556797953,0,-0.0448387125911303,-0.0430125938404283,0,1.21371159060019,0,0,0,0,0,0.0411218597763626,0,0,0,0,0.0195957902494252,-0.263976446900791,0,0,-0.0636995418754801,-0.11125181229417,-0.00690940899846535,-0.00760689413746544,0,-0.0298313321219088,0,0.0608320789544893,-0.00040815157362096,0,0.0884326789407267,0,-0.125383633241384,0,0,0,0,0,0.00991796204618773,0.0113822634966841,0,0.0923481358183222,0,0,0,-0.049055372145928,0,0,0,-0.0726652838161111,-0.0169217459775088,0,-0.07094662831215,0,0,0,0,0,-0.061113779903792,0,0,0,0,0,0
-0.019502631922206,0,0,0.0296722652445879,-0.18683309766913,0,0,0,0,0,0,0,-0.0703093980597271,-0.160552155790775,0.0278985592604252,0,0,0,0,0,0.134941075048723,0,0,0,-0.10352792436671,0,0,0,-0.117988852055167,0,0,0,0,0,0.152911147371348,0,-0.170194137564649,0.0523616806210094,0,0,0,1.26582378764689,0,0,0,0,0,0,0,-0.117659724202235,0,0,0,0,-0.0748080282749419,0,0,0,0.0197583284217484,-0.000441089233590533,0,0,0.106762165909422,0,0.0326000599101434,0.0867071124209902,0,0.0323750405923102,0,0.0573702286878151,0,0,-0.0180406503175697,0.0312894128202812,0,0,0,0,0,0,0,-0.0236529323499289,-0.0393018660882127,0,-0.0210869958656975,0,-0.0829024828952336,0,0.0601132070956868,0,0,0,0,0,0,0,0.139498136718944,0,0.0234495628784887,0.0597883672474952
0,0.0110663184120406,0,-0.0171121116341534,0,-0.165910771247498,0,0.104086107331677,0,0,0.0606196806349123,-0.0184168523073863,0,0,0,0,-0.23490548487384,0,0,0,0,-0.170136699791271,0,0,0,-0.0348067866996967,-0.179439352517209,0,0.0622660777637592,0,0,0,0,-0.151207569683548,-0.140700682724206,0,0,0,0,0,0,0,1.33582411077371,0,0,0,0.0773622347397225,0,0,0,0,0,-0.159704249109041,0,0,-0.110056775746711,-0.0708126174027313,0,0,0,0,0.0604149946884633,0,0,0,0,0.0697626245556502,0,0,0.0149042571583715,-0.0378823107125746,0,-0.116113690633164,0,0,0,0,0,-0.0774133564288881,0,0,0,0,0,0,0,0.0302640208081572,0.0810505615138603,0,-0.0887734488006174,0,0,-0.0099479773564043,0,0.0145067258241411,0,0,0,0,0
0,0,0.0172931317815775,0,0,0,-0.0688681241464136,0.0013251429832242,0,0,0,0,0,0,0.0312455848721448,0,-0.0337687405806385,0,0,0,0,0,-0.0342531990576717,0,0.0369496282987045,0,0,0,0.0740946760371725,0,0,0,-0.129453161019304,0,0,0,0,0,-0.0317988318541107,0,0,0,0,1.17716186921441,0,-0.07622936369365,0,-0.0717873454293117,0,0.0421037835020923,-0.112092671682983,0,0,-0.0137236260199559,-0.0519762122766015,0,0,0,-0.055976112931397,0,0,0,0,0,-0.13188759999558,0.0136340367642183,0,0,0,0.107236009934035,0,0.0652919310831445,0,0,0,0,0,0,0.0109031941473111,0,0,0,-0.204917745909522,0,-0.016212673164786,0,-0.123400342228018,0.0796648438234229,0,0,0,0,0,0,-0.0185644468754001,0.042012585511725,0,0,0,0
-0.0206483711356356,0,0,0,-0.00169124440860274,0,0,0,0,0,0,-0.00842357476979237,0,0.00936251427033612,0,0,0,0,0,0,0.0315767839792438,0,0,-0.216688260211826,0,0,0,0,0,0,0,0.0109332901503089,-0.121643446463494,0,0,-0.0890248644352353,0,0,0,0,0,0,0,0,1.33379177621057,0,0.0628331836711797,0,-0.252190966639826,0,0,0,0,0,0,0,0,0.00522313117748677,0,0,-0.242938064197451,0,0.0396712352434094,0.00805448592529248,-0.079790586683143,0,0,0,0.0147046677732889,0,0,0,0,-0.0146927080841878,0.0379695798211353,0,-0.0368030382385802,0,0.174845003884437,0,0,0,0,-0.0698135232804089,-0.137337334537447,0,-0.0716898478552013,0,0,-0.0470472084511552,0,0,0,0,0,0.253880077575307,0,0,0,0
0,0.0629161264253741,-0.0281335203680269,0.10972732060282,0,-0.0405283214542724,-0.134740603215443,-0.125078746094431,0,0.114767735610006,0,-0.0771676856594754,0.142875268579353,0,-0.0114130777598551,0,0,0,0,0.0458207237036102,0,0,0.121121996494235,0,0,0.0533504596549263,-0.12040688885795,0,0,0,0,0,-0.0804750924553933,0,-0.0550138901099137,-0.0544771378512329,-0.0414222579156953,0,-0.238087716233581,0,0,0,0,-0.07622936369365,0,1.43986048068463,0,0,0,0,0,0,0,-0.0212548994221558,0,0,0,0,-0.0446204934528763,-0.107177823617717,-0.219786255555135,0,0,0,0,0,0.0196678455764158,0.0389857408813224,0,0.0349611001842631,0,0.177235106051429,-0.0603953382501984,0,0,-0.0518591902490686,-0.14904561800391,0,0.0472821976863616,-0.0114246169810641,0.0334028544581916,0.00545663511029125,0.0752468405061782,0,0,0,-0.0421610374031338,0,-0.0650836724472277,0.186085609708652,0,0.00192825279613239,0,0,0,-0.163933706064146,0,-0.114832842329077,0,-0.0112601092682598
0.115726702169176,0,0,0,-0.0211601972532696,0,-0.0852463660882283,0,0.0418028722685536,0.022539297795125,-0.0711594981739234,-0.0510801790889419,0,0,-0.0527196699343894,-0.00156776246878037,0,0,0,0,0.0107157283610994,0,0,-0.00722466963933624,0,0,0.022444170499451,0,0,-0.000150463757378416,0,0,-0.00373974335054961,0.00842877184562547,0,0,0.00774622680764625,0,0,0,0.0411218597763626,0,0.0773622347397225,0,0.0628331836711797,0,1.09401240343569,0.00909885344707282,0.00494818859878686,0,0,-0.0137612456575131,0,-0.0526097152076662,0,0,0,0,0,0,0,0,-0.00518645653040462,0,-0.0028575269142255,0,0,0,0,-0.0274158679806161,0,0,0.00916397006179859,-0.0387218935133288,0,0,0.00980483884281188,0,0.0223484739965285,0,0,0.0635598631500524,0,0,0,0,0,0,0,-0.0951195818493045,0,-0.041706861568379,0,0,-0.105932027516964,0,0,0,0,0
-0.0445597143858553,0,0,0,0,0,0.0544848281789982,0,0,0,-0.0465994021752912,0,0,0,-0.060204128128151,-0.139417407327474,-0.166215618374451,0,0,0,0,0,0,0,-0.0423075323520542,0.0253666019775412,0,0,0,0,-0.119695553880143,0,0,0,-0.090389412396754,0,0.0342708962941683,0,0.111672959755092,0,0,0,0,-0.0717873454293117,0,0,0.00909885344707282,1.27982021917228,0,0.0285007192872577,-0.00760834933178139,-0.150492208863173,0,0,0.068691136568421,0,0,0,0,-0.212535760146834,-0.236528625776008,0,0,0,0,0,0,0,-0.0264076580051856,0,0,0,0,0,0,0,-0.0391807148774284,0,0,0,0.0825398656870751,-0.081406491531855,0,-0.0328625885595569,-0.13947677010281,0,-0.0282648926617691,0,0,0,0,0,0,0,0,0,0,0,0,0
0,0,0.104130500792794,0.00651026774201395,0,0,0,0.159010012686901,-0.073149143212325,0,-0.00161103749991313,0,-0.019913266331207,0,-0.137976133370537,0,0,0,-0.125274538856509,-0.147869020793806,0.0150124382087366,-0.00415395007517488,0.00578267556153618,0,0,0,0,0,0,0,0,0,0,0,0.375247228240077,0,-0.01644423255387,-0.152796246771111,-0.057957324573588,0,0,0,0,0,-0.252190966639826,0,0.00494818859878686,0,1.44947391404789,0.0513407423042,0,0.121501770637626,0.0408590125288598,0,0,0,0.039270719269006,0,-0.07817592776432,-0.0798261692115629,-0.269806223920746,0,0.0200678332708653,0,0,0,0,0,0,-0.118547029536933,0,0,0,0.0541604715103431,0.0218554265524506,0,0,0,0,0,0.0224837615002795,0,0,0.113763393212959,0,0,0,0,-0.0885781984755608,-0.00734934433047874,0,0,0,0,0,-0.179703450077605,0,0.041629022731898,0,0
0,-0.222980876840208,-0.00637598011594425,0,0,0,0,0.0491148287581782,0.0738824046912747,-0.0832885787957525,0,0,0,0,-0.0381853085777024,0,0,0.0488148967091367,0,0,0,0,0,0,0,-0.064547100208021,-0.0070766555807752,0,0,0,0,-0.0151196805818482,-0.010912245292594,0,0,0,0,0.00886710074968132,0,0,0,-0.117659724202235,0,0.0421037835020923,0,0,0,0.0285007192872577,0.0513407423042,1.18287327242045,0,0,0,-0.0128020091228997,0,0,0,0,0,0,0,-0.0255491259296303,-0.0551149267395081,0.0227849892793576,0.0116704954820779,0,0,0,0,0,0,-0.0549348018038176,0,0.0968933879465924,0,-0.0917520113464362,0,0,0,-0.135554702100288,0,-0.211220308349265,0,0,-0.000413084320993684,0,0,0,0,0,0,0,-0.0495207630514355,0,-0.0219552644157014,-0.00922543321133482,0,0.0155430166104803,0,0
-0.0208768442516353,-0.0685261996901227,0.142081844370763,0,0,-0.0330193210155282,0.0392240652522767,0,0,0,-0.0227934071011688,0,0,0,0,0,0.197403778528544,0,0,-0.0639258010062437,0,0,0,-0.0739611795821123,0.0139119753990891,0,0,0,0,0,-0.0405019251855111,0,0,0.0341634722226091,-0.003086749022902,0,0,0,-0.00730520686028386,0,0,0,0,-0.112092671682983,0,0,0,-0.00760834933178139,0,0,1.29490147207117,0,-0.109780255018686,0,0.0331474723380362,0,0,0,-0.151656790015919,-0.152509696095162,0.262310519765634,0,0,0,0,0,0,0,0,-0.0193425366270216,0.0205552838716004,0.0249847754392501,0,0,0,0,-0.0690163008752824,0.0907432728315884,0,0,0,-0.0505681658699119,-0.0442299072424856,-0.139875483986645,-0.135697173118398,-0.04599343249218,0,0,0,0,-0.119316579667695,-0.0450239120677025,0,0,0,0,-0.081907065203064,0,0,0
