"X1","X2","X3","X4","X5","X6","X7","X8","X9","X10","X11","X12","X13","X14","X15","X16","X17","X18","X19","X20","X21","X22","X23","X24","X25","X26","X27","X28","X29","X30","X31","X32","X33","X34","X35","X36","X37","X38","X39","X40","X41","X42","X43","X44","X45","X46","X47","X48","X49","X50","X51","X52","X53","X54","X55","X56","X57","X58","X59","X60","X61","X62","X63","X64","X65","X66","X67","X68","X69","X70","X71","X72","X73","X74","X75","X76","X77","X78","X79","X80","X81","X82","X83","X84","X85","X86","X87","X88","X89","X90","X91","X92","X93","X94","X95","X96","X97","X98","X99","X100"
1.2730886074562,0,-0.0956930500555805,0,-0.0181482820864061,0.00956955603203415,0,0,0,-0.0263162525376988,0,0.0266978194180594,0,0,0,0,0,0.0296340155262267,0,0,-0.0391087868893963,0,0,0,0.013991640855967,0,0,0,0,0,0,0,0,0,0,0,0,0,0,0.123466806398808,0,0,0,0,0,0.21169608269149,0,0,-0.195531978241179,0,0,0,0.0425192143307309,0.0498022506250154,0,0,-0.0386033287507363,0,0,0,-0.0465887404008542,0.137722889959691,-0.0465153210787725,0,0,0,0,0,0,0,0,0,0,0,0.287642057331873,0.00954050797530796,0,0,0.151161094947282,0,0,-0.014616174517561,0,0,0,0,0,-0.0471774919257181,0,-0.0252090576853882,0,0,0,0,0,0,0,-0.0966837181542798,0,0
0,1.19538162124306,-0.1962444191119,0.0182652187483355,0,0,0,0,0,-0.0413417004595321,-0.01648600931079,0,0,0.00181319184413562,0,-0.0387166347984457,0,0,0.160294838395432,-0.0715461484741223,0,-0.0034416764925658,-0.0778153495869179,0,0,0,0,0,0,0,0,0,0,0,-0.131016059270549,0.0881797736238524,0,0,0,-0.0535563870438734,0,-0.0248654371699397,0,0,0,-0.0972655885644226,0,0,0,-0.119075491474385,0,0,0,-0.066440201356878,0,0,-0.0755088421955044,0,-0.0244407416043407,0,0,0,0,0,0,0,0,0,-0.025011976938258,-0.0647848609916986,0,-0.0422771490969808,0.0533877256685241,0,0,0,0,-0.124194194862128,-0.0692063812875259,0,0,0,-0.0195007151379592,-0.0953040407627637,0,0,0,0,0,0,0,0,0,0,-0.0595886520597198,0,0,0,0,0
-0.0956930500555805,-0.1962444191119,1.62541057109678,0,0.134145088020765,0.0765463654451116,0,0.326568034604131,0,0.151013536382907,-0.00180165281309575,-0.0457769113842622,0,0.0641004621234156,0,0,0,0,-0.0708806290083446,0,0,-0.0246798518335388,0.0192045045585314,0,0,0,0,-0.0485848626767414,-0.087749567294414,0,0,0,0.300286946642114,0,0.344342541959,0,0,0,0,0,0,0,0.0623710057921295,0,0,0,0,0,-0.0221212196595527,-0.105226023450402,-0.207459848200338,0,0,0.00371943091045519,0,0,0,-0.162067511051638,0,0,0,0,0.15039752559597,0,-0.18746642380492,0,0,0.00697820600962842,-0.15508693706138,0,0,-0.0473545572755315,0.0850752043009593,0,0,0.00512161235686069,0,0,0,0.0879399958932114,0,-0.119778738137362,0,0,0,0,0,0.0462134094865235,0.113892292771619,0,0,0,0,-0.122216757508303,-0.0600240894498977,0,0,0,0,0
0,0.0182652187483355,0,1.25489984807845,0,0,0.00101862029668539,0,0,0,0,-0.044438791989565,0,0,0,0.0261454233967863,-0.146679476766141,0,0,0,0,0,0,0.171256833990168,0.00679522349590439,0.0606037099291408,-0.0960014033273288,0,0,-0.100137072273534,0,0,0,0.0390023310533958,0.0244979141966285,0,0,0,0,0.0961280123031177,0,-0.280272325889478,0,0,0,0,-0.0105727968306351,0,0,0,0,0,-0.0909701451966475,0,-0.0324234202949446,0,0,0,0.054979176103029,0,0,0,0,0,0,-0.0330029412320743,0,0,0,0,0,0,0,0.12335278859524,0,0,0,0.16951963808779,0,0,0,0,-0.0782995174993008,0,-0.0990325271023019,0,0.0827271877265313,0,0.00480898950754289,0,-0.0220302249765692,0.00806906001983849,0,0,0,0,0,0.0712295861868141,0.0134324302183039,0
-0.0181482820864061,0,0.134145088020765,0,1.145447991222,-0.0681307417768427,0,0.0400697228690838,0,0,-0.0519434346413288,0.0221669731443578,0,-0.00392150931812818,0,0,0,0.0204946267380595,0,0,0,-0.0753873999379183,0,0,0,0,-0.0136632161878755,0,0,0,-0.205349681374549,0,0,0,0,0.0106039508771579,0,0,0,0,0,0,0,0,0,0.0732081802899799,0,0.0381047718192822,-0.0153390367303318,0,0,0,0,-0.0194660122793694,0,-0.0995902602117294,0,0,-0.0145376804459904,0,-0.105255124908903,0,0,0,0.0542808092069984,0,0,-0.0326689825768671,0,0,0,0,0,0,0,0,0,-0.00604197658255397,0,-0.0244049396811777,0,0,0,0,0,0,0,0,0,0,-0.0139153844344869,-0.00483339319851388,0,0.140463581555193,0,0,0,0,0,0
0.00956955603203415,0,0.0765463654451116,0,-0.0681307417768427,1.20373800662939,0,0,0,-0.066019151027938,0,0,0,0.013538775075469,0,0,0,0,0.0629932161366107,-0.0214329270097948,0,0,0,-0.0540409611065134,0,0,0,0.0207566253902507,0,-0.0844279022547506,0,-0.00690880421722885,0,0,0,0,0,0,0,0,0,0,0,0,-0.193581162561761,0,-0.111093947327839,0.0147019350093472,0.0144413323397297,0.0267591601855229,-0.0271583053908121,0,0,0,-0.0674628716829511,0,0.00871937558392317,-0.0606697699348066,-0.0276765319335835,0,0,-0.0019421807690303,0,0,0.116639869162397,0,-0.0599774411248297,0,0,-0.0707900285761761,-0.0469972753622297,0,0,0.0853132910706602,0,0,-0.0361341894755802,-0.121989895545316,-0.126829229987448,0,0,0,0,0,-0.0358643110554121,-0.0307190247915966,0.0370281416732764,0,0,0,0,-0.00778036515963694,0,0.0541256438120804,0.027218334022343,0,0,0.046025754135331,0,0
0,0,0,0.00101862029668539,0,0,1.11812861129047,0,0,0,0,0,0,0,0,0,0,0,0,0,0,0,0,0,0,0,0,0,0,0,0,0,0,0,-0.0531014958663281,-0.0747065417112872,0.0163375169510289,0.109185474961957,0,-0.130879241629437,0,-0.0315213959163103,0,0,0,-0.043517048587674,0,0,0,0,0,-0.126091338977996,-0.0171505238201994,0,0.106205564699305,-0.011165549652695,-0.0488917867800325,0.0787707856740353,0,0,-0.0963149745914334,0.014328671613346,0,0,0,0,0.0442539577854569,0,-0.0795576753774448,0,0,-0.0420619284842958,0,0,0,0,0,-0.0522762641652846,0,0,0,0,-0.077001894181044,0,0,0,-0.0482306042560847,0,-0.0641269690888593,0,-0.00537697824615143,-0.0112489728827214,0,-0.109634902392782,0,0,0,0,0,0.0214195473857281
0,0,0.326568034604131,0,0.0400697228690838,0,0,1.37148119025703,0.230956746559567,0.0331616126378552,0.0196692428134024,0,-0.0261488540770806,0,0,0,-0.0347958406542533,-0.095913098669058,0.0493317977672206,-0.00238717552255979,0,0.178759482389037,-0.00243883681328248,-0.0158061727665025,0.0762313348979623,0,0,0,0.0995103983531383,0,0,0,-0.0158225466834479,0,0,-0.0741041051808655,0,0.133654449520244,0,0.0692339986992596,0,0,-0.128784336562023,0.168827252290179,0,0,0,0,0,-0.202260822356722,0,0,0.0827161237095628,0,0,-0.10704449324999,0,0,-0.00876439670175378,-0.041422962262463,-0.00223975559685837,0,0,0,0,0,0,0,0,0,0,0,0,0,0,0.0589330112963177,0,0.109943273675063,0,-0.0437973223725192,0,0,0,0,0,0,0.00363978805231895,0,0,-0.0373336700757825,0,0,0,0.0447215437611283,0,0,0,0,0.10016806919708,0
0,0,0,0,0,0,0,0.230956746559567,1.18147516836025,0,0,0,0,0,0,0,-0.0319887204236443,0,0,0,-0.116356437227452,0,0,-0.0573005948950067,0,0,0,0.0466541409175135,0,0,0,0.0070988540776967,0,0,-0.133332417194605,0,0.0250757105595905,0,0,0,0,0,0,0,0,0,0,0,-0.0299328650383446,-0.180722095793263,0,0,0,-0.0505176998283024,0,0.106304664781918,0.00453843622408633,-0.00966531738090294,0,0.0894161485241573,0,0,0,0,0,0,0,-0.0619626871062777,0,0,0,0,0,0,0.00145449219584551,0,0.0999227839542723,-0.0143570752627118,0,0.087504440881563,0,0.0713881800852986,0,0,-0.126852177052814,0,0,0.0645295000713141,0.00577423846927039,0,0,-0.0290057520380073,0,0,0,0,0,0,0,0
-0.0263162525376988,-0.0413417004595321,0.151013536382907,0,0,-0.066019151027938,0,0.0331616126378552,0,1.23016452829006,0,0.0853057349266712,0,0,0,-0.063821545800144,0,0.135179544259539,0,0,0,0,0,0,0,0.11738917786175,0,-0.0321360335324123,0,0,0,-0.0400413624953938,0.0402126138173155,0,-0.0484278027983301,0.0105900198692763,0,0,0,0,0,0,0,0,0,0,0,0,0.0131014967152186,0,0,0.0895611124452546,0,0,0,0,0,0,0,0,-0.190279830123749,0,-0.127448817855705,-0.00557797441744712,0,-0.0177568082341226,0,0.032462767476982,-0.0148587563372997,-0.0786634080151432,0,0,-0.0997918647820922,0,0,-0.114765111045837,0,-0.0981927171639636,0,-0.00724454209966719,0,0,0,0,-0.0744743402286426,0,0,0,0,0,0,0,0,0,0.0126933198833417,0.111118865054899,0,0.0778242183731317,0,-0.0403434428289292
0,-0.01648600931079,-0.00180165281309575,0,-0.0519434346413288,0,0,0.0196692428134024,0,0,1.41743671511437,0,-0.0267695750176828,0.132218488684564,0,0,0,0.054046231717887,0,0.115185831111427,0,0,0,-0.0574980099730384,0,0,-0.0241598312742134,0,-0.172431547513128,0,0,-0.0581621926516505,0.201999608721989,0.000926614150668809,0,0,0.0360625582525282,-0.113954503493164,0.284589224292468,-0.030257434858481,0.0512107880782283,0.0218664793847305,0.0179061064777056,0,0,0,0,0,0.0672916435377706,-0.0373150631531692,0.109535116537991,0.0773534221796266,0,0,-0.0457934538573474,0,0,0,0,0.128743566306906,0,0,-0.243243372696126,0,0,0,-0.124568616960485,0,0,0,0,0,0.14375187644652,0,0,0,-0.070456413739769,-0.0782508695795781,0,0,0,0.0161680426517889,0,0,0,0.169808248573169,-0.106371223078257,0.0116004543529429,0,0,0,4.92796846580142e-05,0,0,0,0,0,0,0,0
0.0266978194180594,0,-0.0457769113842622,-0.044438791989565,0.0221669731443578,0,0,0,0,0.0853057349266712,0,1.11847540744675,0,0.0195899139266222,0.027812412565773,0,0,0,0,-0.0716178473533379,0,0.00216309642268545,0.0376322408351649,-0.0420658744659324,0.0822996830774504,0,-0.162515187477178,0.0205640515555209,0,-0.0469344999336664,0,0,0,0.142937849470361,0,-0.0459531703259097,0,0,0,0,0,0,0,0,-0.0954182216442273,-0.029786180686956,0,0,0,0,0,0,0,0.00744861467569418,0,0,0,0,0,0,0,0.162500503321497,0,0,0,0.0129756306423945,0,0,0,0,-0.0399147749525966,0,0,0,0,0,0,0,0,0,0,-0.00781001641771083,0,0,0,0,0,0.00803405685541928,0,-0.0443730812232329,0,0,0,0,-0.0102337404465871,0,0,0.0279143243286094,0,0
0,0,0,0,0,0,0,-0.0261488540770806,0,0,-0.0267695750176828,0,1.15328273802968,0,0,-0.0673865351109256,-0.0515478484632126,-0.113570790802376,0,-0.0140241747428322,0,0,0,0,-0.0128457450865771,-0.00343716973052731,0,0.148545785173122,0,-0.0417426997304537,0,0,0,0,0,0,0,0,-0.0454122507297419,0,8.39860344862262e-05,0,0,-0.0337953579912028,0.138694786289913,0,0,0,0,0,0,0.00247985807058998,0,-0.211900205710858,-0.0118945628739527,0,0,0,0,0,0,0,0.073160521295569,0,0,0,0,0,-0.0351422348221651,0.0488816418967766,0,0,0,0,-0.0344124348958245,0,0,0,0,0,0,0,-0.063485821457253,0.0826476946555906,0,0,0,0,0,-0.0201296975227634,0,0,0,0,0,-0.159226788813628,0,0,0,0.00796641663339689
0,0.00181319184413562,0.0641004621234156,0,-0.00392150931812818,0.013538775075469,0,0,0,0,0.132218488684564,0.0195899139266222,0,1.17602074507166,0.221569220746375,0,0,-0.11518061477173,-0.0398122318216975,0.0962935800061687,0,0,0,0,0,0,0,0,0,0,0.00124676870401983,0,0,0,-0.00470786080484113,0,0,0,-0.0131465416974718,0,0,0,0,0,0.0171162462369172,0,0,0,0,0,-0.054860261701476,0,0.0247772412292837,-0.100230829615389,0.0132358586700943,0,0,0,0,-0.0448923473711108,0,0,-0.0261530649302313,0,0,0,0,0,0,0.107289353358016,0,0,0,0,0,-0.0709831075307724,0,0,0,0,0.0104340062067487,-0.0763935571416041,0,0.1765910355581,0,0,-0.0791189984347529,0,-0.0123602388759018,0,0,0,0.00201749224796788,0,0.0284355633016991,0.0851986626767612,0,0,0.0138102139816272,-0.0854407278515292
0,0,0,0,0,0,0,0,0,0,0,0.027812412565773,0,0.221569220746375,1.35826667784566,0,-0.000897088210670449,0,-0.0335703319130504,-0.106452072026181,0,0,0,-0.0325209572771925,0,0.0466058685610929,0,0,0,0,0,0.0131810641033116,0,0,0,-0.113379520609981,-0.0127147965852383,0,-0.0464945602097683,0,0.0845787893583688,0.122615064894795,0,-0.0163278026049185,0.0222172138101023,-0.016642359456482,0,0,-0.179526493484102,0,0.0247973128457259,0,0,0,0,-0.0667084938057586,0.141724401844272,-0.13158081744716,0,0.115811635272547,0,-0.0119751371449822,0,-0.050770827733242,0,0.036614424345083,0,0,0.151621586299499,0,0,0,-0.00236639606691244,0,0,0,0,0,0,0,0.0179518492056454,0,0.0163651916170495,0.0773675441868624,-0.185221773225631,0,0,0.0923910521436042,-0.0604905154990624,0,0.135210383075049,-0.0129977967032786,0,0,-0.0107532026056335,0,0.073259941360503,0,0,0
0,-0.0387166347984457,0,0.0261454233967863,0,0,0,0,0,-0.063821545800144,0,0,-0.0673865351109256,0,0,1.21969255924659,0,0,0,0,0,0,-0.0292181642986572,-0.0327267214681049,0,0,0.00287766475876142,0.090013866482865,0,-0.178317199912223,0.0701432288444611,-0.0859388356841187,0.000420629849710155,0,0,-0.0370445036895737,-0.10599432978077,0,0,0,0,0,0,0,0,-0.0320333337233821,-0.126063098508362,0,-0.0682928933777455,0,0,0,0.206299718185778,0,0,0,0,0,0,0,-0.0615881794996774,0,0,0,0,0,0,0,-0.0833312768306907,0,0.0685027307080059,0,0,0,-0.0756249097976814,-0.0232000744184252,0,0,0,-0.0723726212730375,0,0,-0.136750287804659,0,0,0,0,0,0,0,0,0.0367051458067095,0,0,0,0,-0.0935004917963069,0,0,-0.0811883028862339
0,0,0,-0.146679476766141,0,0,0,-0.0347958406542533,-0.0319887204236443,0,0,0,-0.0515478484632126,0,-0.000897088210670449,0,1.51987510646117,-0.0155517627571457,0,0,-0.0475681474432786,-0.063869651444165,-0.00256912980126847,0,-0.0656654785535737,0,0.0192882283868928,-0.145397752643449,-0.234748243124153,0,0,0,-0.0584298777947814,0,-0.0959002110174189,0.124526576363443,-0.0735626920828215,0,-0.215772983263378,0.0302669048256174,-0.00682563008783759,-0.0340194558959634,0,0.077140161468517,0,-0.0273377155825556,0,0,-0.0864813225136581,-0.0941474718293275,0.0237182731589079,0,0,0,0,0,0,0,0,0,0,0,0,-0.10185910709222,0,0,0,-0.10205352869362,0,-0.0436141436682929,0.0347733041996421,0,0,0,-0.150323021803763,0,0,0.129776885056715,0.000317261921396472,-0.0398107463156536,0.0860918875815215,0,0,-0.0214936760468807,-0.0372669343455684,0.0025223077224051,0,0,0,-0.270299278564171,0,-0.0454005922941183,0,0,0,0.251858459324624,0,0.00775349611271909,-0.0677560363580938,0
0.0296340155262267,0,0,0,0.0204946267380595,0,0,-0.095913098669058,0,0.135179544259539,0.054046231717887,0,-0.113570790802376,-0.11518061477173,0,0,-0.0155517627571457,1.16932716865164,0,0,-0.0996876684779931,0,-0.0334585590366097,0,-0.120099667903798,0,0,0,0,0,0,0,0,0,0,0,-0.139288105482089,0,0,0,0,-0.00928060598579404,0,0,0,0,0,0.0175599994960321,-0.00048139226422345,0,0,0,0,0,0,0,0,0,0.0389088138507397,0,0,-0.0579669112591226,0,0,0,0,0.0384185242171977,-0.0872607608570395,0,0,0,-0.0920753976525408,0,0,0.0297565274870715,0,0,0,0,0,0,0,0,0,0,0,0,0,0,0,0,0.0362018583937485,-0.159954519497135,0.071010596286124,0.0125533257822589,-0.0213818150394788,0,0,0,0.00651372362628485
0,0.160294838395432,-0.0708806290083446,0,0,0.0629932161366107,0,0.0493317977672206,0,0,0,0,0,-0.0398122318216975,-0.0335703319130504,0,0,0,1.20080723263285,0.0252987063244993,0,0,0,0.0366364492493685,0,0,0,0,-0.0867232521110773,0,0.0197596205492407,-0.0245815567094957,0,0.132369080121238,0.142073082895875,0,0,0,0,0.0024811512000681,0,0,0.143915463754445,0,0,-0.138282808458592,-0.0353680790485839,0,-0.0717473122240867,0,0,0,0.0435187904332116,0,0,-0.058011785840137,0.0833045098430946,0,0,0,0.0307333532921732,-0.0507927018940136,-0.0642813980409297,0,0,0,0,0,0,0,0,0,0.0416701730785864,0,0.10384747189016,0,0.105048671526019,0,0,0,0,0,0,0,0,0,0,0,0.0165180669507602,0,0,0.0459471562223082,0,0,0,0,0,0,0,0
0,-0.0715461484741223,0,0,0,-0.0214329270097948,0,-0.00238717552255979,0,0,0.115185831111427,-0.0716178473533379,-0.0140241747428322,0.0962935800061687,-0.106452072026181,0,0,0,0.0252987063244993,1.14202947453716,0,0,0.023158172089723,0,0.0272892978177941,0,0,0,0.0316592392385725,0.0638637912898524,0.0277444368667781,0,0,0,-0.0387179226354998,0.014273744505642,0,0.0139421535526974,-0.0579123550760006,0,0,0,0,0,0,0,0,0,0,0.0500243159280323,0,0,0,0,0,0,0,0,0,0.00708242580772101,0,0,0,0.118510906744321,0,0.0830690438448705,0,0,0,0,0,0,0,-0.0468576648281237,0,0,-0.020819272276931,-0.0496313504599513,0,-0.0791480661925787,0.00283762897875128,0,-0.0470106703937592,0,-0.150456060748523,0,0,0,0,0,0,0,0,0,-0.103960494687303,0,0,0,0,0
-0.0391087868893963,0,0,0,0,0,0,0,-0.116356437227452,0,0,0,0,0,0,0,-0.0475681474432786,-0.0996876684779931,0,0,1.17794566123585,0.0346896588340596,0,0,0,0,-0.0337641686963424,-0.0470517530040697,0,-0.148970220177492,0,0,-0.00906355661151816,0,0,0,0,0.0274513318901545,0,0.0925403108476922,0,0,-0.0658400431737335,-0.167727329901214,0,0,-0.119454376267407,0,0,0,0,0,0,0,-0.0135651213244758,0,0,0,0,0,0,0,-0.0122549557311922,0,0,0,0,0,0,0,-0.0318286619003454,0,0,0,0,-0.0616554200695952,-0.0257989142592171,0,-0.10623901953351,-0.0182070270747625,0,0,0,0,-0.00778380733419012,0,0,0,0,-0.0202614159863287,-0.0562127186726598,0,-0.0218030027873276,-0.0393158644548487,0,0,-0.155801808233526,0,0,0
0,-0.0034416764925658,-0.0246798518335388,0,-0.0753873999379183,0,0,0.178759482389037,0,0,0,0.00216309642268545,0,0,0,0,-0.063869651444165,0,0,0,0.0346896588340596,1.14041112805183,0,0,-0.0147712057824085,-0.00524235520927672,0,0,0,0,0,0.0437000023245205,0,0.0697751166587428,-0.0510947985728918,0,0,0,0,0,-0.0536848527559859,0,0,0,0,0,0,0.0208517990080109,0,0,0,-0.0699714564640704,0,0,0,0.038183584084822,-0.0208928389686243,0.0721928079696994,0.0616170085842202,0,0,0,-0.00730138971775652,-0.0515742005097876,0,-0.0266121871576556,0,-0.0589403873998473,0,-0.0297257059241196,0,-0.107524794868353,0.0056810055699697,0,0,0,0,0,0,0,0,0,0,0,0,0,0,0,-0.146831985011949,0,-0.14070184240577,0,0,-0.0109596842783624,0,0,0,0,0,0.0247153370489834
0,-0.0778153495869179,0.0192045045585314,0,0,0,0,-0.00243883681328248,0,0,0,0.0376322408351649,0,0,0,-0.0292181642986572,-0.00256912980126847,-0.0334585590366097,0,0.023158172089723,0,0,1.15033696361163,0.0300170139973335,0,0,0,0,0,0,0,0,0.0117204765173279,-0.0532207213357617,-0.0555577748889456,0.0811357622033596,0,-0.108175674498807,-0.0168657902327348,0,0.0775704597925228,-0.0494140424205384,-0.103992314129199,0,0.0134753001437809,0,0,0,0,-0.0744206712827449,0,0,0,0,0,-0.0656960978404651,-0.000515341781802261,0,0,-0.0509244900275771,0,-0.0337367597896872,0,0,-0.0370675904460473,0,0,0,0,0,0.0056912633115997,-0.20507584905902,0,-0.0151462217732688,-0.0675326113986949,0,0,0,0,0,0,0,0,0.00838098446559973,0,0,-0.0166192398170668,0,0,0,-0.0564253006936542,0,0,0,0,0,0,-0.0443688832728423,-0.0279766347838747,0
0,0,0,0.171256833990168,0,-0.0540409611065134,0,-0.0158061727665025,-0.0573005948950067,0,-0.0574980099730384,-0.0420658744659324,0,0,-0.0325209572771925,-0.0327267214681049,0,0,0.0366364492493685,0,0,0,0.0300170139973335,1.12953167031619,0,0,-0.0615401472745237,0.0244908070552071,0,0,0,0,0,0,0,-0.128933943513885,0,0,-0.0776903072234453,0,0,0,-0.0198302159223944,0,0,0,0,0.0657348619604052,-0.0769909464881427,0.0142000110654716,0,0,0.00781814558106156,-2.63278189957729e-06,-0.0660386571436025,0.0216773498237275,0,0,0,0,-0.0137007186222941,0,0,0,0.019240083045857,0,0,-0.138184122062002,0.107000981401499,0,0,0,0,-0.007683247623907,0,0,-0.0365097131178847,0,0.0355201725560538,0,0,0,0.0759782957714098,0,0,0,0,0,0,0,0,0,0,0,0,0,-0.0170273653952521,0,0,0
0.013991640855967,0,0,0.00679522349590439,0,0,0,0.0762313348979623,0,0,0,0.0822996830774504,-0.0128457450865771,0,0,0,-0.0656654785535737,-0.120099667903798,0,0.0272892978177941,0,-0.0147712057824085,0,0,1.1725937574573,0,0,-0.0782709866998551,0,0.188060441463546,0,0,0,0,0,0.0220886845861666,0,-0.0515209933405568,-0.0311258644812193,0,0,0,0,0,0.0260596984419867,0.0451714109807803,0,0,-0.0538678152143991,0,0,0,-0.119914395698455,0,0,0,0,0,0.0115648160528724,0,0,0,0,0,-0.0354632948961893,0,0,0,0,0,-0.235684077254898,-0.0639157894008319,0,-0.0453314037675077,0,-0.0403355009076869,0.0511624708493084,0,0,-0.0267174703825887,0,0,0,0,0,0,0,0,0.0102431527553227,0,0,0,-0.035827663769993,0,0,0,0,-0.0268708965953091,-0.023077448035376,0
0,0,0,0.0606037099291408,0,0,0,0,0,0.11738917786175,0,0,-0.00343716973052731,0,0.0466058685610929,0,0,0,0,0,0,-0.00524235520927672,0,0,0,1.09252704665498,-0.0359139143924034,0,0,0,0,0,0,0,-0.0101423498309446,0,0,0,-0.136480960228156,0,0,0,0,0,0,0,0,0,0,0,0,0,0,0,0,-0.00809317919487763,0,0,0,0,-0.0173443910785514,0,0,-0.0312625419708739,0,0,0,0,0,0,0,0,0,0,0,0,0,0,0,0,-0.0215288456908911,0,0,0.0153832283179368,0.215090630000529,0,0,0,0,0,0,0.0591285384239487,0,0,-0.048785359427273,-0.0485113790993925,0,0,0,0
0,0,0,-0.0960014033273288,-0.0136632161878755,0,0,0,0,0,-0.0241598312742134,-0.162515187477178,0,0,0,0.00287766475876142,0.0192882283868928,0,0,0,-0.0337641686963424,0,0,-0.0615401472745237,0,-0.0359139143924034,1.25665758980414,0,0,0,-0.084334847972179,0,0,0,0,0,0.031802025252899,-0.0101778459447693,0,0,0.070101905934579,0,0,0,0.050615532395154,0.121071025499422,0,0,0,0.0200855180835626,0,0.0232806411013211,0,0.105974083997958,0,0.0443332843320457,0,0,0.0016444083671772,0,0.0414676672864726,-4.84089605934814e-06,0,0,0,0,0,0,0,0,0,0,0,0,0,0,-0.367943675562542,0,-0.0186987924864239,0.118371339586182,0,0,0,0.11479434623944,0,0,0,0.0346052556552953,0,0,0,0,-0.01694821497836,0,0,0,-0.0549889170837319,0,0,0
0,0,-0.0485848626767414,0,0,0.0207566253902507,0,0,0.0466541409175135,-0.0321360335324123,0,0.0205640515555209,0.148545785173122,0,0,0.090013866482865,-0.145397752643449,0,0,0,-0.0470517530040697,0,0,0.0244908070552071,-0.0782709866998551,0,0,1.11910572507229,-0.0230299840937546,0.0278255636395415,-0.0153641135322905,-0.0507168283138455,0,0,0,0,0,0,0,0,0,0,0,0,0,0.0545073708947155,0,0.0148071530958566,0,0,0.0197583068643882,0.00204906468338918,0,0,0,-0.0851156147705997,0,0,0,-0.0600689532622997,0,0,0,-0.0595640223195694,-0.00425041420934025,0,0,0,0,0,0,0,0,0.0507336044284074,0,0,0,0.0454273993522375,0,0,0.0343613789295767,0,0,0,-0.111683190854173,0,-0.00736450370806793,0,0.0541112777924165,0,0,0,0,0.0765069328358962,0,0,-0.0534116683561724,0,0,0
0,0,-0.087749567294414,0,0,0,0,0.0995103983531383,0,0,-0.172431547513128,0,0,0,0,0,-0.234748243124153,0,-0.0867232521110773,0.0316592392385725,0,0,0,0,0,0,0,-0.0230299840937546,1.30136404246956,-0.204339478470838,0,0,0,0,0,0,0,-0.0938973119229795,0,0,0,0,0.0150197020501687,0,-0.0170668532809781,-0.102914591857163,0,0,-0.187105292925584,0,0,0.107489997370076,0,0,0,0,0,-0.0317378173914813,0,0.0620653067871368,0,0,-0.00122218541755995,0,0,0,0,0,0,0,0,0.0159282850179009,-0.185761827720098,0,0,-0.0369860829026878,-0.015866662598657,0,0,0,0,0,0,0,0.0127564727171855,0.0596743440512413,0,0,0,0,0,0,0,0,0,0.149377996225966,-0.066648414729479,0.00200653623977999,0,0.0101050643328796
0,0,0,-0.100137072273534,0,-0.0844279022547506,0,0,0,0,0,-0.0469344999336664,-0.0417426997304537,0,0,-0.178317199912223,0,0,0,0.0638637912898524,-0.148970220177492,0,0,0,0.188060441463546,0,0,0.0278255636395415,-0.204339478470838,1.40495092102484,0,0,0,-0.0580464270058991,0,-0.0431444718453275,0,0,0,0.00955605749551057,0,0,-0.140893173982705,-0.0120882270268328,-0.00157290598481134,-0.00899190313062563,0,0,0,0.0268092504799709,0,0,0,-0.0884741776716243,0,0.02721156215438,0,-0.144651753127681,0,0,-0.0760751950426221,0,0,0,0,-0.299071264680247,0.0438330205405261,0,-0.128222273867047,0,0,0,0.0672274197198311,0.0380088278458079,0,0,0,0,0,0,0,0,0,0.0172918845260904,0,-0.145620730586492,0,0,0.130770759524136,0,0,0,-0.0630833523467165,0,0,0,-0.0395507378484239,0,0.114945310446864,0.220412564142437
0,0,0,0,-0.205349681374549,0,0,0,0,0,0,0,0,0.00124676870401983,0,0.0701432288444611,0,0,0.0197596205492407,0.0277444368667781,0,0,0,0,0,0,-0.084334847972179,-0.0153641135322905,0,0,1.21708243601363,0,0.116887666574001,0,0,0,0.0972107840320754,0,0,0,0,0,-0.0244055376080162,-0.0199494131533143,0,0.104069183524076,0,0,0,0.0175076768000659,0.000257047945585629,0,0,0,-0.0118094244919467,0,0.083379797791652,0,0,0,-0.0263058485627698,0,0,0,0,-0.0112642774867651,0,0,0,0,0.0322169956766426,0,0.0296513867277878,0,0,0,-0.0500284519931823,0,-0.263579624274978,0,0,0,0.0391915935468649,0,-0.0705590951721666,0.00763048794292821,0,0.025204423389776,0,0,-0.0153154155679051,0,-0.123128468354402,0,0,0,0.0517798113823402,0,-0.0400119931815352,0
0,0,0,0,0,-0.00690880421722885,0,0,0.0070988540776967,-0.0400413624953938,-0.0581621926516505,0,0,0,0.0131810641033116,-0.0859388356841187,0,0,-0.0245815567094957,0,0,0.0437000023245205,0,0,0,0,0,-0.0507168283138455,0,0,0,1.28355875965298,0.0331505336201692,-0.000441823065505904,0,0,0.0192798996217264,0,0,0,0,0,0,0.074949422981983,-0.0485078868262845,0,-0.0362320104619182,0,0,0.0607292830651685,0,0.0321567518380433,0,0.165918787649732,-0.164778938149641,0,0,0,0.101040589044868,0,-0.0245411427984693,0,0,0,0.027520365914435,0.0160913982625004,0,0,-0.0432586957544024,0,0,0,0,0,0,0,-0.00335176408792628,0,0,-0.0095440181785665,0.0757748100443447,0,0,0.0411038461217365,-0.141672590952632,0,0,0,0,0.138022793958303,-0.029848136867551,0.145638212453701,0,0,0,-0.29353422843695,-0.0586784911920298,0,0.0629186062245668,0
0,0,0.300286946642114,0,0,0,0,-0.0158225466834479,0,0.0402126138173155,0.201999608721989,0,0,0,0,0.000420629849710155,-0.0584298777947814,0,0,0,-0.00906355661151816,0,0.0117204765173279,0,0,0,0,0,0,0,0.116887666574001,0.0331505336201692,1.30313474503278,0.00684722536676277,0,0.149890088399249,-0.0484153962791993,0,0.226943102729631,0.0353333522089787,0,-0.0867815852674869,0,0,0,0,0,0.0623980551994589,0,0,0,0,0,0,0,0,0,0.0910772138388615,0.177082057597128,0,0,0.00255649070921597,0,-0.00511092127410234,0,0.00178969011718437,0,0,0,0,0,0,0,-0.0382032789880323,0,-0.0394909509214303,-0.0578174389780611,0.0292281864200696,0,0,0,0.0538830968963801,0,0,0.139550227624874,0,0,-0.0418161834561284,0,-0.0334778539464784,-0.0500302948981395,-0.061327669890299,0,0,0,0,0,0,0,0
0,0,0,0.0390023310533958,0,0,0,0,0,0,0.000926614150668809,0.142937849470361,0,0,0,0,0,0,0.132369080121238,0,0,0.0697751166587428,-0.0532207213357617,0,0,0,0,0,0,-0.0580464270058991,0,-0.000441823065505904,0.00684722536676277,1.26004717877008,0,0,0.0763820904430615,0,-0.0307789001853871,0,0.0113605929802765,0,0,0.27296275637283,0,0,0,0.0632077364071363,0,0,0,-0.0455489113145679,-0.0833758349828691,0.0163168301468416,0,0,0,0,-0.0672399109445267,-0.00775568456490246,0,0,0,0.153478845795611,0,-0.124390018564037,0,0.0247330121333359,0,0,0,0,0,0,-0.0748458294881729,0,0,0.143655696169582,0,0,0,0,0.116252268114609,-0.0891696838735009,0,0,0,0,0.017349887237679,0,0,0,-0.0491143630915781,0,0,0,0,0.0889474781484757,0,0
0,-0.131016059270549,0.344342541959,0.0244979141966285,0,0,-0.0531014958663281,0,-0.133332417194605,-0.0484278027983301,0,0,0,-0.00470786080484113,0,0,-0.0959002110174189,0,0.142073082895875,-0.0387179226354998,0,-0.0510947985728918,-0.0555577748889456,0,0,-0.0101423498309446,0,0,0,0,0,0,0,0,1.33861450218922,0,-0.00848944179761054,0,-0.223194444428113,0,0,0,0,0,0,-0.0267880955616883,0,0,0,0,0,0,0,-0.00916442251109857,0,-0.0403064564974841,0,0,0,0,0,0,0,-0.0422409900068269,0,0,0.0263992618341322,0,0,-0.0315675277268105,0,0,0,0,-0.101951104028237,-0.0266477576901324,0,-0.103678885329816,-0.0147913633976096,0,0.00704717174084746,0.0599358992589138,0,-0.154288193343216,0,0,-0.119375522098766,0.0769738814344866,0,0,0,0.0828721027796864,0,-0.0253502170933916,0,0,-0.0285366710805658,0,0,0
0,0.0881797736238524,0,0,0.0106039508771579,0,-0.0747065417112872,-0.0741041051808655,0,0.0105900198692763,0,-0.0459531703259097,0,0,-0.113379520609981,-0.0370445036895737,0.124526576363443,0,0,0.014273744505642,0,0,0.0811357622033596,-0.128933943513885,0.0220886845861666,0,0,0,0,-0.0431444718453275,0,0,0.149890088399249,0,0,1.17253647960946,0,0,0,0,0,0,0,0,0,-0.0144651403736802,-0.00980398335416125,0,-0.052680155116724,0,0,0,0,0,0,-0.00783769662493317,0,0,0,0,0,0,0,-0.120506664008261,-0.0491466177665663,0,0,0,0,0,-0.0597202941014143,0,0,0.0387329876101032,0,0,0,0,0,0,-0.111017725399143,0,0.0217192010642582,0,0,-0.0129993201826557,0.00269498488007549,0,0,0,0,0,0,-0.126446850203069,0,0,0,0.0638740987383323,0.0523053989446144,0
0,0,0,0,0,0,0.0163375169510289,0,0.0250757105595905,0,0.0360625582525282,0,0,0,-0.0127147965852383,-0.10599432978077,-0.0735626920828215,-0.139288105482089,0,0,0,0,0,0,0,0,0.031802025252899,0,0,0,0.0972107840320754,0.0192798996217264,-0.0484153962791993,0.0763820904430615,-0.00848944179761054,0,1.19862432971099,0,0,0,0,0,0.0462982506172,-0.00492298800338447,0.0174666097005986,0,-0.0317132839225602,0,-0.176853313251436,0,0,0.0439343375436151,0,-0.097247362529991,0.00632626478405666,0.0300709880300794,0,-0.0511194560474493,0.00445586053958527,0.0105554664825357,0.00721238419605007,-0.028813486063056,0.0878448178404422,-0.0564760688413606,-0.00551774972022231,0.0328168301552222,0,0,0,0,0,-0.0138264717395928,0,0,0,0.235772296422434,0,0,0,0,0,0,0.106147573747699,-0.0158176958578629,0.00678051376662561,-0.00221626473324181,0,0,0,0,0,0,0,0,0,0,0,0,0,0
0,0,0,0,0,0,0.109185474961957,0.133654449520244,0,0,-0.113954503493164,0,0,0,0,0,0,0,0,0.0139421535526974,0.0274513318901545,0,-0.108175674498807,0,-0.0515209933405568,0,-0.0101778459447693,0,-0.0938973119229795,0,0,0,0,0,0,0,0,1.20301163929443,0,0,0.16062382901197,0,0.0733668282285157,0,0,0,0.0188108518945755,0,0,0,0,0,0.030781668423301,-0.0509119471277316,-0.0273892838527434,0,0,0,0.0439663563257344,0,-0.00518129310058281,-0.0229319741013174,0.00350773977205445,-0.0314221322291929,-0.0666406436572725,0,0,-0.140301731392334,0,-0.13487397626481,0,0,-0.0257643155551998,-0.109610485207642,0,0,-0.0685569500722043,0,0.0301739885473721,0,0,0,0.0954478903059542,0,0,0,0,0,0,0,0,0,0,0,0.0330852234553572,0,0,0,0.00948787815716269,0
0,0,0,0,0,0,0,0,0,0,0.284589224292468,0,-0.0454122507297419,-0.0131465416974718,-0.0464945602097683,0,-0.215772983263378,0,0,-0.0579123550760006,0,0,-0.0168657902327348,-0.0776903072234453,-0.0311258644812193,-0.136480960228156,0,0,0,0,0,0,0.226943102729631,-0.0307789001853871,-0.223194444428113,0,0,0,1.51118996001191,0,0,0.0497900447317794,0,0.00792241251717837,0,0,0,0,-0.0243866127107327,0,0,-0.0295727980974805,-0.0127896286625292,-0.0926298875535144,0,-0.351907166922593,-0.0520990275698929,0,0,0,-0.0548741779697811,0.0836712425960946,0,0,-0.0252386780358858,-0.149804542873699,0,-0.0392312577257356,0,0,0,0,0,0,0,0,0.0249281840855334,0,0,-0.156673301614293,0,0,0,0,0,0,0.235125592162501,0,0,0,0,0.0506813530437727,-0.106629050402584,-0.0573757257046561,0,0.0857702189067965,0,0,0,0.0851326668602904
0.123466806398808,-0.0535563870438734,0,0.0961280123031177,0,0,-0.130879241629437,0.0692339986992596,0,0,-0.030257434858481,0,0,0,0,0,0.0302669048256174,0,0.0024811512000681,0,0.0925403108476922,0,0,0,0,0,0,0,0,0.00955605749551057,0,0,0.0353333522089787,0,0,0,0,0,0,1.23161057585303,0.0146963299212473,0,0,0,0,-0.0239264079066689,0,0,0,0,0,0,-0.0730763997722403,-0.00190150136955685,0,0,0.0313432669266303,0.0292358958231145,0,0,0,0.0118553916403243,0,-0.0201987340851445,0,0.0281101816225366,-0.149914952097629,-0.00447523109618193,-0.0466858917287856,0,-0.00144759087138057,0,0,0,-0.196846795321731,0,0,-0.204230783997886,-0.0118768958508653,0,0,0,0,0,0.0521216020696668,0,0,0,0.185319251019042,0,0,0,0,0.049800067639226,0,-0.0450603825003032,0.00400891243750535,0.0062189537000748,-0.0588582546122417,0
0,0,0,0,0,0,0,0,0,0,0.0512107880782283,0,8.39860344862262e-05,0,0.0845787893583688,0,-0.00682563008783759,0,0,0,0,-0.0536848527559859,0.0775704597925228,0,0,0,0.070101905934579,0,0,0,0,0,0,0.0113605929802765,0,0,0,0.16062382901197,0,0.0146963299212473,1.08479113514128,0.00652307841216125,0,0,0,0,0.0334662616038887,0,0,0,0,0,0,0,0,0,0,0,0,0,-0.000310648906870122,0.0415037940634645,0,0,0.113672045393119,0,0,0.00246919822006849,0,0,0.0729433665461539,0,0,0,0,0,-0.078776145843253,0.0217031325137848,0,0,0,0,0,0,-0.0742533812747259,0,0,0.0466808404341727,0,0,0,0,0,0,-0.00282483345253747,0.0127237897989462,0,0.0215320776462026,0,0.0509248991011082
0,-0.0248654371699397,0,-0.280272325889478,0,0,-0.0315213959163103,0,0,0,0.0218664793847305,0,0,0,0.122615064894795,0,-0.0340194558959634,-0.00928060598579404,0,0,0,0,-0.0494140424205384,0,0,0,0,0,0,0,0,0,-0.0867815852674869,0,0,0,0,0,0.0497900447317794,0,0.00652307841216125,1.37675004218084,0,0,-0.20486943471647,-0.0582610885073294,0,0,0,0,-0.00686119151658715,-0.111400977926795,0,0,0,0,0,0.0499436152574651,0,-0.0801135023170959,0.00422035548166354,0,0.081462136692016,0.0182002897440269,0,0,0,0,0,0,0,-0.0558942973571676,0,0,0,-0.0312415434581467,0,0,0,0,-0.00785855000213163,0,0,-0.164980620732122,0,0.0527798951169149,0,-0.224129921327904,0,0,-0.134453629808432,0,0,0,0,0,-0.0800750267198659,0,0,0
0,0,0.0623710057921295,0,0,0,0,-0.128784336562023,0,0,0.0179061064777056,0,0,0,0,0,0,0,0.143915463754445,0,-0.0658400431737335,0,-0.103992314129199,-0.0198302159223944,0,0,0,0,0.0150197020501687,-0.140893173982705,-0.0244055376080162,0,0,0,0,0,0.0462982506172,0.0733668282285157,0,0,0,0,1.2422969137745,-0.0105840490056215,0,0,0,0,0,0,-0.0671659450810695,0,0,0,0,-0.0200131326754725,0,0,0,0,-0.00762341132857301,0,0,0,0,0,0,-0.0088469022170111,-0.0343811250755467,0,0,0,0,0,-0.123522488584762,0,0,0,0,-0.0556970013594394,-0.0806351786963374,-0.0262371562393317,-0.106066927540126,0.0279737254911747,0,0,0.12010587138299,0,-0.0352377858978512,0.210725526438075,-0.0313651630692181,-0.0267399036177787,0,0,0,0,-0.0487092946466214,-0.166013997081502,-0.0204603584941328,0
0,0,0,0,0,0,0,0.168827252290179,0,0,0,0,-0.0337953579912028,0,-0.0163278026049185,0,0.077140161468517,0,0,0,-0.167727329901214,0,0,0,0,0,0,0,0,-0.0120882270268328,-0.0199494131533143,0.074949422981983,0,0.27296275637283,0,0,-0.00492298800338447,0,0.00792241251717837,0,0,0,-0.0105840490056215,1.21722091525282,0,-0.0115876798507225,0,0,0,0,0,0,0,0,-0.0368023746123432,0,0,0,0,0.067796678247205,0.00099228270743608,0,0,0,-0.0209791727675144,0,0,0,0,0,0,0,0,0,0.0137149568050541,0,-0.0692187450145626,0,-0.112849800595136,0,0,0,0,0,0.171687732128314,0,-0.0251680175811958,0.0830077708255314,0,0,0.0330597353716069,0,0,0,0,0,-0.00197903733554631,0,0,0
0,0,0,0,0,-0.193581162561761,0,0,0,0,0,-0.0954182216442273,0.138694786289913,0.0171162462369172,0.0222172138101023,0,0,0,0,0,0,0,0.0134753001437809,0,0.0260596984419867,0,0.050615532395154,0,-0.0170668532809781,-0.00157290598481134,0,-0.0485078868262845,0,0,0,0,0.0174666097005986,0,0,0,0,-0.20486943471647,0,0,1.251506882442,0,-0.0714652696885282,0,0,0,0,-0.0454517055280521,0,0,-0.0111705668621447,0,0.0393475163783937,0,0,-0.0823643895894759,0,0,0,0,0,-0.0149614877455555,-0.107534588268799,-0.0272596223541177,0,-0.00865484276060437,0,0,0,0,0,0,0,-0.00855729532021187,0,-0.017109048157966,0,0,-0.107510840418362,0,-0.147700919385423,0,0,0,0,0,-0.048918902753574,-0.0740912790125044,0,0,0,0,-0.131243135539404,0,0,0
0.21169608269149,-0.0972655885644226,0,0,0.0732081802899799,0,-0.043517048587674,0,0,0,0,-0.029786180686956,0,0,-0.016642359456482,-0.0320333337233821,-0.0273377155825556,0,-0.138282808458592,0,0,0,0,0,0.0451714109807803,0,0.121071025499422,0.0545073708947155,-0.102914591857163,-0.00899190313062563,0.104069183524076,0,0,0,-0.0267880955616883,-0.0144651403736802,0,0,0,-0.0239264079066689,0,-0.0582610885073294,0,-0.0115876798507225,0,1.42871642247863,-0.0846830175503522,0,0,0,0,0,0,0,0,-0.090277646265137,0,0,0,0,0,0,0,0,0.0736241095052564,0.1173712609871,0,0.0296965024724764,0,0,0,0,0.0533801263785282,-0.0396039457262831,-0.0837864864825341,0,0.0531613344810741,0.318505824360905,0,0,0,0.170308028942312,0,0,0.0364449271732303,0,0,0,0.0266290559271027,0,0.228108440943155,0,0.0674908760769472,0,-0.00192771749061495,0.224694287723109,0.0125628918325991,0,0,0.00633710166335622
0,0,0,-0.0105727968306351,0,-0.111093947327839,0,0,0,0,0,0,0,0,0,-0.126063098508362,0,0,-0.0353680790485839,0,-0.119454376267407,0,0,0,0,0,0,0,0,0,0,-0.0362320104619182,0,0,0,-0.00980398335416125,-0.0317132839225602,0.0188108518945755,0,0,0.0334662616038887,0,0,0,-0.0714652696885282,-0.0846830175503522,1.15776495836422,0,0.0732728889163916,0,0,0,-0.0625815967096597,0,-0.119796327351961,0,0,-0.00757554490319018,0.0257608960390721,0,0,0,-0.0313383070521731,0,0,0,0,0,0,0.0387082742279262,-0.00872991863162441,-0.00558337839417302,0,0,0,0,-0.00556346801305499,0,-0.119750491623378,-0.0617529583018315,0.0297408379788928,0,-0.0405102988045974,-0.0291365004777883,0.0140621547468102,-0.0481925434710242,0,0,-0.00674394972624871,0,-0.115118457008562,0,0.00127057029198379,0,0,0,0,0,0,-0.0692939986681914
0,0,0,0,0.0381047718192822,0.0147019350093472,0,0,0,0,0,0,0,0,0,0,0,0.0175599994960321,0,0,0,0.0208517990080109,0,0.0657348619604052,0,0,0,0.0148071530958566,0,0,0,0,0.0623980551994589,0.0632077364071363,0,0,0,0,0,0,0,0,0,0,0,0,0,1.13894747770675,-0.06695514052159,0.0324738865589491,-0.0130515572141153,0,0,0,0,-0.138203391638257,-0.0885982881148255,-0.0349493589576569,0,0,0,0,-0.0620272252775559,0,0,0,0,0,0,0,0,0,0,-0.157640011513068,0,0,0.0128779569766741,0,0,0,0,-0.122303720048515,-0.0356219034078565,0,-0.124906244351362,0,0,0,0,0,0,0,0.0889270233092437,0,-0.0514237167429147,-0.0933811501968433,0,0,0.00522412450557062,0
-0.195531978241179,0,-0.0221212196595527,0,-0.0153390367303318,0.0144413323397297,0,0,-0.0299328650383446,0.0131014967152186,0.0672916435377706,0,0,0,-0.179526493484102,-0.0682928933777455,-0.0864813225136581,-0.00048139226422345,-0.0717473122240867,0,0,0,0,-0.0769909464881427,-0.0538678152143991,0,0,0,-0.187105292925584,0,0,0,0,0,0,-0.052680155116724,-0.176853313251436,0,-0.0243866127107327,0,0,0,0,0,0,0,0.0732728889163916,-0.06695514052159,1.36523391022102,-0.0528048867832164,0,0.0167093630553061,0,-0.0359181092673292,0,-0.187165281089698,0,-0.100608615473665,0,0.030460791068845,0,0,0.0777508663243347,-0.0218418985345741,0,0,0,0,0,0.172752266059603,0,0.0452594902725071,-0.0480069872545791,-0.101921996788298,0,0,0.0523128725629219,0,0,0,0,0.0138656673455797,0,0,-0.0208179351246097,0,0,0,0,0,0,0,-0.14565243328641,0.0592157016685224,0,-0.192960989881742,0,0,0,0
0,-0.119075491474385,-0.105226023450402,0,0,0.0267591601855229,0,-0.202260822356722,-0.180722095793263,0,-0.0373150631531692,0,0,0,0,0,-0.0941474718293275,0,0,0.0500243159280323,0,0,-0.0744206712827449,0.0142000110654716,0,0,0.0200855180835626,0,0,0.0268092504799709,0.0175076768000659,0.0607292830651685,0,0,0,0,0,0,0,0,0,0,0,0,0,0,0,0.0324738865589491,-0.0528048867832164,1.15387691391453,0,-0.0465228087120733,-0.0400677623631906,-0.0129587397832421,0,0,0,-0.0131712093902162,0,0,0,0,0,0,0,0,0,0,-0.011714567382894,0.0334414032861393,0.0333595724868762,0,0,0,0.0456099527855934,0,0,0,-0.06684550250223,0.0203115310973432,0,0,0,0,0,-0.0684808768177892,-0.171078927389994,0,0,-0.0416890803655196,0,0,0,0.039406044424256,0,0,0,0.0283019115308048,0,-0.00399848228013021
0,0,-0.207459848200338,0,0,-0.0271583053908121,0,0,0,0,0.109535116537991,0,0,-0.054860261701476,0.0247973128457259,0,0.0237182731589079,0,0,0,0,0,0,0,0,0,0,0.0197583068643882,0,0,0.000257047945585629,0,0,0,0,0,0,0,0,0,0,-0.00686119151658715,-0.0671659450810695,0,0,0,0,-0.0130515572141153,0,0,1.3378335947388,-0.249232671951216,0,0.130181595038758,0,-0.062807953957283,0,-0.0734706353695864,0,0,0,0,0,0,0,0,0,0,0,0,-0.0863308651670721,0,0,-0.0246000062280152,0,0,0,0.0110449480820305,0,0,0,-0.0308094964161679,-0.0486554210591774,0,0,0,0,-0.293421495389079,0,0,0,0,-0.0236484518747463,-0.00584533428144533,0,0,-0.240817129689642,-0.0748140214424769,0,0
0,0,0,0,0,0,-0.126091338977996,0,0,0.0895611124452546,0.0773534221796266,0,0.00247985807058998,0,0,0,0,0,0,0,0,-0.0699714564640704,0,0,0,0,0.0232806411013211,0.00204906468338918,0.107489997370076,0,0,0.0321567518380433,0,-0.0455489113145679,0,0,0.0439343375436151,0,-0.0295727980974805,0,0,-0.111400977926795,0,0,-0.0454517055280521,0,0,0,0.0167093630553061,-0.0465228087120733,-0.249232671951216,1.27145778879074,0.07408019381279,0,0,0,0,0.0798999720043998,0,-0.0725754677948637,0,0,0,0.0717005674075381,0,-0.0967402637689531,0,-0.00201815914568331,0,0,0,0,0,0,0,0,0,0.103359549950521,-0.027946941765499,0,0,-0.055134771298471,0,0,0,0,0.0388576385799696,-0.0441599530287536,0,0,0,0,0,0,0,0.139844587044778,0,-0.066852489441492,-0.0117039953429216,0
