"X1","X2","X3","X4","X5","X6","X7","X8","X9","X10","X11","X12","X13","X14","X15","X16","X17","X18","X19","X20","X21","X22","X23","X24","X25","X26","X27","X28","X29","X30","X31","X32","X33","X34","X35","X36","X37","X38","X39","X40","X41","X42","X43","X44","X45","X46","X47","X48","X49","X50","X51","X52","X53","X54","X55","X56","X57","X58","X59","X60","X61","X62","X63","X64","X65","X66","X67","X68","X69","X70","X71","X72","X73","X74","X75","X76","X77","X78","X79","X80","X81","X82","X83","X84","X85","X86","X87","X88","X89","X90","X91","X92","X93","X94","X95","X96","X97","X98","X99","X100"
1.18980907242484,0,0,0.0322051791338844,0,0,0,0,0,0,0,-0.0756605970146774,0,0,-0.00165783231685456,0.0373883022066036,0,0,-0.0141035754306759,-0.0579561824977764,0,0,0,0.00192740991985058,-0.191122281047211,0.0669767903008313,0,0,0.0532968887938403,-0.0648177264839895,-0.0448716826828369,0,-0.00345087952493719,0.196075627360437,-0.0993385464085812,0,0,0,-0.0158956935464663,0,0,0,0.0542203313377867,-0.104041079502467,0,-0.0499242195892455,0,0,0,0,0,0,0,0.0462968258309862,0,0,0,0,-0.0762752748536344,0.126959583033524,0,-0.0177101303130047,0,0.055603331428224,0,0,0,0,0,0,0,0,0,0,0,0.027413611139417,-0.0203550029861296,0.0637469647921678,0,0,0,0,0,0.154689351637252,0,0,-0.0326540105396774,0,0,0,0,0,0,0,0,0,0,0,0.0271263541845622,0
0,1.15519564976478,0,0,0,0,0,0,0,0,0.063813595768706,0,0,0,0,0,-0.188584470140351,-0.034661245687298,-0.0100167300844219,0,0,0,0,0,0,0,-0.0806036999513722,-0.0729660810456639,0,0,-0.00409502311200187,0.075954838480407,0,-0.0631110359862946,0,0.0587169372676113,0,0,0,0,0,0,0,0,0,0,-0.0371676506472346,0,0,0,0,0,0.0850133921439765,0,0.0381256254392581,0,0,0,0,-0.0571898331344472,0,0,0,-0.0163060515708947,0,0,-0.0124101891954994,0,0,0,0,-0.0136627351094141,0,0.11490636911099,0,0,0.0894309377547425,0,-0.129409882759237,0,0,0,-0.000142276731210965,0,0.0408297478558273,0,0.0274242893503303,0,-0.088172923381388,0,0.042441890938883,0,0.0431596286409377,-0.0477196574441674,0,0,0,0.00839695186200875,0.0634823209908801,0
0,0,1.45122309593806,-0.0457482967435763,0.0198418737277158,0,-0.0151909489462684,0,0,0,0,0,0,0,0,-0.122679348678077,0,0,-0.031323345336333,-0.0993285190665486,0.0772177339944928,0,0,0.0428856873334676,0,0,-0.125933105594802,0,0,0,0,0,0.0558711501214628,0.0840448762780049,0.0567114946568966,-0.00454084664838522,0.239991189690449,0,-0.145331349690584,0,0,0,0,0,0,-0.18862562318255,0.199497861055566,0,0,0,0,-0.286368147908128,0,0,0,0,-0.0337679925835215,0,-0.00110435265610621,0,0.166626210586669,-0.059132260901736,0,0,0,0,0,0.21272084758666,-0.0210607203155912,-0.10446795476796,0.0183494773770839,0,0,-0.0311030765189711,0.118807785888848,0,0,0.100813805035695,0,0,0,-0.146803164767179,0,0,0,0,0,0.0586534261033503,0,0,0,0,0,0,0.0846191510041568,0.155674967680799,0,0,0,0
0.0322051791338844,0,-0.0457482967435763,1.15492280675278,0,0,-0.0351465463207626,0,0,-0.0212098641906162,0,0,0,0.0284240380126086,-0.0540504091847238,0,0.0183757079715215,0,-0.00920868262982594,-0.0189341787332533,0,0,0,-0.042028096447205,0,0,0,0,0,0,0,0,0.0937262344135902,0,-0.0997939673890808,0,0.00481495619603265,-0.0801641961692237,0,0,0,0,-0.0714148735421426,0,0,0,0,-0.0405884545579989,0,0,0,-0.0974595350948673,0.0840416977200173,0,0,0,0,0,0,-0.0114607029243332,0,-0.103119487760624,0,0.00710343143611194,-0.00671317602221805,-0.0412059370787029,0,0,0,0,0,0.0092535973278014,0,-0.0674357555083482,-0.14751666407946,0,-0.105585878084266,-0.126272962698657,0.0279539775006713,0,0,0,-0.0223116922155776,0.0447737010267275,0,0,0,0,0.0356397358254349,0,0,-0.0885169656422734,0.0677560753022723,0,0,0,0,0.069692445615976,0,0
0,0,0.0198418737277158,0,1.10642395090905,0.0687602183412942,0,-0.00358539202596438,0,0,0.0338865526614695,0,0,0,-0.020535111572651,0,0,0,0,0,0,0,-0.0988244054975338,0,0,-0.0989104155505814,0,0,0,-0.0107828852659371,0,0,0,0,0,0,0,0,0,-0.0303733638235134,0,0.0404179918638494,0,0,0,0,0,0,0.144632433394994,0,0,0,0,0.00380335776250816,0,0.0487368426052594,0,0.0106561139917688,0,0,0,0,-0.0237452634122391,-0.140463059778918,0.0259974470235372,0,0,0,-0.00690274929406449,0,0,0,0.038914432448469,0,-0.0115160239570993,0.0624067128573622,0,0,0.0701561549690241,0,0,0,0,0,-0.0301805493834877,0,-0.104549159380048,0.0770221908365213,0,-0.0061832097150972,0,0,0,0,-0.0615050250651337,0,0,0,0,0
0,0,0,0,0.0687602183412942,1.1856817015434,0.0325935119020643,0,0,0,0,0,0,-0.0384235968133054,0,-0.0205361575041221,-0.0158993350407288,0,0,-0.0512679813044636,-0.125924664151587,-0.0246506609323413,0,0,0,0.0186934203789489,0,0.00874677200378081,-0.0716255579209644,0,0,0,0.00101501031038082,0.016946029682925,0,0.0301991481827837,0.0271675698372075,-0.0506181697693123,0,0,0,0.0809193227447228,-0.0518152205128127,0,0,0,0,0,0,-0.0691137736007828,0,-0.161720504641706,0,0,0,0,0,-0.175756477105387,0.0215029060915884,0,0,-0.132471093769788,0,0,0,0,0,0,0,-0.0335344624962267,0,0,0,0,0,0,0,0,0,0,0,0,0,-0.0747154676895845,0,0,0,0,0,-0.0254199058425799,0,0,0,0,-0.0200982227678289,-0.0547536022170605,0.146807249989359,0,0,0
0,0,-0.0151909489462684,-0.0351465463207626,0,0.0325935119020643,1.16302291700989,0,0,0,0,0,0,0,-0.0078153936269567,0,0,0,0,0,0,0,0.00469348059210442,0,0,0,-0.0110676346088771,0,0,-0.0150266665181496,-0.00153070655800637,0,0,0,0.0824622832434057,0,0,0,0,0,0,0,0.0768009934306308,0.0408893150068074,0,0,0,0,0.0751472537342732,0,0,0,0.0104440357943609,0,0,0,0,0,0,0,-0.161205109318982,0,0,0,0,0,0,0,0,0,0,0,-0.131029015045892,-0.149795722655443,0,-0.0681240960954223,0,0,0,-0.00207751253920965,0,0,-0.14791265495867,0.135088651555361,0,0,-0.0405988776038143,0,0,0,0,0.0718210760476721,0,0,0,0,-0.0881878154497291,0,0,-0.0334443972379194
0,0,0,0,-0.00358539202596438,0,0,1.20306378605735,0,-0.0152939828280397,0.110228703582858,0,0,0,0,0.00588751188264491,0,-0.029692369501171,0,0,-0.0287734960518085,0,0,0,0.0220014090696382,0,0,0,0,0,0,0,0,0.00895603792245862,0,-0.051287564558009,0,0.152902644140104,0,0,0,0,0.0939890543544272,0,0,0,0.0820154476540908,0.0406545481071598,0,0,0,0,0,0.0507798065573081,-0.0215363756362971,0,-0.0031335503269906,0,0,0,0,0.13376886331761,-0.184628679488323,0.135045255067743,0,0,0.105460708788113,0.0753497813873369,0,-0.0298507733330467,0,-0.105756361847696,0,0,0,-0.0176095326868873,0,-0.117383708906267,-0.0353711655370401,-0.0463166539134277,0,-0.047301529070332,0,0,-0.0119135253129172,0.0519082078006397,0,0,0,0.101350981038665,0,0.0202449427853093,0,0,0,0,0,0.0186264072184826,-0.0240848143422154,0
0,0,0,0,0,0,0,0,1.21504997808119,0,-0.015391785878804,0,-0.0224206073737822,0,0.0656152368181118,0.0624372501293686,-0.073329730733916,0,0,0,0,0.00808069150865228,0,0,0,0,0,-0.0454737569787376,0,0,0,0,0,0,0.00898955664709239,0,0.136955161023404,0,-0.108343645654366,0,0.213386142923196,0,0.0441105528428142,-0.138706872190347,0,0,0,0,0.0119709378284298,0.145672494532916,0,0.0545168069093133,-0.00765388233944873,-0.139262922479522,-0.0181634290360831,0,0,0,-0.0241400752599811,0,-0.024424261713169,0,0,-0.00815754375012818,0,-0.0451645405984517,-0.086271123669808,0,0,0,0.0463431893118359,0,0.00747585705703789,-0.157840032644228,0,0,0,0,0,0,0,0,0,0,0,0,0,0,0,0,0,0,-0.0245136231192308,0,0.0018661067710808,0,0,0.10113418461544,0,0.0224667815800515
0,0,0,-0.0212098641906162,0,0,0,-0.0152939828280397,0,1.17699491688577,0,0,0,0,0,0.0171774854961269,-0.0455037190954564,0,0,0,0,0,0,0,0,0,0,0,-0.00381578627809505,-0.0583713889217912,-0.138199028782067,0,0,0,0,0,0,0,0.212507023480468,0,0,0,0,0,0,0,0.0470256765103684,0,0,0,-0.0592782529954559,0.112826959469665,0,0,0,0,0,0,0,0,-0.203298897096134,0,0,0,0.0379492901236563,-0.00741004278800991,-0.00884768531906551,0,-0.0433190290856635,0,0,0,0,0,-0.0876922300029647,0,0,0,0,0,0,-0.0962427978185267,0,0.0400709180109705,-0.0751432813289704,0,-0.0608885395207717,0,0,0,0,0,0,0,0.0193339354032318,0.077771204530826,0,0,-0.0826997881672348,0
0,0.063813595768706,0,0,0.0338865526614695,0,0,0.110228703582858,-0.015391785878804,0,1.47504307777147,-0.00409157332820072,-0.00606479600916703,-0.0821919853122715,0,0,0,0.0548571593429762,0,0,-0.000111708337224212,0.0856446612348883,-0.148754961927764,0,0,0,0,0,0,0.0153943020383762,0,0,0,0,0,0,0.253716368214022,0,0,0.162928441905663,0,0,0,-0.102236297219792,-0.129324018734884,0,0,0,-0.0307981517823433,-0.0816108779238033,0,0.306217514130793,-0.00520909764976908,0,0.0207899124488675,0,0.00500262294705563,0,0,0,0,0,0,0.0107528996583083,0,-0.0380081094226518,0,0,0,0,0,0.239265007681813,-0.0217445715605968,-0.0803749794712127,0,0,-0.0193778528733634,0.0740530778571674,0,0,0,0.146499451983718,0,0,0.179898605177832,-0.116324331302197,0,0,0.11230724259701,0,0,0.0162838093852715,0,0,0.184140712930193,-0.0413560600645025,0,0,0,0.0300790798394059
-0.0756605970146774,0,0,0,0,0,0,0,0,0,-0.00409157332820072,1.27054042894585,0.0747334066459374,-0.0526435572993975,-0.0603198592076816,0,-0.0629850765241034,-0.12809140692952,0,0,0,0,-0.0642411550193181,-0.0126959169807399,-0.0412139777331501,-0.0665100764539674,0,-0.00237628306570349,-0.0199655434096094,0,0.0268107346400147,0,-0.0605860336056031,0.0876724915459919,0,-0.067799334773605,0.0214538232646773,0,-0.359319811377484,0,0,0,0.0502035668600621,-0.0341853377494414,0,0,0,0,0,-0.0508740120439223,0,0,0,0,0.0405871978679466,0,0,-0.045437785542429,0,0,0,-0.0167220539211681,0,0,0,0,0.065008446883002,0,0,0,0,0,0,0,0,0,0,0,-0.00718035637329757,0,0.0562107343675382,0,0,0,-0.079497990306339,0,0,0,0,0.00979424171665357,0,-0.0144444570968953,0,0,0,0,-0.0812156968298131,0,0,0
0,0,0,0,0,0,0,0,-0.0224206073737822,0,-0.00606479600916703,0.0747334066459374,1.2198882278004,-0.0476674037883104,0.0193813210551338,0,0,0.0303010369584905,0,0,0.0248360400900913,0.0254494465463449,0,-0.00339761847843846,0,0,0,0,0,0.0549140825514351,0,0,0.0198881097513764,0,0,0,0,-0.0894506468187686,0,0.0538709481875045,0.0149714068741715,0,0,0,-0.193158974269726,0,0.00387012585034958,0,0,0,0,0.123086003946908,0,-0.128160870422819,0,0,0,0.0306117234907972,0,-0.0375512924156143,0.0827738333318562,0.0373957539508882,0,0,0,0,0,-0.0365093075874241,0,0,0,0,0,0.0114017418773577,0.164774718488409,0,0,-0.00119068320500104,0,0,0,0.0692957971871905,0,0.00320044549230549,0,-0.110970996300605,-0.0267364208816902,0.0309737288244408,0,0,0,0,0,-0.0506077864112772,-0.0691086038493393,-0.0468097321071711,0,0,0.196660207191951,0
0,0,0,0.0284240380126086,0,-0.0384235968133054,0,0,0,0,-0.0821919853122715,-0.0526435572993975,-0.0476674037883104,1.23264572640391,0,0,0,0,0,0,0,0,0,0,0,0,0,0,-0.152892609161645,0,0,0,0,0,-0.0354940743749668,0,-0.0545363360131901,-0.0345958393528347,-0.0876800303388419,0,0.079911116493187,0,-0.00301976465216174,0,-0.162737362177291,-0.10890740320736,0,-0.0345215853690449,0,0,-0.0292873473925771,0,0,0,0,0,0,0,0,0.166125215224438,0,0,0,0,0,0,0.0275643916386034,-0.0231278371625241,0,0,0,0,-0.0505114930094176,0,-0.0889470230371054,0,0,-0.010840163447093,0,0,0,0.0299086161312407,0,-0.179587586885768,0.00190784947841841,-0.0231402755862831,0,0,0,0,-0.0123514376062545,-0.010113007786642,-0.0669923623091127,0.0253787534243311,0,-0.214976628246985,0,0,0,-0.0452481058409861
-0.00165783231685456,0,0,-0.0540504091847238,-0.020535111572651,0,-0.0078153936269567,0,0.0656152368181118,0,0,-0.0603198592076816,0.0193813210551338,0,1.29650893100552,0,0.0765448843633411,0,0,0,0,0,0,0,0,0,-0.0939859357952926,-0.0274538639110494,0,-0.0577200340839474,0,0,0,0,-0.124490553913206,0,-0.0599157823150112,0,0,-0.0689674669011192,0,0,0,0,0,-0.241374729698896,0,0,0,0,0.0364520954351693,-0.211754453790427,0,0,0,0.0123222964872421,0.0281926225084993,0,0,0,0,0,0.0959700962997224,0,0,0,0,0,-0.0522000616556171,0,0,0,0,-0.104960203209524,0,-0.0231757402577296,0,-0.0768233303688295,0.0786685853331768,0,0.147012245194475,0,-0.0839124953676453,0.0456541878617176,0,0,0,0,-0.213335050382096,0,-0.0611864886623552,0,0.0877339574860595,0,0,0.0274642208739483,0,0,0,0
0.0373883022066036,0,-0.122679348678077,0,0,-0.0205361575041221,0,0.00588751188264491,0.0624372501293686,0.0171774854961269,0,0,0,0,0,1.12576065507426,0.102922282049625,0.00832706003807679,0,0,0,0.00632010064180031,-0.069955820068591,-0.0884487895779096,0,0,0,0,0,-0.00356658007126195,0,0,0,-0.024081064160729,-0.01540336292931,0,0,0,0,0.0849625144439081,0,0.0334843826394936,-0.0975327608826526,0.041232863549294,0,0,0,0.0913490706173793,-0.13137031257888,-0.00156667229961163,0,-0.0287660547918854,-0.0802552153760257,-0.0504156217815456,0,0,-0.117091157741036,0,0,0,-0.0128527054105033,0,0,0.0140618855668706,-0.00644319115304025,0,0,0,0,0,0,0,0,0,0,0,0,0,0,-0.0438079195798195,0,0.0532917162332598,0,0,0,-0.031422270712853,0,0,0,0,0,0,0,0.0875142482297269,0,0,0,0,0,-0.0230246512830781
0,-0.188584470140351,0,0.0183757079715215,0,-0.0158993350407288,0,0,-0.073329730733916,-0.0455037190954564,0,-0.0629850765241034,0,0,0.0765448843633411,0.102922282049625,1.52685491511093,-0.149414388217536,-0.0443923036280308,0.0802728028352184,0,0,0,-0.251618741899988,0,0,-0.00763986087511086,-0.00863163516543609,0,-0.0993196625073281,-0.0952406627472369,0,0,0,0,0,0,0,-0.120076318623401,0,-0.217184725970136,0,0,0,0.00659782365939788,0,0,0,-0.247013722232523,0,0,0.0684783404469781,0,0,-0.00659881536159406,0,0,-0.00287792100938252,0,-0.0851640003180152,-0.00601173158459462,-0.162823432011477,0,-0.0640290766629566,-0.0211094385700623,0.0964214476181639,0,0,0,0,0,0,0,0,0,0.0362056932836049,0,0.321786742858047,-0.0728985866273245,0.0384222122540525,-0.0196586725676918,0,0,-0.0228236367641041,-0.00408237302876591,0,0,0,-0.124723912099382,0.109498370608667,0,-0.103037588796579,0,0,0,0,0,0,-0.0759592708593628,0
0,-0.034661245687298,0,0,0,0,0,-0.029692369501171,0,0,0.0548571593429762,-0.12809140692952,0.0303010369584905,0,0,0.00832706003807679,-0.149414388217536,1.29199364692021,0,0,0.0844682464554411,-0.0718673895261758,0,-0.0104817557797548,0,-0.00749311592894417,0,0,0,0,0,-0.132575260560984,0,0,0.172948589657634,0,0,0.0241997087295386,0,-0.0214169951021687,0,-0.0330584320877415,0,0,0.0925772717080143,-0.0227874111491378,0.0270886846700247,0,0,0,0,0.0152760260676924,0,0,0.0397654600331715,0,0,0,-0.131756180596388,0,-0.0872069189806614,0,-0.263985155743657,0,0.0348302962441321,0,0,0.00614701632506021,-0.0104194786497525,0,0,0,0,0,0,0.018011044988058,0,-0.119844644283122,-0.131412474672583,0,0,0,0,0.0532710997473313,0,0,0.0542201993647609,0,-0.00746765825932186,0,0,0,0,0,0,0,-0.110865264003161,0,0,0
-0.0141035754306759,-0.0100167300844219,-0.031323345336333,-0.00920868262982594,0,0,0,0,0,0,0,0,0,0,0,0,-0.0443923036280308,0,1.07860097959943,0,0,0,0,0.0283499985473333,0,0,-0.0930211203890194,0,-0.0265582075122269,0,0,0,0,0,0,-0.0401305592093542,0,0.0206174523098881,0,0,0,0,0,-0.00910097511137329,0.0336978480024827,0,0,0,0,0.0761787584225565,0.00738819265448564,0,0,0,0.0338069900481381,0,0,0,0,0,0,0,0,-0.080501039515941,0,0,0,0.104915310164255,-0.0564427816286831,0.00419100264383218,-0.00595094713947135,-0.0806573623419223,-0.0155168735488011,-0.0745015198315097,-0.0875097248230707,0.0880224535042701,0,0,0,0,0,-0.0208345776494827,0,0,0,-0.0624491105870438,0,0,0,0,0,-0.00874849667132586,0,0,0,0,0,0,0,0
-0.0579561824977764,0,-0.0993285190665486,-0.0189341787332533,0,-0.0512679813044636,0,0,0,0,0,0,0,0,0,0,0.0802728028352184,0,0,1.24839468810033,0,-0.0392173811608485,0,0,-0.113762032754354,0,0,-0.0370568778738246,0,0,0,0,0,0.00686310014934519,0,-0.0194437438816802,0,0,-0.0356023330111696,0,0,0,-0.0363407279991189,0,-0.0846448135951403,0,0,0.18249503186934,0,-0.0251123095819442,0,-0.0833417237568738,0,0,0,-0.25243106662826,0,0,-0.0381348312778477,0,0.0382687651779503,-0.0209165101992714,0,0,0,0,0,0,0,0,0,0,0,-0.0425125549746354,0,0,0,0,0.0883402300759631,0,-0.00850775867996873,0,0,0,-0.0119949413774669,0,0,-0.0853112087237536,0,0,0,0,0.142167560835698,0,0,-0.209224507933839,0,0.0305849744140852,-0.00706446231147787,0
0,0,0.0772177339944928,0,0,-0.125924664151587,0,-0.0287734960518085,0,0,-0.000111708337224212,0,0.0248360400900913,0,0,0,0,0.0844682464554411,0,0,1.11326807205547,-0.0130797068533675,0,0,-0.0990110975863862,0,0,0,0,-0.0936992780191201,-0.0435905865093923,0,0,0.0592982081548607,0,0,0.0120409358709339,0,0,0,0,0.0752134190334227,0,0,0,0,0,0.0872662362741011,0,0,0,0,0,0,0,0,-0.0685696408183156,0,0,0,0,0,0,0,-0.124167355620834,-0.00908851834224601,0,0,0,0.0922302431806516,0,0,0,0,0,0,0,0,0,0,0.0372042227404652,0.0124485401271917,-0.000647621636589298,-0.0524041961681412,0,0,-0.013455854885081,0,0.0141023086989437,0,0,0,0,0,0,0,0,0,0,0.0610532988926078
0,0,0,0,0,-0.0246506609323413,0,0,0.00808069150865228,0,0.0856446612348883,0,0.0254494465463449,0,0,0.00632010064180031,0,-0.0718673895261758,0,-0.0392173811608485,-0.0130797068533675,1.14046419743214,0,0,0,0,0,-0.120680763451081,-0.120733178342218,0,0,0,0,0,0.123325184707644,0,0,0,0,-0.000766111006768503,-0.031988842313342,0,0,0,-0.214248878208835,0,0,0,-0.00828677227373698,-0.031154549923665,0,0,0,0,0,0,-0.0363657098890528,0,0,0,0,0,0,0,0,0,0.00727536030772763,0,0.0165998801176126,0.0096766586260089,0,0,0,0.0148698527715948,0,0,0,0,0,0,0,0,0,0.00406680995901238,0,0.178618253823458,0,0,0,0,0,-0.0528246880554988,0.022609041893192,0,0,-0.0324670817253764,0,0,-0.0451457208822237,-0.0168167926849434
0,0,0,0,-0.0988244054975338,0,0.00469348059210442,0,0,0,-0.148754961927764,-0.0642411550193181,0,0,0,-0.069955820068591,0,0,0,0,0,0,1.19132082685132,-0.0494848521231514,0,0,0,0,-0.0750704205016365,0,0,0,0.0245639362852234,0,0,0,0.00457048878560841,0,0.101534670079006,0,0,0,0,-0.0674894722324178,0,0,0,0,-0.0798763434158558,0,0,0,0,-0.0428623456957366,0,0,0,0,0,0,0,-0.00594791887072609,0,0,0,-0.16915146275769,0,-0.125382988357786,0,0,0,-0.0421289607427438,0,0,-0.235066251674749,0,0,0,0,0,0,0,0,0.0200713438395623,0.0293838824463274,0,-0.0126655799012996,-0.0292521322561273,0,0,-0.0252616950973887,0,-0.0344860243417805,0,0,-0.0827187429648512,-0.0208089728748422,0,0,0
0.00192740991985058,0,0.0428856873334676,-0.042028096447205,0,0,0,0,0,0,0,-0.0126959169807399,-0.00339761847843846,0,0,-0.0884487895779096,-0.251618741899988,-0.0104817557797548,0.0283499985473333,0,0,0,-0.0494848521231514,1.19217142077968,0,0,0,0,0,0,0,0,0,0,-0.0217573366569516,0,0.17921375796086,0,-0.0550735907771508,0,0,0,0,0,0.000130013666813614,0,0,0,0,0,0.012500676559783,0,0,-0.108076152261345,0.128623217786561,0,-0.0148077488192626,0.100085186691186,-0.0818177857280961,0,0,0,0,0,0,0,0,0,0.0103635274733594,0,0.0404375943890189,0,0,0.0305095073445786,0,0,0,0,0,0,0,0,-0.000157346002820038,0,0,0,0,0,0,0,0,-0.0534882946194719,0.0308303012737956,0,0,-0.0321270646661485,-0.00483876211035283,-0.00870533400213703,0,0.0497442107103537
-0.191122281047211,0,0,0,0,0,0,0.0220014090696382,0,0,0,-0.0412139777331501,0,0,0,0,0,0,0,-0.113762032754354,-0.0990110975863862,0,0,0,1.23193710158034,0,0,0,0.0607638853537967,0,0,-0.177035707731919,0,0,0,0,0,-0.0357795521410778,0,0,0.0233546089628494,0,0,0,-0.0568960123564098,0,0.0906832292046162,-0.101090385016254,-0.137196967601756,0,0,0,0,-0.100010696737195,0,0,0,0,-0.0738693034914576,0.00470387761329979,0,0,0,0,0,-0.0137432420210223,0,-0.0304320514969363,0,0,0,0,0,-0.0120258814433828,0,0.0147754154488341,0.121157602379912,0,0,0,0,0.0472817837778529,0,0,-0.113297636860469,-0.00082318730357196,0,0,-0.0233486754960835,-0.0613054708444794,0,0,0,0.101088161253689,0,0,-0.094471577187219,0,0,0
0.0669767903008313,0,0,0,-0.0989104155505814,0.0186934203789489,0,0,0,0,0,-0.0665100764539674,0,0,0,0,0,-0.00749311592894417,0,0,0,0,0,0,0,1.09141851924293,0,0,0,-0.0983487357971269,0,-0.0263320671747039,-0.163213169908548,0,0,0,0,0,-0.0429543413886813,0,-0.0117893856542706,0,0,0,0,0,0,0,0,0,0,0,0.0122518885874829,0,0.119729095002151,0,0,0,0,0,0.0951131281880679,0,0,-0.0300997385857935,0,0.0381563121493755,0,0,0,0,0,0,0,0,0,0,0,0,0,0.03775796001525,0,0,0,0,0,0,0,0.00726594726668677,0,0,0,0.0389289755464682,0,-0.0392758440000189,0,0,-0.0280950938208034,0,0,0
0,-0.0806036999513722,-0.125933105594802,0,0,0,-0.0110676346088771,0,0,0,0,0,0,0,-0.0939859357952926,0,-0.00763986087511086,0,-0.0930211203890194,0,0,0,0,0,0,0,1.19944659402945,0,0,0,0,0,0,0,0,0,0,0,0,-0.170051804253177,0,-0.00432537703276756,0.122812072888214,0,0,-0.136686072762668,0,-0.0787342639425945,0,0,0,0,0,0,0,0,0,0,0,0,0,0,0,0,0,0,-0.105489709626344,-0.0621100981578112,-0.0421839950148937,0,0.03539214277327,0.0647568632997782,0,0,0,-0.0357240623437508,0,0,0,0,-0.0295560159907993,0,0,0,0.110895905320372,0,-0.00751908917023832,0,-0.105973187291949,0,0,0,0,0,0.0763906345528619,0,0,0,0,0.023683595045306
0,-0.0729660810456639,0,0,0,0.00874677200378081,0,0,-0.0454737569787376,0,0,-0.00237628306570349,0,0,-0.0274538639110494,0,-0.00863163516543609,0,0,-0.0370568778738246,0,-0.120680763451081,0,0,0,0,0,1.29775734038914,0,0,0.17685731008557,0,0,0.0893511378606771,0,0.0397934137205798,0,0,0,-0.0469212966608781,0.0553639577885246,0,0,0,0,0,0,0,-0.0526771500029717,-0.104945761446366,-0.0417179474493157,0,0,0,0,-0.121978345117362,0,0,-0.0372871293087857,-0.125866551634792,0,-0.215179752206219,0,-0.169768487943219,0,0,0,0,0,0,0.181801704463405,0,0,-0.0631344493233367,-0.0883518436337633,-0.0732327273693178,0.0667313913625428,0.0286931909226718,0.0265001990931819,0,0,0,0,0,0,0,0,0,0,0.0393897863463652,0,0,0,-0.0590011881496565,0,0,0,0,0,0
0.0532968887938403,0,0,0,0,-0.0716255579209644,0,0,0,-0.00381578627809505,0,-0.0199655434096094,0,-0.152892609161645,0,0,0,0,-0.0265582075122269,0,0,-0.120733178342218,-0.0750704205016365,0,0.0607638853537967,0,0,0,1.10201418130913,0.104661279186127,0,0,0,0,0,-0.057622152180865,0,0,0,0,0,-0.110283155669877,0,0,0,0,0,0,0,0,0,0,0,0,-0.043668050257289,-0.0047904182033554,0,0,0,0,0,0,0,-0.0941744881968694,0.0641511981860354,-0.0527104374147743,0,0,0,0,0,0,-0.000916394322858059,0,0,0,0,0,0,0,0,0,0,0,0,0,0,0,0,0,0,0,0,0,0,0,0,0.0104507613616662,0,0
-0.0648177264839895,0,0,0,-0.0107828852659371,0,-0.0150266665181496,0,0,-0.0583713889217912,0.0153943020383762,0,0.0549140825514351,0,-0.0577200340839474,-0.00356658007126195,-0.0993196625073281,0,0,0,-0.0936992780191201,0,0,0,0,-0.0983487357971269,0,0,0.104661279186127,1.32744069213657,-0.0417338527479002,0,0,0.00924401203771218,0,0,0,-0.164021822870103,-0.171042999393139,0.0485003433417514,0,0.0311781160213782,0,-0.0391103522834456,0,0,0,0,-0.0840123970142856,0.0716718488668796,0,-0.0202079612058363,0,0,0.0273100641760381,0,0,0,0.0684145922812671,0.0292068309389622,-0.121750513154768,0,0,0,0,-0.0507076373565569,0,0.0178508408002046,0,0,0,0,0.125194360062599,0,-0.0439431491978906,0,0,0.010943912086666,0,0,0,-0.140140521021017,-0.00884261860464376,0,-0.111842350254758,0,0,0.150237654542124,-0.0426379211922031,0,0,0,-0.142648586845643,0,-0.135465003028782,0.149577186006982,0,0.0596946376098499,0,-0.0157276241827404
-0.0448716826828369,-0.00409502311200187,0,0,0,0,-0.00153070655800637,0,0,-0.138199028782067,0,0.0268107346400147,0,0,0,0,-0.0952406627472369,0,0,0,-0.0435905865093923,0,0,0,0,0,0,0.17685731008557,0,-0.0417338527479002,1.25864499400545,0.160769367841462,0,0,0,0,0,0,0,0,0,0,-0.00474590240604923,-0.144992207552281,0,-0.25648698117578,0,0,0.00107617008697386,0,-0.0995287658524747,0,0,0,0,0,0,0,0,0,0,0,0,0,-0.136157812159818,0,0,0,0,0,0,0.0453481668971743,0,0.0250566907694002,0,0,-0.0398225759747121,0,0,0,0,-0.0401824575490318,0,-0.121228455148153,0,0,0,0.142000920735771,0,0,0,0,0.000117782490121212,0.0638876523039972,-0.0300226946868259,0,0,-0.0233540603525217,0,0
0,0.075954838480407,0,0,0,0,0,0,0,0,0,0,0,0,0,0,0,-0.132575260560984,0,0,0,0,0,0,-0.177035707731919,-0.0263320671747039,0,0,0,0,0.160769367841462,1.31693445757468,0,0,0.095979336023017,-0.0773784330391296,0.0643655446290885,0,0,-0.114499667607613,0,-0.125585596050325,0,0,-0.0637776745894086,0,0,-0.0974674795674056,0,0,0,0,0,0,0.00759997344267372,0,0,0.044445411492665,-0.0613419005100745,0,0,-0.207399303543432,0,0,0,0,0,-0.121055980811692,0,0,0,0,0,-0.154163670480549,0,0,0,0,0,-0.0248117232821804,0,0,0,0,-0.15733110011649,0,-0.0637675727539584,0,0,0,0,0.0093464561922227,0,-0.128784901426594,0,0,-0.00249664062873458,0,0,0
-0.00345087952493719,0,0.0558711501214628,0.0937262344135902,0,0.00101501031038082,0,0,0,0,0,-0.0605860336056031,0.0198881097513764,0,0,0,0,0,0,0,0,0,0.0245639362852234,0,0,-0.163213169908548,0,0,0,0,0,0,1.13219186350537,-0.0199025634987809,-0.0212521166983594,0,0,0,0,0.0109067561446619,0.0278211023602353,0,0,0,0,0,0,0,0.0218644810755597,-0.176540054897468,-0.0640039263795655,0.0548002681062578,0.030787214872174,0,0,0,0,0.00730364218601827,-0.0239057723651275,0,-0.0604897990310293,0,0,0,0,0,0,0,0,0,0,0,0.0249378663874484,-0.0116706632365157,0,0,-0.0466825060410022,0,0,0.100363671117391,0,-0.0262338194202447,0,0.00235981056906466,-0.00167119366899693,-0.103404010942814,0,0,0,0,0,0,0,0,0.0141036687455831,0,0,0,0.0505705335296454,-0.131681197140221
0.196075627360437,-0.0631110359862946,0.0840448762780049,0,0,0.016946029682925,0,0.00895603792245862,0,0,0,0.0876724915459919,0,0,0,-0.024081064160729,0,0,0,0.00686310014934519,0.0592982081548607,0,0,0,0,0,0,0.0893511378606771,0,0.00924401203771218,0,0,-0.0199025634987809,1.25576517247949,0,0.0418734475215303,0,0.156792358008906,0.0506781576996668,0,0,0,0,0.00353631572094911,0.00751502665777565,0,0,0,-0.000763438952890347,0.146121630187778,-0.19320741190573,0,-0.035394241221625,0,0,0,0,-0.034805832996407,0.028506010401003,0,-0.0880871889639206,0.017835608838049,0,0,0,0,0,-0.035749125442789,0.0083363469913727,-0.0330671052490593,0,0.0245465517436684,0.104209874225069,0,0,-0.0452133406668975,-0.143491419158264,-0.106897861971324,-0.00700891790953775,0,0,0,0,0,0,0,0,0,0,0,0,0.103709058333061,0,0,0.0522367377895588,0.0558884938512031,0,0.010117262075378,0,0
-0.0993385464085812,0,0.0567114946568966,-0.0997939673890808,0,0,0.0824622832434057,0,0.00898955664709239,0,0,0,0,-0.0354940743749668,-0.124490553913206,-0.01540336292931,0,0.172948589657634,0,0,0,0.123325184707644,0,-0.0217573366569516,0,0,0,0,0,0,0,0.095979336023017,-0.0212521166983594,0,1.22455585590165,0,0,-0.00322738208345838,-0.0288384486100784,0.0621216394765637,-0.1246115039724,0,0,0,0,0,-0.0464211199948076,-0.0199241848465541,-0.165175439782192,-0.0504869448298511,0.0419657295304063,0,0,0,0.0306053437869414,0,0,-0.028815406254713,0,0,0.00937574339670364,0.0631171293288169,-0.134011243224614,0,-0.101567980908876,-0.00795592454291309,0,0,0,0.0856236674544291,0,0,0,0,-0.0685196406838791,0,-0.10614231003528,0,0,0,0,0,0.0505650479949281,0,-0.0273815204508196,-0.000291192185396406,-0.0756679088981127,0,-0.0332990584171811,0,0,-0.0116606053275581,0,0,0,0,0,0,0,0.0131974951904784
0,0.0587169372676113,-0.00454084664838522,0,0,0.0301991481827837,0,-0.051287564558009,0,0,0,-0.067799334773605,0,0,0,0,0,0,-0.0401305592093542,-0.0194437438816802,0,0,0,0,0,0,0,0.0397934137205798,-0.057622152180865,0,0,-0.0773784330391296,0,0.0418734475215303,0,1.1429277683187,0,0.00157910775920428,0,-0.00367578861235233,0,0,0,0,-0.110203078042495,-0.0594816588712951,0,0,-0.0516480805087689,0,0,0,0.00883458556019333,0,0,-0.0360829543898801,0,0,0,-0.0119640583980916,0,0,0.0588493846412749,-0.0310321086427212,0,0,0,0,0,0,0,-0.0558819156632645,-0.0454785088951197,-0.147914806555003,0,0,-0.0178246380289622,0,0,0,0,0,0.0108006546098927,0,-0.0446608141544935,0,0,-0.114097441349771,0,0,-0.00585004114932708,0,0,0,0,0,-0.106252921070812,0.121528600549193,0,0
0,0,0.239991189690449,0.00481495619603265,0,0.0271675698372075,0,0,0.136955161023404,0,0.253716368214022,0.0214538232646773,0,-0.0545363360131901,-0.0599157823150112,0,0,0,0,0,0.0120409358709339,0,0.00457048878560841,0.17921375796086,0,0,0,0,0,0,0,0.0643655446290885,0,0,0,0,1.45805743324802,0,0,0,0,-0.153134430540752,0,0,0.0354679840382655,0,-0.00868023206371865,-0.0589943710734796,0,0,0,0,0,0.181344150254944,-0.048905237702164,0,0.0738630002331273,0,0.0151273334016228,0.136951970042059,0.105482021535367,0.193363803654732,0.0173326360030143,0,0,0,-0.0401785408915154,0,0.0205108461680333,0,0,0,0,0,0,0,0,0,0,0,0,0,0,0.021031173515034,0.115502168751472,0,0.083220210749661,0,0,-0.0837927272491357,-0.0665059497681705,0,0,0,0,0,0,0,0,-0.269008956753678
0,0,0,-0.0801641961692237,0,-0.0506181697693123,0,0.152902644140104,0,0,0,0,-0.0894506468187686,-0.0345958393528347,0,0,0,0.0241997087295386,0.0206174523098881,0,0,0,0,0,-0.0357795521410778,0,0,0,0,-0.164021822870103,0,0,0,0.156792358008906,-0.00322738208345838,0.00157910775920428,0,1.15878896822943,0,0.0181375381366762,0,0,0,0,-0.0130396995356953,0,0,0,0,0,0,-0.0495835569062854,0.0513582678619139,0,0,0,0,-0.0379847573724075,0,0,0,0,0,0,0,0,0,0,0.010799584084685,0,0,0.0134697655534268,0,0.128782896166153,0,0.0295119683203868,0,0,0,0,0,0,-0.01685168055878,0,-0.127389052893623,0,0.00297519249516136,0,-0.0239574542791526,0,0,0,0,0,-0.0847398035788498,0,0,0,0,0
-0.0158956935464663,0,-0.145331349690584,0,0,0,0,0,-0.108343645654366,0.212507023480468,0,-0.359319811377484,0,-0.0876800303388419,0,0,-0.120076318623401,0,0,-0.0356023330111696,0,0,0.101534670079006,-0.0550735907771508,0,-0.0429543413886813,0,0,0,-0.171042999393139,0,0,0,0.0506781576996668,-0.0288384486100784,0,0,0,1.60536717517687,0,0,0,0.0608336806128625,0,0,-0.0222853506299266,0,0.231562126209193,0,0.0982841799923872,0,0,0,0.0561463981255711,0,-0.171855678757755,0,-0.0639980836372288,0,0,0,0.0294636342067341,0,-0.303200121849279,0,0.0780895331664566,0,0,0,0,0,0,0.0121435525745733,0,0,0.0418299706872139,0,0,0,0,-0.0526364666350326,0,-0.0589071974244125,-0.1451453876847,0,-0.163125543748878,0.0462138176117253,0.0574791742926091,0,0,-0.0171074496122791,-0.0765082711293419,0.0142793641590875,0.0756677232270995,0,0.00017490553702157,-0.174810038487736,0,0.0379388629642828,0
0,0,0,0,-0.0303733638235134,0,0,0,0,0,0.162928441905663,0,0.0538709481875045,0,-0.0689674669011192,0.0849625144439081,0,-0.0214169951021687,0,0,0,-0.000766111006768503,0,0,0,0,-0.170051804253177,-0.0469212966608781,0,0.0485003433417514,0,-0.114499667607613,0.0109067561446619,0,0.0621216394765637,-0.00367578861235233,0,0.0181375381366762,0,1.19212209067584,0,-0.0013327729431097,0.0351832496212921,0,0,0,-0.113868845913621,0,0.0474322541268661,0,0.0447605277099218,0,0,0,0,0,0,0,0,-0.06197397595953,0,0,0,0,0.0841938793336005,0,-0.00647429125587388,0,-0.11614442544557,0,0,0,0,0,0,0,0.0391003284112588,0,0,0,0,0,0.0172480322734465,-0.0411116374615457,0,0,0,0,0,0,0,0,0,0,0.0142292076814399,0,0,-0.124756878928355,-0.0415516535649173,0.0977708598210254
0,0,0,0,0,0,0,0,0.213386142923196,0,0,0,0.0149714068741715,0.079911116493187,0,0,-0.217184725970136,0,0,0,0,-0.031988842313342,0,0,0.0233546089628494,-0.0117893856542706,0,0.0553639577885246,0,0,0,0,0.0278211023602353,0,-0.1246115039724,0,0,0,0,0,1.25729427667228,0,0,0,0,0,0,0.0822330251056915,-0.0280913523841792,-0.0105620574665089,0.0111173780768658,0,-0.00576218932795413,-0.012756579953012,0,0,0,-0.149011566492532,0.0397649911883924,0,-0.0743204519785421,0,0,0.0196712047435295,-0.00770157458780708,0,0.016720754019618,0.0359959384788774,0,0,0,0.180156447187137,0,0,0,0,0,0.0307639184540753,0.0817986848422262,0,0,0,0,0,-0.151723980324419,0,0.113192742492522,0,0,0,0,0,0,0,0,0,0.115178232265416,0,-0.0562169470148056,0
0,0,0,0,0.0404179918638494,0.0809193227447228,0,0,0,0,0,0,0,0,0,0.0334843826394936,0,-0.0330584320877415,0,0,0.0752134190334227,0,0,0,0,0,-0.00432537703276756,0,-0.110283155669877,0.0311781160213782,0,-0.125585596050325,0,0,0,0,-0.153134430540752,0,0,-0.0013327729431097,0,1.18043386566202,0.0682846292970826,0.000900013747210929,0,-0.0707314468194893,0,0,0,0,0,0,0.0739494310455808,-0.021651266275989,0,0,0,0,0,0,-0.074107539038671,0,0,0.0499126629082184,0,0,-0.0569024048381227,0,0,-0.0322424185038361,0,0,0,0.131794504079636,0.114277977837532,0,-0.0581400914238201,-0.0349586349574833,0,0,0,0,0,0,0,0,0.00749795583482481,0,-0.0798644953309714,0,0.0466973797371705,0,0,0,-0.0789985346349247,0.187370053474256,0,0,0,0
0.0542203313377867,0,0,-0.0714148735421426,0,-0.0518152205128127,0.0768009934306308,0.0939890543544272,0.0441105528428142,0,0,0.0502035668600621,0,-0.00301976465216174,0,-0.0975327608826526,0,0,0,-0.0363407279991189,0,0,0,0,0,0,0.122812072888214,0,0,0,-0.00474590240604923,0,0,0,0,0,0,0,0.0608336806128625,0.0351832496212921,0,0.0682846292970826,1.23641778676404,-0.0118713923684571,-0.00253718201856231,0.00870623220907286,0,0,0.00154042525858625,-0.0414238752192834,-0.0788469139570217,0,0,0,0,0,0,0,0,0.0467430617846245,0,0,0.0227895794256665,0,-0.164747288313615,0,0.00730338802071374,0,0,-0.085976054427432,-0.273033811957209,0,-0.0671768026561601,0,-0.0696607732604268,0.0165065033461347,0,0,0,0,0,0,0,0,0,0,0,0,0,0.0144539970984725,0,0,0,0.0101964129670111,-0.0541258699380467,0,0.117151298095153,0,0,-0.0263946930470357
-0.104041079502467,0,0,0,0,0,0.0408893150068074,0,-0.138706872190347,0,-0.102236297219792,-0.0341853377494414,0,0,0,0.041232863549294,0,0,-0.00910097511137329,0,0,0,-0.0674894722324178,0,0,0,0,0,0,-0.0391103522834456,-0.144992207552281,0,0,0.00353631572094911,0,0,0,0,0,0,0,0.000900013747210929,-0.0118713923684571,1.1189489299926,0,0,0,0,0,0,0,0,0,-0.0820051701477927,0,-0.0532878829212209,0.00266110996198745,0,0,0,0.0554925907312088,0,0,0,-0.000703486717219125,0,0,0,0,0,0,0,-0.0279902769331827,0,0,0,0.0892246845422611,-0.0533567246171302,0,-0.00401429135370421,0,-0.0949822297311096,0,0.0301511456784575,0,-0.0264268393362482,0,0,0.0285403222321216,0.039833893528358,0,-0.0142088653082784,0.0600430889595537,-0.0529427826304083,0,0,0,0,0,0
0,0,0,0,0,0,0,0,0,0,-0.129324018734884,0,-0.193158974269726,-0.162737362177291,0,0,0.00659782365939788,0.0925772717080143,0.0336978480024827,-0.0846448135951403,0,-0.214248878208835,0,0.000130013666813614,-0.0568960123564098,0,0,0,0,0,0,-0.0637776745894086,0,0.00751502665777565,0,-0.110203078042495,0.0354679840382655,-0.0130396995356953,0,0,0,0,-0.00253718201856231,0,1.28842251348557,0,0,0,-0.11220248531729,-0.0761704290612847,0,0,-0.136831860119337,0,-0.0121211651303042,0,-0.0526693802679694,0,0,-0.0758457899489935,0.0257325249735444,0,0,0,0,0,0,0,-0.0916951539380441,-0.0277317305122814,0,0.0155957886650627,-0.0577138791247486,0,0.126379443467402,0,0,0,0,0,0,0,0,0,0,0,-0.0890021892037498,-0.0735115297690197,0,0,0.0152463309570824,0,-0.0196144806862043,0,0,-0.0398258075159253,0,0,-0.0260661562103848,0.0622426863984788
-0.0499242195892455,0,-0.18862562318255,0,0,0,0,0,0,0,0,0,0,-0.10890740320736,-0.241374729698896,0,0,-0.0227874111491378,0,0,0,0,0,0,0,0,-0.136686072762668,0,0,0,-0.25648698117578,0,0,0,0,-0.0594816588712951,0,0,-0.0222853506299266,0,0,-0.0707314468194893,0.00870623220907286,0,0,1.3965918773277,-0.0753919805322099,0,0,-0.0379941129527378,-0.0270616475579053,0,0.0876458499301834,-0.205825539974615,-0.0948334956702611,0,-0.0857908569400533,-0.124675699089109,-0.0568702597549937,0,0,-0.0174790544161328,0,-0.0797369393509787,0,0,0,-0.138247067466251,-0.0282483543688191,0,0,0,-0.0267061747564114,0.021763537488193,-0.108366536729925,0,-0.0502365672409898,0,0,0,0,0,0,0.0093881493046414,0.156383632509436,0,-0.0208054028652394,0.0916753810979046,-0.0522156082891463,0,0,0,0,0,0,0.0300516602941055,-0.0148030028248295,-0.182126156245302,0,0
0,-0.0371676506472346,0.199497861055566,0,0,0,0,0.0820154476540908,0,0.0470256765103684,0,0,0.00387012585034958,0,0,0,0,0.0270886846700247,0,0,0,0,0,0,0.0906832292046162,0,0,0,0,0,0,0,0,0,-0.0464211199948076,0,-0.00868023206371865,0,0,-0.113868845913621,0,0,0,0,0,-0.0753919805322099,1.15395421109437,0,0.102016448716522,0,0,0,0,0,0,-0.127416679548657,0.0577947198054497,-0.00459222376712132,0,-0.0914930162451171,0,0,0,0,0,0.0968100224334411,-0.00387518472404378,0,0,0,0,-0.000666460056289388,0,0,-0.163730883116071,-0.0609533996104753,0,0,0,0,0,0,0,-0.0201553263292251,0,-0.0297596432701443,0,0,0,0,0,-0.022045124950293,0,0,0.0738323822759741,0,0,0,0,-0.0285081568176121
0,0,0,-0.0405884545579989,0,0,0,0.0406545481071598,0,0,0,0,0,-0.0345215853690449,0,0.0913490706173793,0,0,0,0.18249503186934,0.0872662362741011,0,0,0,-0.101090385016254,0,-0.0787342639425945,0,0,0,0,-0.0974674795674056,0,0,-0.0199241848465541,0,-0.0589943710734796,0,0.231562126209193,0,0.0822330251056915,0,0,0,0,0,0,1.19763607459338,-0.0979843926500721,0,0,0,0,0,0,0,0.0215239728376145,-0.0271774622724781,-0.0419682865356047,0,0.0957701460651676,-0.0765515255385007,0.054141101234921,0,0,0,0,-0.000384443742653555,0,0,0,0,0,0,0,0,0,-0.0332094641774217,-0.0270308704904709,0.087069183318459,0,0,0.0573598551900037,-0.0309147832381635,0,0,0,0,-0.15179642299234,0,0,-0.0165696780745037,0,0,0,0,0,0,0,0
0,0,0,0,0.144632433394994,0,0.0751472537342732,0,0.0119709378284298,0,-0.0307981517823433,0,0,0,0,-0.13137031257888,-0.247013722232523,0,0,0,0,-0.00828677227373698,-0.0798763434158558,0,-0.137196967601756,0,0,-0.0526771500029717,0,-0.0840123970142856,0.00107617008697386,0,0.0218644810755597,-0.000763438952890347,-0.165175439782192,-0.0516480805087689,0,0,0,0.0474322541268661,-0.0280913523841792,0,0.00154042525858625,0,-0.11220248531729,0,0.102016448716522,-0.0979843926500721,1.31428988507794,0,0,0,-0.0675664011959747,0.0409412718486231,-0.0846619729113435,-0.119696832509201,0,0,0,0,0,-0.00584480468126874,-0.0224422151675178,0,-0.0499436154915579,0,0,-0.0494054061385465,0,-0.0391084787386624,0.0947577715307278,0.0427147348948735,0,-0.0113128858275371,0.00479151271671075,0,-0.064189566632122,0,-0.0968608818018573,0.0377655631146992,0,0,0,-0.014727103253097,-0.0693539268417859,0,0,0,-0.00585624490780461,0,-0.129451693266765,0,0,0,0,0,0,0,0,0
0,0,0,0,0,-0.0691137736007828,0,0,0.145672494532916,0,-0.0816108779238033,-0.0508740120439223,0,0,0,-0.00156667229961163,0,0,0.0761787584225565,-0.0251123095819442,0,-0.031154549923665,0,0,0,0,0,-0.104945761446366,0,0.0716718488668796,0,0,-0.176540054897468,0.146121630187778,-0.0504869448298511,0,0,0,0.0982841799923872,0,-0.0105620574665089,0,-0.0414238752192834,0,-0.0761704290612847,-0.0379941129527378,0,0,0,1.2679419367893,0,0,0,0,0,-0.00641936184813811,0.097249128109548,0,0,0,0,-0.0812823845152186,-0.0407991789634626,0,0,0,0,0,-0.0953561922976656,-0.039198379700078,0,0,0,-0.228477825347892,0,0,-0.0730641154954578,0.0148219726707768,0,0,0,0,0.010209685711698,0.0407095654808529,0,0,0,-0.0816878496626443,0,0,0,0,0.0324014351972712,0,0,-0.0867889033087763,0.0549963558188889,0,0,0
0,0,0,0,0,0,0,0,0,-0.0592782529954559,0,0,0,-0.0292873473925771,0.0364520954351693,0,0,0,0.00738819265448564,0,0,0,0,0.012500676559783,0,0,0,-0.0417179474493157,0,0,-0.0995287658524747,0,-0.0640039263795655,-0.19320741190573,0.0419657295304063,0,0,0,0,0.0447605277099218,0.0111173780768658,0,-0.0788469139570217,0,0,-0.0270616475579053,0,0,0,0,1.089073122704,0,0,0,0,-0.07060271755316,0,0,0,0,0,-0.00888211302442239,0,0,0,0,0.000559143321645672,0,0,0,0,0,0.0422590216288731,0,0,0,0.0154662785489001,0,0,0,0,0,0,0.0254857640746848,-0.0355733928846915,0,-0.021307346375799,0,-0.0631108208056929,0.0589051609200367,0,-0.0229777663570016,0,0,0,0,-0.00754040856957754,0,0,-0.0771237188964372
0,0,-0.286368147908128,-0.0974595350948673,0,-0.161720504641706,0,0,0.0545168069093133,0.112826959469665,0.306217514130793,0,0.123086003946908,0,-0.211754453790427,-0.0287660547918854,0.0684783404469781,0.0152760260676924,0,-0.0833417237568738,0,0,0,0,0,0,0,0,0,-0.0202079612058363,0,0,0.0548002681062578,0,0,0,0,-0.0495835569062854,0,0,0,0,0,0,0,0,0,0,0,0,0,1.33475031218923,0,0,-0.0527859590309595,0,0,-0.0260670932954238,0,0,0.0110212831545048,-0.0550931036009846,0,0,0,0,0,0,0,-0.0534524226537421,0,0,0,0,0,0,0,0,0,0,0,0,-0.0210953435401448,0,0,0,0,0,0,0,0,0,0,0,0,0,0,0,0,-0.082878517488569
