"X1","X2","X3","X4","X5","X6","X7","X8","X9","X10","X11","X12","X13","X14","X15","X16","X17","X18","X19","X20","X21","X22","X23","X24","X25","X26","X27","X28","X29","X30","X31","X32","X33","X34","X35","X36","X37","X38","X39","X40","X41","X42","X43","X44","X45","X46","X47","X48","X49","X50","X51","X52","X53","X54","X55","X56","X57","X58","X59","X60","X61","X62","X63","X64","X65","X66","X67","X68","X69","X70","X71","X72","X73","X74","X75","X76","X77","X78","X79","X80","X81","X82","X83","X84","X85","X86","X87","X88","X89","X90","X91","X92","X93","X94","X95","X96","X97","X98","X99","X100"
1.28994347136838,0,-0.219152932917168,0,0,0,0,0.138973893850952,0,0,0,0,0,-0.0434261038214418,0,0,0,0,0,0,0,0,0,0,0,0.208948816509981,0,-0.00547424841633018,0,0,0,0,-0.11468219115202,0,0,0,-0.0656475465520821,0,0,-0.23871428955778,0,0,-0.00823279028695663,0,0.00438271768467512,0.00220584039061636,0,0,0,0,0,0.0933773675575413,-0.0304868374038671,0,0.0533892910968825,0,0,-0.0123969030899561,0,0,0,0,0,0,0,0.00344453208092424,0,0.0107936646263957,0,0,-0.0601807021830608,0,0,0,-0.0685642356925594,0,0,0,0,0,0,0.23432137301379,0,0,-0.0352974375674247,0,0,-0.128774433501111,0,0,0,0,0,0,0,-0.0724370049137518,0,0,-0.0487601840554343,0
0,1.19260716405875,0,0,-0.0913565656681977,0,0,0.00895690057649613,0,0,0.146156904418603,0,-0.0266452676015962,0.00843758569823237,0,0,0.0155320210925513,-0.00830955166274997,0,0.028053400751953,-0.092197397073043,0,-0.101723175574948,0,0,0,0,0,0,0,-0.0131047897174212,0,0.0503871511775049,0,0.0316666545569156,0,0,0,-0.0403769489710665,0,0,0.148524592099646,0,-0.0161197109771397,0,-0.0354213202267171,0,0,0,-0.0247263549501321,0,0,0,0,-0.210438076439198,0,0,0,0,-0.0800774924629073,0,0,0.0371923966931389,0,0,0.0448125067157876,0,-0.00658335460423528,0,0,0,0,0,0,-0.142149408512362,-0.0126212667800181,0,0,0,0,0,0,0,-0.0904299415574391,0,0,0,0.0110575908598052,0,0.046422056582609,0,-0.0361033849806218,0,0,0,-0.0902967054057496,-0.0358071219152631,0,0,0
-0.219152932917168,0,1.59195905598248,0,-0.0557395974780227,0,-0.0494509644725462,0,0,0,0.102784761618169,-0.0575588003310249,0,-0.0458376617809339,-0.0776783968762191,0,-0.11196201646124,-0.0127819623678456,0,-0.000728184765952005,-0.0197377216548051,0,-0.108522029371236,0,0,-0.106582981313442,0,-0.0312386954838023,0,0,0.178064782305647,0,-0.283168765791189,0,-0.34599575611264,-0.0835953550024321,0.113096214234836,-0.0805713813602791,0,0,0,0,-0.019283402447399,-0.00981005043981305,0,0.0685772494167259,0,-0.0351288169829365,0,-0.119440541252846,0,0,0,0,0,0,0,0,0,0,-0.252390329173474,0,0,0,-0.120138044389323,0,0,0,0.118627149811732,0,0,0,-0.123659128176134,-0.000299135111019526,-0.0735713377294135,0,-0.0923054663762223,0,0,-0.0591040807636564,0,-0.0148564154811843,0,0,-0.166271346691211,-0.100266368323308,-0.0221054195158224,-0.0401629681881658,0.000759671833009557,0,0,0,0,0,0,-0.041808133133495,0,0,0,-0.0758848280827488
0,0,0,1.39092148649244,0,0,-0.0610069336501717,0.250805651423146,0,-0.149296469098676,-0.0285877936654783,0,0.0509507753520393,0,-0.096657634845125,0,0,0,0,-0.0392881988755447,0.0038713264990785,0,0,0,-0.18246708416897,0,-0.0599350847697462,-0.178607607671208,0,0.183147274193649,0,0.00818145884348082,0,0,-0.123729771537996,0.0203380386625818,0,0,-0.0448705522553495,-0.0638363544260931,0,0,0,0,0.133498718760195,0,0,0,0,-0.00414071196358353,0.0313073759948647,0,-0.0299512586191993,0,0,-0.012770718300742,0.154290710032389,0,0.0601289289877804,0,0,0,0.0169144973572401,-0.000503121337975271,0,0,0,0,0,0,-0.140399533909289,0,0,0,0,0,0,0,0,-0.0686512929144531,0,0,0,0,0,0,0.122699572718873,0,-0.0822661068978275,0,0,-0.0570549963030309,0,-0.0942332577711156,-0.0550252549930976,-0.00345277869728285,0,0,0.068518021565121,0
0,-0.0913565656681977,-0.0557395974780227,0,1.16303476689257,-0.00366481658902498,0,0,0,0,0.158577427530743,0,0,-0.014110280490517,0,0,0,0,0,0,-0.0758611807980085,0,0,0,0,0,-0.0128550481627173,0,-0.0790588896002114,0,0,0,0,0,0,0,0,0.0850126141004757,0,0,0,0,0,0,0,0,-0.110260845040362,-0.0116038591938746,0,-0.132128039810657,0,0,0,0,-0.114412365252435,0,0.018178141583493,0,0,-0.0924908356691861,-0.0329511349097907,0,0.051459794690156,0,0,0,0,0,0.0900792999578129,0,0,-0.113147282237183,0,0,0,0,0,0,0,0,0,-0.0263124316920793,-0.0456478997168806,0.107831204978789,0,0,0,0,0,0,0,0,0,0.014920395685419,0,0,0,0,0,0
0,0,0,0,-0.00366481658902498,1.3646448960066,0,0.0688176967722695,-0.00456426953363373,0.0331570166861058,0,0,0.0275445769065293,0,0,0,0,0,-0.0686166800675531,0,0,0,0,0,0.0103692184043179,-0.115154296520976,-0.107048479750021,-0.175304227037997,0,-0.0878260358139386,-0.0597805419127109,0,0,-0.018741381904918,0,0.0385625485526457,-0.0183060258265837,0,0,0,0,0,0,-0.00175697643582257,0,0,0,0,0.16294434955847,0,0,0,0,0.173308269416936,0,-0.162983773735776,0,-0.147146408846304,0,-0.211039429930582,0,0,0.0115232141784793,0,0,0,0.140232764167827,0,-0.0449503656190042,0,-0.106665175954419,-0.0584849100802751,0,0,-0.0800693437491466,-0.0537337152368899,-0.0103733497474759,-0.161715338878068,-0.0163522799031685,-0.019138171821102,0,0.125528412324585,0,0,0,0,0,0,0,0,0,-0.157968249394643,0,0,-0.0490769262972669,-0.070433737778381,0,0,0,0
0,0,-0.0494509644725462,-0.0610069336501717,0,0,1.18017309095957,0,0,-0.0153617001861631,0,-0.0451628051610307,0,-0.0967894551601034,0,0,-0.000140632796687508,0,0.183980766253089,0,0,0,0,0.138204401786377,0,0.0461260245880144,0.0241201437349231,0,0,0,0,0,0.0495239363773723,0.0130413750545042,0,0.00717143248849936,0,0,0,0,0,0,0,0,0,-0.0459755867339044,0,0,0,0,0,-0.0403245895499175,0,-0.0274186094485338,0,0,0,0,0,0,-0.0434063592614127,0,-0.085602279249624,0,0,0,0,0,0,-0.0732167635408181,0,-0.128179589718675,0,0,0,-0.0315608449935462,0,0.00738700151583217,0,-0.0241069119771455,0,-0.0309726833306079,0,0.0219948687242029,0,0,0,0,0,0.0780418907661686,-0.0174044114466762,0,0,-0.0225829202497991,0,-0.224644701922099,0,-0.018111974373614,-0.0553998202748474,0
0.138973893850952,0.00895690057649613,0,0.250805651423146,0,0.0688176967722695,0,1.3468227799563,0,0.0034118243763621,0.173931417718906,0,0,0,-0.077070412964497,0,0,0.0232349842286944,0,-0.00303538280216623,-0.130653226066313,0,0.121685364579235,0,0,-0.0938984749221604,-0.0140247252152358,0,0.153443307446965,0.114888750992001,0.00623800973411569,0,0.118542042648781,0.0589000310954133,0,-0.0879528020268582,0.16205526063763,0,0,0,0,-0.069607928593477,0,0,0,0,0,0,0,0.0776296342129082,0,-0.0626101133470015,0,0,0,0,-0.0161812694494955,0.00933091721287501,0.0814147390069618,0,0,0,0.0890743530931058,0,-0.0396460658340424,0,0,0,0.0300627309413963,0,0,0.0316966882728077,0.0140673951532035,0,-0.137692040795035,0,0,0,-0.0885313134145629,0,0.0295978341934104,-0.048573501006345,0,0,0,-0.130168462586299,0,0,0,0,0,0,0.0433182082605053,0.0118487069215702,0,0.098681544387515,0,0,-0.0703332522159025,0
0,0,0,0,0,-0.00456426953363373,0,0,1.17483804709272,0,-0.0469172246303239,0,0,-0.0616923321957137,0,0.0544257704444618,0.0327880561439216,0.0704123559855172,0,0,0,0,-0.0275646007781895,0,0,-0.0429813264954336,0,0,0,-0.0115064561440451,0.0279039239887924,0,0,-0.0513752083609788,-0.0216866901356423,0,0,0,0.113810944660607,0.0024984170350101,0,0,0,0.0436148941828856,0,0.215306349205559,0,0.00829997796951859,0,0,0.0313087419574302,0.026350537702708,0,0,0.00720177206198493,-0.123696820293232,0,0,-0.0464828593810617,0,-0.0475502933474069,0,0,0,0,0,0,0,0,0,-0.0472518088460147,0,0,0,0,-0.0230279322044795,0,0,0,0,0,0.184732638958923,0.0696768975090281,0,0,0,0,0,0.0338550750956905,0,0,0,0,-0.0971501525125614,0,0,0,0.0542695737818417,-0.0132528736150956,0
0,0,0,-0.149296469098676,0,0.0331570166861058,-0.0153617001861631,0.0034118243763621,0,1.14330659467522,0,0.0302050478527023,0,-0.0939484321526381,-0.00390836553119308,0,-0.0885830877631402,0,0,0,0,0,0,-0.0027562832921142,0,0,0.0598633293250939,-0.030916321970243,0,0,0,0,0,0,0,0.00652070307947228,0,-0.0591678941601491,0,0,0,0,0,0.000978038070349588,0,-0.020459290496435,0,0,0,0,0,0,0,0,0,-0.0122420534132687,0,0,0,0.0485283557051754,-0.0101560945339953,0,-0.0136916432592958,-0.0183331936243142,-0.12565649417685,-0.0199879337322935,0,-0.00971774637481725,0,-0.160648427388862,0,0,0,-0.0550137986048795,0.0958738313637374,0,-0.0150478650046662,0,0.0569021814093007,0,0,0,0,0,-0.0237874755493874,0,0.0487875677043215,0,-0.0468536503644938,0,0,0,-0.00158048447149986,0,-0.0660186194880959,0,0,0,0,0
0,0.146156904418603,0.102784761618169,-0.0285877936654783,0.158577427530743,0,0,0.173931417718906,-0.0469172246303239,0,1.33614075592529,-0.0647691118551375,0,0,0,0,0,-0.053263997240744,0,0,0,0,-0.0363267593885202,0,-0.0346648897026497,0.0419906838970235,0,0,0.0605332653609818,0,0.0328343846008272,0,0,0,-0.11039688721852,0.243363892293661,-0.0922932078405444,0,0,0,-0.0393699808567187,0.0631702136487556,0,0,0,0,0.0273193770759646,0,0,0,0,0.023293446375184,-0.0575885043850033,0.0750645123920457,0,0,0,0,0,0,0,0.000479586044418231,0.0952154467028287,0,0.0879110745011376,0,0,-0.0298273677996123,-0.038510083994502,0,0,-0.0482844761887766,0,0.108706842818805,0,-0.0673531776813164,0.099514035598662,0,0,0.000513807892010532,-0.101214668951663,0.0873067557097378,0.00249991902679826,0,0,0,0,-0.0240989673955823,0,0,0,0.0415353038004768,0.0278495393919237,0,0,0.152013719114701,0,0,0.12064222533572,0
0,0,-0.0575588003310249,0,0,0,-0.0451628051610307,0,0,0.0302050478527023,-0.0647691118551375,1.15994524859599,-0.0380284310157663,0,0,0,0,0,0,0.0203769955701112,-0.000412617190375463,0,-0.0264389149008469,0,0,0.00973324950087284,0.0955065665428059,0,0,-0.16564979466859,0,0.0153147658063988,0,0.0981749718117322,0,0,0,0,0.0274427345868475,0,0,-0.00443634516630399,0,-0.0546227442905651,-0.00132132463637622,0,0,-0.0279500607517708,0,0,0,0,0,0.0599801365283879,0,0.0190726286721953,0.121162226674066,0,0,0,0.1339401121046,0.0164714502155262,0,0,0,0.0523135744399069,0.00808935698408314,0.000714542531795317,0,0,0,0,-0.02200890061097,0.12319650822547,0,-0.00733524038456339,0.116110002435923,0,0.00751630371654342,0,-0.0530399648871168,-0.0807436876226628,0,0,-0.0851585788535872,0,0,0,0,0,-0.0239014378704649,0,0,0.124499024475723,0,0,0,0,0,0
0,-0.0266452676015962,0,0.0509507753520393,0,0.0275445769065293,0,0,0,0,0,-0.0380284310157663,1.13254738656562,0,0.0786709513007797,0,0,0,0,0.0131541480787782,0,0,0,-0.0579976843792602,0,0,0,0,0,-0.0640409100802627,-0.0211270659225546,-0.0292330152482175,0,0.0461029789136579,0,0,0,0,0.0263432984938239,0,0,0,0,-0.0732694931554013,0,-0.0151272640947356,0,-0.0375135368016777,-0.0839469885698562,0,0,0,-0.0728946533485202,-0.017413709039675,0,0,0,0,0,-0.118516999168521,0,0,0,-0.0535279497417896,0.00177529972288855,0,0,0,-0.0286365588358453,0,0.000867897974569025,-0.0123911589535354,0,0,-0.0437255344011117,-0.0189297508330948,0,0,0,0.0230312033232689,0,0,0.0983417971223519,-0.0298211936505172,-0.134188902425677,0,0,0,0,-0.0288019372938912,0,0,0,0.0124659217396,0,0,0,0,-0.102720817115056,0
-0.0434261038214418,0.00843758569823237,-0.0458376617809339,0,-0.014110280490517,0,-0.0967894551601034,0,-0.0616923321957137,-0.0939484321526381,0,0,0,1.21021205158475,0.161055757642414,-0.00213057320308865,0,0,0,0,0,0,0,0,0,-0.088341438409049,0,-0.0473133892799667,0,0,0,0,-0.0606340948772604,0,0,0,0,0,0,0,0,0,0,0,0,0,-0.0133868878401338,0,0,-0.042075812631359,0.0950982447400942,0,-0.102127168190661,0,0,-0.00849712213189293,0,0.055016173181794,0,-0.0255416906760836,0,0,0,-0.0517693131068094,0,-0.10434639431838,0,0,0,-0.0616630206166802,0,0,0,-0.122414392050918,-0.0313346264292673,0,0.0456277374153874,-0.0601662309361727,0,0,0,0,0.00226976945253586,-0.0521175046435191,0,0,0,0,0.0729113164678328,-0.0362560401098701,-0.103149633158804,0,0,-0.001215295104062,-0.0261358810819812,-0.076051922134196,0,0,0,-0.0529551272259436
0,0,-0.0776783968762191,-0.096657634845125,0,0,0,-0.077070412964497,0,-0.00390836553119308,0,0,0.0786709513007797,0.161055757642414,1.36746848287512,0,-0.0552546205480739,0.0986555529038131,0,0,-0.0723018191474364,0,0,0,0,0,0.0350692944509532,0,0,0.291699366127698,-0.0615348758483475,0.0697734824877918,0,0,-0.0635300385880376,0,0,0,0.166778612779922,0.0633005113918853,0,0,0,0,0,0.0728614445280149,0,0,0,0,0.11049482830707,0,0,0,-0.140531419058503,0,0,0,0.041714828628499,0.0361243272505807,0,0,0,0,-0.00423778312224801,0.0328920379526075,0,0,0,0,-0.031346233036255,0,0,-0.148265968421681,0,0.0496764412164411,-0.00208558269239516,0,0,-0.160298433350701,0.141279621532247,0.0154568279817051,0,0,0,0,0,0,0,0,0,0,0,0.0479986393097797,0,0.0112755219165303,-0.146894266973484,0,0.0912002495662357,0
0,0,0,0,0,0,0,0,0.0544257704444618,0,0,0,0,-0.00213057320308865,0,1.18437673962568,0.167739767171725,-0.0892193900891733,0,0,0,0,0,0,0,-0.147769572735975,0,0,-0.0244892332744535,0,0,0,0,0,0,0,0,0,-0.0489547699278215,0,-0.0065703863966183,0,0,0,-0.0447022378918451,0,0,0,0,0,0,-0.109501205558072,-0.106766765636161,0,-0.00948354761519823,0,0,0,0.191871470801496,0,0.132870386373785,0,0,0,0,0,-0.111070399134329,-0.00722958472228173,0,0,0,0,0,0,0.0934383015763266,0,0,0,0.014080777938227,0,-0.0829367128247638,0,0,0,-0.000746116945327228,0,0,-0.122513821644677,0,0,0,0,0,0,0,0,0,0,0,0
0,0.0155320210925513,-0.11196201646124,0,0,0,-0.000140632796687508,0,0.0327880561439216,-0.0885830877631402,0,0,0,0,-0.0552546205480739,0.167739767171725,1.59693259103819,0,0,-0.139755125321083,0,0,0.0173398790901891,0,0,0,-0.100474049865452,0,0,0,0,0,0,0.360174095912933,-0.201921549378419,0,0,0,0,0.0130932616340003,-0.148789956698615,-0.0878267586330574,0,0,0,0.122960523086111,0,0,-0.0742106782972136,-0.125791990809102,0,0,-0.0789488327515062,-0.0801177765871147,-0.00513575787518396,-0.0201541256283037,0,0,0,0,-0.0685270442572295,-0.0984353180781828,-0.0979361138854464,-0.0617778039399597,0,-0.00529817692247294,0,0,0,0,0,0,0,-0.0231721108514056,-0.0186874088507688,0,-0.0725065272360428,-0.224487774411019,-0.143815192702149,0,0,-0.120642678180704,0,0.0185049058453215,0,-0.0102515777396827,0.00954872012363211,0,-0.0543387230984881,0,0,0,0,0,-0.0602922495250196,-0.234344231818254,0,0,0,0
0,-0.00830955166274997,-0.0127819623678456,0,0,0,0,0.0232349842286944,0.0704123559855172,0,-0.053263997240744,0,0,0,0.0986555529038131,-0.0892193900891733,0,1.18782474118907,0,0.136400672643043,-0.0395601847051194,0,0,0,0.0443903117255089,0,0,0,0,0,0,0,-0.0712067841944773,0,-0.0457444544982071,0,0,0,-0.0188199612603336,-0.0570677686129401,0,0,0.0690736070493787,0,-0.17151622152461,0,0,0,0,0,0,0,0,-0.107278318623765,-0.0220757677336588,0,0,0,0.00144683511565874,0,-0.044192564919118,0,0,-0.0427256182482916,0,0.00985271364153127,0,0,-0.00635642179468585,0,0.0370532031844097,0.0904575110704905,0,0,0.0661915600338188,0,0,0,0,0,0,-0.142431576490042,-0.0089084038399343,0,0,0,0.0378738306445919,-0.00046121992523882,0,0,0,0,0,-0.00888967958215644,0.120673850166505,0.0701760830434353,0.00514438085526678,0,0.0153490607496891,0
0,0,0,0,0,-0.0686166800675531,0.183980766253089,0,0,0,0,0,0,0,0,0,0,0,1.15088983786766,0,0.0108185327730271,0,0,0,0,0,0,0,0,-0.0716466830920537,0,0,0,0,0,0,0,0,-0.0273050470963009,-0.00484533783655723,0,0,-0.086464454464308,0,-0.0356260430090847,0,0,0.0499920510002481,0,-0.0482426163138737,-0.0748588431567511,-0.1143113714978,0,0.0183368794259715,0,0,0.0203311548091059,0,-0.0392128346706878,0,0,0.082167696878262,0.0123082171781591,0,0,0,-0.0599366159475115,0,0,0,0,0.0729670791645427,0,0,0.130507561096389,-0.0895141666562059,0,0,0,0,0,0,0,0,-0.0956201210193014,-0.119851258029869,0.0168223762876348,-0.0448507484499639,0,0,0,0,0,0,0,-0.00597056290341422,0,0,0,0.00997883831901294
0,0.028053400751953,-0.000728184765952005,-0.0392881988755447,0,0,0,-0.00303538280216623,0,0,0,0.0203769955701112,0.0131541480787782,0,0,0,-0.139755125321083,0.136400672643043,0,1.17825403951277,0,0,0,0,0,0,0,-0.0323889474470755,0,0,0,0,0,0,-0.0806397489611747,0.0323663437484046,0.0118423944543229,0,0,0,0,0,0,0.0959086493052762,0,0,0,0,0.0919841842767008,0,0,0,-0.0507544951839773,0,0,-0.233192327991763,0,0,0,0,-0.01593500544408,-0.0335507014678176,0.0328385866198048,0,-0.128250452631243,0,0,0,0.0479878684536714,0,-0.0337560996920118,0,0,-0.00182959419087573,-0.0302302646291832,0.0201721830589307,0,0.1372711534957,-0.0267911520910051,-0.0179651190701952,0,0,0,-0.00244065780816158,-0.0203804398002768,0,0,0,0,0.0538249060023337,0,0,0,0,0,0,0,0,0,0
0,-0.092197397073043,-0.0197377216548051,0.0038713264990785,-0.0758611807980085,0,0,-0.130653226066313,0,0,0,-0.000412617190375463,0,0,-0.0723018191474364,0,0,-0.0395601847051194,0.0108185327730271,0,1.18109180809664,0,-0.104152333417105,0,0,-0.0878101815051343,0,0,0,0.188021443028298,0,0.0897910494832852,0,0,0,0,0,0,-0.0638136268160712,0,0,0.0324364490077421,0.160629960776052,0,0,0,0,0,0,0,0,0,0,0,0,0,0,0,0,0,0,-0.0165647309201175,0,0,-0.0662714329984715,0,0,0.0940708021019989,0,0,0,0,0,0,0,-0.10439573769871,0,-0.00938289079855458,0,-0.0333032456315221,0,0,0,0.050131205605572,-0.0420934921200634,0,-0.00524099693438873,0,0,0.051780591139316,0,0,0,0,0,0,0,0,0,0
0,0,0,0,0,0,0,0,0,0,0,0,0,0,0,0,0,0,0,0,0,1.10804826525544,0,0,0.0964322676915778,0,0,0,-0.00954956436697988,0,0,-0.114930196060062,0,0,0.00988073452041919,0,0,0,0.0213543512071922,0,0,0,0,0,0,0,0.0777258115570243,0,0.0864462984177318,0,0,0.0626907494203464,0,0.118556680247502,0,0,0,0,-0.00873240044464478,0,0,0,0,0,0,-0.0574028789104351,-0.174611158918965,0,0,-0.0639092030593907,0,0.0251151327769991,0,0.0196237967757606,-0.00879318986147359,0,0,0,0,0,0,0,0,0,0,0.0768688702453782,0,0.00748301608637368,0,0,0,0,0.0368132435073077,0,0,0,0,0,0,0.0178643155096581
0,-0.101723175574948,-0.108522029371236,0,0,0,0,0.121685364579235,-0.0275646007781895,0,-0.0363267593885202,-0.0264389149008469,0,0,0,0,0.0173398790901891,0,0,0,-0.104152333417105,0,1.13042644057308,0,0,0,0,0,-0.0854453222328883,0,0,-0.0119063372014201,-0.0363238405997474,0,-0.0342694631332282,-0.11104776058716,-0.0284318910858921,-0.0704184498688591,0,0,-0.0380723135240372,0,0,-0.0104604330694872,0,0,0,0,0,0,0,0,0.0795552332097926,0,0,0,0,0,0,0,0,0,0,0.134678585725376,0,-0.0343380505739525,-0.00967314220105869,-0.0064172906639955,0,0,0.0568198212461378,-0.0693761114255344,0,0.024612111661378,0,0,0,-0.0288570143419038,0,0,0,0,0,-0.0634298919274503,0,0,0,0,0,0.0182934284406839,0,0,0,0,0,0,-0.0511708289599304,0,0,0
0,0,0,0,0,0,0.138204401786377,0,0,-0.0027562832921142,0,0,-0.0579976843792602,0,0,0,0,0,0,0,0,0,0,1.21691754244181,0,0.0120781430381315,0,-0.10141177011165,0,0,0,0,-0.0252180744850895,0,-0.141640459362764,0,0,-0.0954313011194978,0,0,-0.0478904425261261,-0.0236714679771944,0,-0.0774816925539856,0.0412975230783591,0,0,0,-0.106976826017243,0.0183433852113211,0.12580704712747,-0.0649741097496453,0.0807650177492669,0,0,0,0,-0.0164873201695712,0,0,0,-0.000463309879821058,0,0,0.00951890770508697,0.0380917429060092,0,0,0,0,0,0,0,0,0,0,-0.154727069966481,0,0,0,0,0,0,0,0,0,0,-0.183283286359041,-0.0285043225898042,0,0.00602854708202235,0,0,0,0,0,0.205592635584351,0,0,0
0,0,0,-0.18246708416897,0,0.0103692184043179,0,0,0,0,-0.0346648897026497,0,0,0,0,0,0,0.0443903117255089,0,0,0,0.0964322676915778,0,0,1.2832343947777,0.0225919971864096,0.0987697667038765,0,0,0,0,0,0.172594006202459,0.0720454510303476,0,0,0,0,0,0,0,0,0,0,0.111732908627467,0,-0.00276807843449029,0.037642603172749,0,0,0,0,-0.0399639210678919,0,0,0,0,0,0,-0.110151396199146,0,0,0,0,0,-0.011623928739676,0.0135717026565894,0,0,0.0708415139464692,-0.104229544427759,0,0,0,0.143747905151684,0,0,0,0,-0.140861886598313,0.00656416452004203,0,0,0.108151227107952,0,0,0,-0.0315864320624871,0,-0.10025588076914,0.0481908204708184,-0.0497967264465398,0,0.0763567905404286,-0.0487240871861426,0,0,-0.10253283703457,0,-0.145244218182656
0.208948816509981,0,-0.106582981313442,0,0,-0.115154296520976,0.0461260245880144,-0.0938984749221604,-0.0429813264954336,0,0.0419906838970235,0.00973324950087284,0,-0.088341438409049,0,-0.147769572735975,0,0,0,0,-0.0878101815051343,0,0,0.0120781430381315,0.0225919971864096,1.16148279379744,-0.0628149885058974,-0.0353590374745852,-0.0202733351452337,0,0,0,0,0,0,0,0,0,-0.0181520162965389,0,0,0,0,0,0,0,0,-0.0414260418430404,0,0,0,0,0,0,0,0,0,0,0.0279037668605625,-0.00226299755222068,0,0,0,0,0,0,0,0,0,0,0,0,0,0,0,0,0.00167434194436676,-0.00422138177581818,0.0329290601157575,0,-0.00600374458944191,0,0,-0.0169699809445429,0,-0.0619132892375787,-0.0589038240668593,0,0.00735790966140083,-0.0963781565743314,0,0,0,-0.0952904020014908,0,0,0.0376625274170513,0.0531715569884821,0,0
0,0,0,-0.0599350847697462,-0.0128550481627173,-0.107048479750021,0.0241201437349231,-0.0140247252152358,0,0.0598633293250939,0,0.0955065665428059,0,0,0.0350692944509532,0,-0.100474049865452,0,0,0,0,0,0,0,0.0987697667038765,-0.0628149885058974,1.3180484853904,0,0.196959324366308,0,0,0,0,0,0,0,-0.0589959750320538,0,-0.131434600701594,0,0.021534292181623,0.105818249115805,0,-0.118155509408928,0,0.00528740555697925,0.0663050576665601,0,-0.0645562355476795,0,0,0,0,0,-0.0634422053831391,0,0,0,0.0484834553778627,-0.0412771810662158,0,-0.0539616437917286,0.00646548622373249,0,0,0,0,0,-0.0312401500764408,0,0.0749070995378608,0,0,0,0,-0.0184333239689596,0.0271116945259734,-0.312927946899428,0,0.0158975840706625,0,-0.0835203599998451,0,0,0,-0.0183655727715167,0,0,0,-0.0689792722904156,0,0,0,0,0,0,0,0.0938853286426974,0,0
-0.00547424841633018,0,-0.0312386954838023,-0.178607607671208,0,-0.175304227037997,0,0,0,-0.030916321970243,0,0,0,-0.0473133892799667,0,0,0,0,0,-0.0323889474470755,0,0,0,-0.10141177011165,0,-0.0353590374745852,0,1.2234734668693,0.0354474818154464,0,0,0.0518411729291537,0,0,0,0,0.169959871011609,-0.0758015053198113,0,0,0.119836871566154,0,0,0,0.0684305881860131,0,0,0,0,0,0,0,-0.162388640104757,0.0708580185235248,0,0,-0.034807838668228,0,0.0475302918454887,0,0,0,0,-0.0404861604339895,-0.00825277319376432,0,0,0,0,-0.0504602045926041,0,0,0,0.0638042730049901,0,0.0412870839738429,0,0,0,0,0,0.0163564221688246,0,0.0388997056657469,0,0,-0.110883402741421,0.0259077132178632,-0.0297555803527788,-0.107705944693289,0.028160493203302,-0.00654934054774597,0,-0.00857796592966234,0,0,0,0.0928022205228056,0,0
0,0,0,0,-0.0790588896002114,0,0,0.153443307446965,0,0,0.0605332653609818,0,0,0,0,-0.0244892332744535,0,0,0,0,0,-0.00954956436697988,-0.0854453222328883,0,0,-0.0202733351452337,0.196959324366308,0.0354474818154464,1.18139832910385,0,0,0,0,0.0683467669217327,0,0,0,0,0,0,-0.0625200536027094,-0.0733675477575136,0.0317267541540088,0,0,0,-0.0864115588960076,0,0,-0.0106026756516804,0.0677586314681946,0,0,0,0,0,0,0,0,0,0,-0.0975737928061345,0,0.100374763672958,0,0,-0.0223863369898078,0,0,0,0,0,0,0,0,0,0.0311562983232456,0.0302400497980529,0,0.000447211506753268,0,0.0615311112709383,0,-0.0219081497290211,0,0,-0.0152223764773179,0.0221716813005414,0.171189052141841,0,-0.0420554272960863,0,0,0,-0.043640356846368,0,0,-0.0650974187643981,0,-0.0249446825757253
0,0,0,0.183147274193649,0,-0.0878260358139386,0,0.114888750992001,-0.0115064561440451,0,0,-0.16564979466859,-0.0640409100802627,0,0.291699366127698,0,0,0,-0.0716466830920537,0,0.188021443028298,0,0,0,0,0,0,0,0,1.62009470595366,0,0,0,0.0262625297640878,0,0.0294799869867218,0.145401328402811,0.112027734776299,0,0.0393451703090473,0,0,0,-0.0548666591525623,-0.210880528538305,0.30758249775589,0,0,0,-0.196704684046835,0,0,0,0.196063533076699,0,0,-0.0401592822530669,-0.131634546224353,0,0,0,0,0,0.0592827884539416,0.0352205206235629,0,0,0,0,0,0,-0.105314986780801,0.0339716981236934,0.0976306058807909,-0.207477631817113,0,0,0,0,0,0,0,0,-0.0157913958479917,0,0,-0.0796988550730613,0,0,0,0,0.0469526786645994,0,0,-0.108538583457468,-0.137269407412923,0,0.0977656792531692,0,0
0,-0.0131047897174212,0.178064782305647,0,0,-0.0597805419127109,0,0.00623800973411569,0.0279039239887924,0,0.0328343846008272,0,-0.0211270659225546,0,-0.0615348758483475,0,0,0,0,0,0,0,0,0,0,0,0,0,0,0,1.26661580018713,0,0,0,-0.044900065459494,0.0453254340504076,0,0,0,0,0.0285159942575496,0,0,0,0,0,0,0.0176732334858629,-0.340887577768339,0,0,0,0,-0.11629537399293,-0.0885759600128177,-0.0539984911897422,0,0,0,0,-0.0446866520830848,0,-0.0133498768777803,0,-0.0423209627211296,0,-0.0163498335183296,0,0,0,0,0,0,0,0,0.0663507216934162,0.0347882167254472,-0.15535661802412,0.0936391636628108,0,0,0,-0.125630344074736,0,-0.114618257759509,0,0.0238127669147809,0,0,0,0,-0.0209421217749936,-0.0817590842733115,0.137054660926206,0,0,-0.0523877838323812,0,0,0
0,0,0,0.00818145884348082,0,0,0,0,0,0,0,0.0153147658063988,-0.0292330152482175,0,0.0697734824877918,0,0,0,0,0,0.0897910494832852,-0.114930196060062,-0.0119063372014201,0,0,0,0,0.0518411729291537,0,0,0,1.24658466015646,0,-0.204777333549048,0,0,-0.135011903415274,0,0,-0.02527056935065,0,0,0,0,-0.106329206632531,-0.0264281109556064,0.085189115213382,0,0,0,0,0,0,0,0,0,0,0,0.00485845483450263,-0.00473638662432596,-0.0897695660581644,0,-0.0335596538011513,0,0,-0.0974274438915451,-0.0903752540898472,0,0.0328805038732498,0,0,0,0,0,0,0,-0.224162250226572,0,0,0.0629798017559312,0,0.00465296213340781,0,0,-0.151331438536625,0,0,0,0,-0.130314728395866,0,0,0,-0.0332079248256437,0,0,-0.079256509639711,0,0,0
-0.11468219115202,0.0503871511775049,-0.283168765791189,0,0,0,0.0495239363773723,0.118542042648781,0,0,0,0,0,-0.0606340948772604,0,0,0,-0.0712067841944773,0,0,0,0,-0.0363238405997474,-0.0252180744850895,0.172594006202459,0,0,0,0,0,0,0,1.2470899380798,0,0,-0.0483731289537847,0,0,0,0.0476019538454399,0,0,0,0,0.0570857664568389,0,0,0,0,0,0,0,0.0400540700597997,0,0.0830534674941083,0,-0.0267831918453328,0,0,0,0,0,-0.0217903032848355,0,0,0,-0.170294949146335,0,0,0.0744052366626576,0,-0.0294918907158638,0,0,0,0.0168810570392645,0,0,0,0,0,0,0,0,-0.0496077836010753,-0.0636965769752319,-0.0603252237375412,-0.0537101961673307,0,0,-0.056651722471561,0,0,-0.058889648507726,0.0840033649664877,0,0,0,0,-0.035170774945154
0,0,0,0,0,-0.018741381904918,0.0130413750545042,0.0589000310954133,-0.0513752083609788,0,0,0.0981749718117322,0.0461029789136579,0,0,0,0.360174095912933,0,0,0,0,0,0,0,0.0720454510303476,0,0,0,0.0683467669217327,0.0262625297640878,0,-0.204777333549048,0,1.3606072034692,-0.00706091831790097,0,0,0,0,0,0,0.132620274721422,-0.108436422333072,0,0,0,0,0.0790776759363073,0,0,0,0.0676123789312728,0,0,-0.165281854113204,0,0,0,-0.0101035583895482,-0.1289375559732,0,0,0.013023079538121,0,0,0,0,0,0,-0.0220694892314187,0,0.0380755925202805,0,0,0.0479411048637666,-0.150260372981148,0,0,0,0,0,0,0,-0.0913871424253063,0.136436614560875,0,0,-0.047326554151156,0.0578009757675801,0,0,0,0,-0.0991916245214243,0.0978609756795883,0,0,0,0,0
0,0.0316666545569156,-0.34599575611264,-0.123729771537996,0,0,0,0,-0.0216866901356423,0,-0.11039688721852,0,0,0,-0.0635300385880376,0,-0.201921549378419,-0.0457444544982071,0,-0.0806397489611747,0,0.00988073452041919,-0.0342694631332282,-0.141640459362764,0,0,0,0,0,0,-0.044900065459494,0,0,-0.00706091831790097,1.39509000963578,0,0,0.10244271123922,0,0.0733997959617763,-0.143222426503263,0,0,0,0,0.0319618722265461,0,0.0381147477480983,-0.0688904159735516,0,0,0,0.047855985778437,-0.0847449619422763,-0.169363271733988,0,0,-0.0340875402241376,0,0.0528602663456145,-0.0795289933209858,0,0,0.106424935477378,0,0,0,-0.0302827075491639,0,0,0,-0.04329100592914,0,0,-0.0614029897617369,0,-0.0889628291042777,-0.0243861306813341,-0.0181808415163304,0,0,0,0,0,0,0,0.0697693591638952,-0.023358866897856,0,0.0196883252564489,0,0.00888478638753801,0.0454556371843573,0,0,0,0,0,0,0
0,0,-0.0835953550024321,0.0203380386625818,0,0.0385625485526457,0.00717143248849936,-0.0879528020268582,0,0.00652070307947228,0.243363892293661,0,0,0,0,0,0,0,0,0.0323663437484046,0,0,-0.11104776058716,0,0,0,0,0,0,0.0294799869867218,0.0453254340504076,0,-0.0483731289537847,0,0,1.21104418666523,-0.00596146299825476,0,-0.0662706764890874,0,0.00605294908639489,0,-0.0184127601195128,0,-0.0443645114929815,0,0,0,-0.0952996997048611,0,0.0127703120641501,0,-0.0404031797257492,0,0,0,0,0,0,0,0.201994181542991,0,0,0,0,0,0,0,0,0.0979812860555218,0.159706437587724,0,0,0,0,0,-0.0248775356623629,0,0,0.0193335472235054,0,0,0,0,0,-0.0520262916465375,-0.0682945929568328,0,0,0,0,0,0,0.0753565363591609,0.0676056941573307,0,-0.0316171144545345,0,0,0
-0.0656475465520821,0,0.113096214234836,0,0,-0.0183060258265837,0,0.16205526063763,0,0,-0.0922932078405444,0,0,0,0,0,0,0,0,0.0118423944543229,0,0,-0.0284318910858921,0,0,0,-0.0589959750320538,0.169959871011609,0,0.145401328402811,0,-0.135011903415274,0,0,0,-0.00596146299825476,1.31980454219871,0,0,0,0,0,0,0.0352020093865184,0,0,0.0482601785950173,0,0.0104940858758298,0.0610005569826648,0.176682479270707,0.0728150830758209,0,0,0,-0.066787641034593,0,0,0,0,0,-0.0290312264897741,-0.0542702284374038,0,0.00969264152268965,0,-0.121494415870989,-0.0397107893833026,0,0.00200850046845778,0,0,-0.145658010334095,0,0,-0.00640773096809122,0,-0.17582709564624,0.0284883292498933,0.0357275377000688,0,0,0,0.0434914809564744,0,0,0.0265397361128847,0,0,-0.012164550689984,0,0,0,0.159420861883956,0,0,-0.0683515903753044,0.188333399532771,-0.0518911047449198,0
0,0,-0.0805713813602791,0,0.0850126141004757,0,0,0,0,-0.0591678941601491,0,0,0,0,0,0,0,0,0,0,0,0,-0.0704184498688591,-0.0954313011194978,0,0,0,-0.0758015053198113,0,0.112027734776299,0,0,0,0,0.10244271123922,0,0,1.21169550841952,0,0,0,0,0,0,-0.00186832394426682,-0.0605063982623066,0,0.0209641266783896,-0.0635707634911996,0,0,0,0,0,0.0203102050742687,0,0,0.060539126781726,0,0.00373616245482707,0.0829366179786746,0,-0.0418698025283196,0,0,0,0,0,0,0,0,0,-0.00605357121841686,0,0,0,-0.0541022161199742,-0.27411349257265,0.00246228031166702,0,-0.0732174613829187,0,0.131204658543556,0,-0.0183202898386106,0,-0.0788462806853215,0.0807175413989787,0,0,0,0,-0.011065074010029,0,0,-0.0941238820435849,0.0614260641233541,0,-0.0809108869598112,0
0,-0.0403769489710665,0,-0.0448705522553495,0,0,0,0,0.113810944660607,0,0,0.0274427345868475,0.0263432984938239,0,0.166778612779922,-0.0489547699278215,0,-0.0188199612603336,-0.0273050470963009,0,-0.0638136268160712,0.0213543512071922,0,0,0,-0.0181520162965389,-0.131434600701594,0,0,0,0,0,0,0,0,-0.0662706764890874,0,0,1.20814143882086,-0.0592035290682121,0,0,0,-0.00370491887262811,0,0,0,0.172022727199318,0,0,-0.0289286050141149,0,0,0,0,-0.161235953682018,0,-0.0609381406768846,0,0,0.0126973173818376,-0.0878676671504502,-0.0470930102571142,0.0753154940682722,0.00799718027890206,0.0595076123097298,-0.00222801025405957,0,0,0,0,0.0576208548584394,-0.0534413139808172,0,0,-0.091651118546643,0,0,-0.0204183804120128,0,0,0,0,0.0637178125887698,0,0,0,-0.00614734846297352,-0.138640474907254,0,0,0,0,0,0.0415940372931699,0,0.00630573340714157,0.0364223133459294,0.0862399517930074,0
-0.23871428955778,0,0,-0.0638363544260931,0,0,0,0,0.0024984170350101,0,0,0,0,0,0.0633005113918853,0,0.0130932616340003,-0.0570677686129401,-0.00484533783655723,0,0,0,0,0,0,0,0,0,0,0.0393451703090473,0,-0.02527056935065,0.0476019538454399,0,0.0733997959617763,0,0,0,-0.0592035290682121,1.20716673823349,0.0791272730187471,0,-0.0240112709846218,0,-0.0205977868894274,0,-0.0339410781211258,0,-0.038468112212136,-0.0950757601966843,0,0,0,-0.0811374645242778,0.0305913474491362,0,0.0581026099936667,-0.103967530707685,0.0368356707894905,-0.0532097836917976,0,0,0,-0.0289467210392376,0.082877293980365,0,0.0273065376405879,0,0,0,0,0,0,0,0.00948827500372502,0,0.017376993788162,0.061244173816914,-0.0513247524323357,0,-0.0589446942335149,0,0,0,-0.187073358190205,0.0345509253046805,0,0,0.0169787444983592,-0.00464461850217258,0,0,-0.00215896339386914,-0.0461514789136293,0.185032786310868,0,0,0,0,-0.0356563160673647
0,0,0,0,0,0,0,0,0,0,-0.0393699808567187,0,0,0,0,-0.0065703863966183,-0.148789956698615,0,0,0,0,0,-0.0380723135240372,-0.0478904425261261,0,0,0.021534292181623,0.119836871566154,-0.0625200536027094,0,0.0285159942575496,0,0,0,-0.143222426503263,0.00605294908639489,0,0,0,0.0791272730187471,1.21590666933171,0,0,0,0,-0.0640690777715396,0,0,0,0,-0.0501601960288658,0,0,0,0,0,0,0,0,0.0142500020077252,0.128936955630409,0,0,0,0.239310044736795,0,0,0,0,0,0,0,-0.0286503032450017,0,-0.163170370958276,0,0,0,0,0,-0.0404777194963943,0,0,-0.173354090327315,0,0,0,0,0,0,0,-0.101018962344155,0,-0.0139011584084521,-0.0577384570241463,0,0,0,0.0810128921514913,-0.0403768550920903
0,0.148524592099646,0,0,0,0,0,-0.069607928593477,0,0,0.0631702136487556,-0.00443634516630399,0,0,0,0,-0.0878267586330574,0,0,0,0.0324364490077421,0,0,-0.0236714679771944,0,0,0.105818249115805,0,-0.0733675477575136,0,0,0,0,0.132620274721422,0,0,0,0,0,0,0,1.13071425650983,0.00728216083209081,0,0.0572184812766223,0,0,0,0,0,0,0,0,0,0.00778445025711804,-0.0597375254410815,0,0,0,0,-0.0197392550105113,0.0299219747171969,0,0,0,0,-0.121922033532206,0,0,0,0,0,-0.0532817491141797,-0.00428367932416643,0,0.0836740735925176,0,0,-0.000235518662694378,0,0,-0.0551213598003094,0,0,0,0,0,0,0,-0.0455615801497182,0,0,0,0,0,0.00414078917186192,0,-0.0196136926421907,0,0
-0.00823279028695663,0,-0.019283402447399,0,0,0,0,0,0,0,0,0,0,0,0,0,0,0.0690736070493787,-0.086464454464308,0,0.160629960776052,0,0,0,0,0,0,0,0.0317267541540088,0,0,0,0,-0.108436422333072,0,-0.0184127601195128,0,0,0,-0.0240112709846218,0,0.00728216083209081,1.19131221667152,0,0,0,0,0,0,0,0,-0.0544156787782005,-0.112276208993256,0,-0.0858833419789528,0,0,0,0,0,0,0,0,0,0.10458331706921,0,0,-0.125913159733395,0,0.0173102849944146,0,0.0162718043459598,0.0251488917523656,0,0,0,0,0,-0.0164380707583981,0,-0.0646574341334738,0,0.0471123386775587,-0.0860979321382298,0,-0.0930036014471193,0,0,0,0,0,0,0,-0.000410062129110738,0,-0.197972355198161,0,0,-0.0129963878000298,-0.0116695256121502
0,-0.0161197109771397,-0.00981005043981305,0,0,-0.00175697643582257,0,0,0.0436148941828856,0.000978038070349588,0,-0.0546227442905651,-0.0732694931554013,0,0,0,0,0,0,0.0959086493052762,0,0,-0.0104604330694872,-0.0774816925539856,0,0,-0.118155509408928,0,0,-0.0548666591525623,0,0,0,0,0,0,0.0352020093865184,0,-0.00370491887262811,0,0,0,0,1.15434438505667,0,0,-0.00402700085180795,0,0,0,0.0142488924552458,-0.111538157519181,-0.14586562093133,0,0,0,-0.0936042407210169,0,0,0,0,0,0,0.029546011182897,0.063818776987868,0,0,0.000528138367612489,-0.0849272773593719,-0.0835103315215217,0.00680710441887673,0,-0.0833595321334299,0,0,0,0,0,0,0,0,0,0,0,0.00762662941718502,0,0,-0.0960251162665595,0,-0.0463690055882885,0,0,0.0125342848243691,0.0565524857296332,-0.021481082784377,-0.0396463155701211,0,0.0720021780347092,0,0
0.00438271768467512,0,0,0.133498718760195,0,0,0,0,0,0,0,-0.00132132463637622,0,0,0,-0.0447022378918451,0,-0.17151622152461,-0.0356260430090847,0,0,0,0,0.0412975230783591,0.111732908627467,0,0,0.0684305881860131,0,-0.210880528538305,0,-0.106329206632531,0.0570857664568389,0,0,-0.0443645114929815,0,-0.00186832394426682,0,-0.0205977868894274,0,0.0572184812766223,0,0,1.25328706071169,0,-0.0408168691716415,0,-0.0936098216878873,0,0,0,0,0,-0.0798857662835727,0.0263740445581529,0,0,0.0288401732427106,-0.00129114220521935,0,-0.00243107241661958,0,0,0,0.0530961251512316,0,0,-0.0368276224198206,0,0,0,0,0,0,0,0,-0.131504704907194,0,0,0,0,0.0847976692674731,-0.0407738880585116,0,-0.171407637468042,0,0,0.00230417999588225,0,0,0.0390729900420256,0,0,0,-0.0368928443737151,0,0,0,-0.114780448899726
0.00220584039061636,-0.0354213202267171,0.0685772494167259,0,0,0,-0.0459755867339044,0,0.215306349205559,-0.020459290496435,0,0,-0.0151272640947356,0,0.0728614445280149,0,0.122960523086111,0,0,0,0,0,0,0,0,0,0.00528740555697925,0,0,0.30758249775589,0,-0.0264281109556064,0,0,0.0319618722265461,0,0,-0.0605063982623066,0,0,-0.0640690777715396,0,0,0,0,1.54695846652399,0.00393011561941663,0,0.322139890356308,0.0349998826870404,-0.0869445771963034,0,0,0,0,0.0453215432865553,0,0.13385539521816,0,0,0,0.0855378101083773,0.0566550153866738,0,0,0.00848710903859835,0,0,-0.0246631165386736,0,0,0,0,0,0,0,0,0,0,0.035502692061903,0,0,0,0,-0.425762161211059,0.00661451710946497,-0.0545146088457265,0.208308747877308,0,0,0,-0.102599976363112,0,0,0,-0.0638168346428813,0,-0.00530869740185076,0,0.154808229982226
0,0,0,0,-0.110260845040362,0,0,0,0,0,0.0273193770759646,0,0,-0.0133868878401338,0,0,0,0,0,0,0,0.0777258115570243,0,0,-0.00276807843449029,0,0.0663050576665601,0,-0.0864115588960076,0,0,0.085189115213382,0,0,0,0,0.0482601785950173,0,0,-0.0339410781211258,0,0,0,-0.00402700085180795,-0.0408168691716415,0.00393011561941663,1.09532375945911,0,0.00807684178234843,-0.103069665862462,0,0,0,0,0.0528944533012719,0,0.0486434675988265,0.0060831294601641,0,0,0,0,0,0,0,0,0.0814510502183908,0,0,0,0,0,0.00356705864595963,0,0,0.0231151019517983,0,0,0,0,0.0675738329545376,0,0,-0.0240008764809294,0,0,0,0,0,0.00820060844105143,0,0,0,0,0,0.0605061565073648,0,0,0,-0.0453853631560153
0,0,-0.0351288169829365,0,-0.0116038591938746,0,0,0,0.00829997796951859,0,0,-0.0279500607517708,-0.0375135368016777,0,0,0,0,0,0.0499920510002481,0,0,0,0,0,0.037642603172749,-0.0414260418430404,0,0,0,0,0.0176732334858629,0,0,0.0790776759363073,0.0381147477480983,0,0,0.0209641266783896,0.172022727199318,0,0,0,0,0,0,0,0,1.23406658627277,0.192937166734525,0,0.0720335431539155,-0.0884016904159686,0,0,0,0.0458270768258416,0,0,0,0,-0.170808550144257,0,0,0,0,0,0,0,0,0,0.071679874867422,0,0,0,-0.125682283486327,0,0,0,0,0.219659465902478,-0.0262009942534609,0,0,0,0,0,0,-0.0931288409553639,0.0145233433592432,-0.0984185686786996,0,0,0,0,0,0.0824602837845501,0,0.0854178065532236,0,-0.0950635669916711
0,0,0,0,0,0.16294434955847,0,0,0,0,0,0,-0.0839469885698562,0,0,0,-0.0742106782972136,0,0,0.0919841842767008,0,0.0864462984177318,0,-0.106976826017243,0,0,-0.0645562355476795,0,0,0,-0.340887577768339,0,0,0,-0.0688904159735516,-0.0952996997048611,0.0104940858758298,-0.0635707634911996,0,-0.038468112212136,0,0,0,0,-0.0936098216878873,0.322139890356308,0.00807684178234843,0.192937166734525,1.43454664409437,0,0,0.0954192919440552,0,0,-0.0538773405121442,0.0181227504456494,0,-0.0522097809430794,0.031048117036846,0,0,0,-0.0185815401144652,-0.140098104238136,0.0233871567606535,-0.13214395595047,0,0.0770075379763268,0.0895825891826271,0,0,-0.127631781642823,0.0357080266531724,0.0920510821274961,0,0,0,0,0,0,0,0,0.0785586340829618,0.069044703953127,0.0114627718629688,0,0.0766054375568739,0,0,0,0,0.0215784795915039,0,0,0,0,0,0,-0.0753625967029283,0
0,-0.0247263549501321,-0.119440541252846,-0.00414071196358353,-0.132128039810657,0,0,0.0776296342129082,0,0,0,0,0,-0.042075812631359,0,0,-0.125791990809102,0,-0.0482426163138737,0,0,0,0,0.0183433852113211,0,0,0,0,-0.0106026756516804,-0.196704684046835,0,0,0,0,0,0,0.0610005569826648,0,0,-0.0950757601966843,0,0,0,0,0,0.0349998826870404,-0.103069665862462,0,0,1.18970851636014,0.082208414085091,0,0,0,-0.0504319002103144,0,0,0,0,0,-0.00910020122454192,0,0,0,0,0,0,0,0,0,0,0,0,-0.0171913420338132,0,0.161020967599164,0.0548704738409417,0,0,0,0,0,0,0,0,0,0,0.0399751601144469,0,0,0,0,-0.0520276449780758,0,0,0,0,0,0,-0.0276028697978058
0,0,0,0.0313073759948647,0,0,0,0,0.0313087419574302,0,0,0,0,0.0950982447400942,0.11049482830707,0,0,0,-0.0748588431567511,0,0,0,0,0.12580704712747,0,0,0,0,0.0677586314681946,0,0,0,0,0,0,0.0127703120641501,0.176682479270707,0,-0.0289286050141149,0,-0.0501601960288658,0,0,0.0142488924552458,0,-0.0869445771963034,0,0.0720335431539155,0,0.082208414085091,1.29183420710668,0,0,0,0,0,0,0,0,0.058467830368402,0.0218346212483394,0.0106332444755978,0,0,-0.0222311853061131,0.00811302026140501,0.182481742239805,0,0,0,0,0,0,0.301451131266721,0.0833023042348606,0,0,0,0,0,0,0,-0.063179824109615,0,0,0,0.0446870464013054,0,0,0.0305902358180054,0,-0.0889251107180903,0,-0.104636796599041,0,0,0,0,0,0.0246949159538609
