"X1","X2","X3","X4","X5","X6","X7","X8","X9","X10","X11","X12","X13","X14","X15","X16","X17","X18","X19","X20","X21","X22","X23","X24","X25","X26","X27","X28","X29","X30","X31","X32","X33","X34","X35","X36","X37","X38","X39","X40","X41","X42","X43","X44","X45","X46","X47","X48","X49","X50","X51","X52","X53","X54","X55","X56","X57","X58","X59","X60","X61","X62","X63","X64","X65","X66","X67","X68","X69","X70","X71","X72","X73","X74","X75","X76","X77","X78","X79","X80","X81","X82","X83","X84","X85","X86","X87","X88","X89","X90","X91","X92","X93","X94","X95","X96","X97","X98","X99","X100"
1.22901815017416,0,0,0,0,0,0,0.0156270984280393,0,0,0,0,0,-0.0306951916272639,0,0,-0.299066471288232,-0.128607262814563,-0.062607971436386,0,0,0,0,0.129232859041587,0.0054292872246522,0.0906705642015075,0,0,-0.110027771149682,0,0,0,0,0,-0.0256251264980289,0,0,0,0,0,0,0,0.0664800383174456,0,0,0.0845253085303688,0,0,0,0,-0.079538579551854,0,0,0,0,0,-0.0339720810720887,0,0,0,0,-0.0341008279397623,-0.00135891665023369,0,-0.108597161927372,0,0,0,0,0,0,0,0.0225447597430552,-0.125879418520971,0,0,0,0,0,0,0,0,-0.161248683352277,0,0.0882653527016391,0,0,0,0,0,0,0,0,0,0,-0.0258951112121243,0,0,0,0
0,1.21866844500585,0,0,0,0.133580953885851,0,0,0.0617721514252887,0,0,0,0,-0.0560451419903702,0,0,0,0,0,0,0,0,0,0,0,0,0,0,0.0034805105820166,0,0.0560771900757152,0.0037008914413302,0,0,0,0,0,0,0,0,0,-0.000832315385272544,0.0769347827391641,0,0,-0.0634276144105979,0,0.0158323500840462,-0.0597846275959317,0,-0.0692438789038379,0.0281217773192696,0,0,0,0,0.209282889726296,0,0,0,-0.00983865094673822,0.0362769707344089,-0.00664499620015938,-0.0118382279662867,0,0,0,0,0,-0.0169381079183228,0,0.112182920113049,0,0,-0.0322429649325704,0,0,0,0,0,0.0390299202916257,0,0,0.296266740169211,0,-0.039565635375969,0,0,0,0,0,0.061319230276053,0.0382465561657608,0,-0.0490255450844033,0,0.0106025358605716,0,0,0
0,0,1.34126115392295,0.0707746578780207,-0.00503907307399683,0,0,0,0.0652890261173999,0.10051888881717,0,-0.12081136465821,0.0610163394156783,-0.105952927085376,-0.00343026259769145,0,0,0,0,0.136290382588643,0,0,0,0,0,0,0,0,0,0.151826111585771,0.0381802042486605,0.0144804932180778,0.155353949099372,0.0247688209554013,0,0,0,0,0,-0.0594079901572219,-0.0729153651650653,0,0,0,0,0,-0.0178469817684889,-0.0183030225064999,-0.0706717332701141,0,0,-0.0767814285066524,0,-0.127657526907919,0,0,0.127450761084051,0,0,-0.123841932930106,0,0,-0.0295084636607927,0,0.012549936726748,0.141791543970945,0,0.00430650550929757,0,0,0,0,-0.155909598636709,0.0879133818301128,0,-0.0486374726017994,0,0,0,-0.0256754824266553,0,-0.146474577880667,0,-0.0510651222967937,0,0,0.096350137362815,0,0,0,0,-0.00820540376125714,0,-0.0556185818543347,-0.117494680620001,-0.0672939696629531,0,0,0,-0.0822269719302421
0,0,0.0707746578780207,1.16333031179666,0,0,0.116337364991637,0,0.0498296147774562,0,0,0,0,0,-0.0860218769857357,0.107830335292963,0,0.0339489344428177,0,0,0,0.00302788886761585,0,-0.0138231819220152,0,0,-0.0658863415791596,0,0,-0.0605741524730124,0,0,-0.0753833796863508,0.0111079942469668,-0.0940124122778703,0,0,0,0,0,0,0.00987359718725499,0,0,-0.120978923501469,0,0,0.0177762892005194,0,0,-0.0783114946382135,-0.083749495346336,0.00915696095657899,0.0504888550402144,-0.0302871667257334,0,0,0,0,0.00657618969863605,0,0,0.0336482473498015,-0.146711578147662,-0.0235935651948126,0,0,0,0,0,0,0,0,-0.0651675969067988,0,0,-0.000222704782649774,0,0.010091525565499,0,0,0.0679435940611244,0,0,0,0,0,0,0,0.024839339923758,-0.087908400098258,-0.00207206075661336,0,0.0335672730820287,0.0347930318828967,0,0,-0.0345121719814068,0.00566523803100451,0
0,0,-0.00503907307399683,0,1.38200101654391,0,0,0,0,0,0,-0.144271339710038,0,0.0181626072290933,0,-0.0422593783377105,-0.168380986711457,0.00312802367006285,0,-0.0338713746541579,-0.0159466598994081,0.00089476840160243,0,0,0,0.197769301059779,0,0,-0.00700636008111283,0,0,0,-0.0344067904567466,0,-0.136069946384258,0,-0.155776557428968,0,0,0,0,-0.292107880809976,0,-0.0334746262351311,0.0467317521460344,0.0117718035979608,0,0.102177119618252,0,0,0,0,0,-0.0902954715077967,0,-0.125586956552353,0.00824730454287918,0,0,0,0,0,0,0,0,0,0.000408700095274201,-0.167781929431075,0,-0.0311342700816283,-0.194299408865664,0,0,0,-0.117809254157694,0,0,0,-0.161849736142769,0,0,0,0,0,0,0,0.0309381527663905,0,0,0,0,0,0,0,0,0,0,0.107298716426361,0,0
0,0.133580953885851,0,0,0,1.17906895957655,0,0,0,0,-0.0147967721137655,0,0,0.00186326293307895,0,0,-0.0184948325902356,-0.0315583468363241,-0.0120700972803583,0,0,0,-0.115127282284966,0,0,0,0,0,0,0,0,0,0,0,-0.0705187867044993,0,0.0757354717871071,0,0,0,0,-0.0789965481530523,0,0,0,0,0.0935932966488051,-0.0338579299484676,0,0,0,0.145911863739654,0.179912900573461,0,0,0,-0.100772852901146,0,0,0.0961080097359926,0,0,0,0,0,0.0180690055947443,0,0,0,0.0645880979198709,0,0,0,0,0.0148006931432463,0,0,-0.0143474289861718,0,0,0,0,0,0,0,0.0729923234558165,0.0162694782970941,0,0,0,0,0,0,-0.0266710892987999,0,0,-0.163104538748397,0,0,0.00293033378698756
0,0,0,0.116337364991637,0,0,1.13385429406027,0,0,0,0,0,0,0,0.0297371532701214,0,0,0,0.019793793959557,0,0,0,0,0,-0.00446333488406174,0,0,-0.015777539232618,0,-0.0717309793403422,0,0,0,0,0,0.0814591762802668,-0.0598538270119211,0,0,0.00607312163096263,0,0.0789083900986504,0,0,0,0,0.125651616966283,-0.0185624810169086,-0.169851016770746,0,0,0,0.0627854455527313,0,0,0.10600465581451,0,-0.00659369425208334,-0.071454747565638,0,0,0,0,0,0.0119672894535954,0,0,0,0,0,0,0,-0.0614982608895242,-0.00410392328195791,0,0,0,0,0,0,0,0,-0.0183453879522337,0,-0.0860340724336118,0.0229546969808744,0,0,0,-0.121811112042675,0,0,0.00194121348869429,0.0414968391700717,0,0,0,0,0,0.0144442893575024
0.0156270984280393,0,0,0,0,0,0,1.26999699489543,0,0,0,0,0,0,-0.00581849453283999,0,0,-0.095479691390906,0,-0.00243869985775519,0.0510182951156296,-0.00833596622489369,0,0,0,0,0,0.101012865305716,-0.0982349915321259,0,0,0,0.190910501464608,-0.0436479361212304,0.139592428192597,-0.0889762185952309,0,0,0,0,0.111160223847347,-0.105113202388125,0,0,-0.0728313981543236,0,0,0,0,0,0.00980440786354233,0,0,0,0.0619477560720376,0,0,0.0491269661970162,-0.0517324110733048,0.0361893058910411,0,0,-0.145720050258584,0.0273061881766834,0,0.024145074512775,0.136389194458742,0,0,0,0,0,0.0364644657737839,0,-0.0735694192521665,0,0,0,0,0,0,0.0843926406138276,0,-0.0171209151979865,-0.152428086192853,0,0.0245291326151584,0,0,-0.0213512597372145,-0.0337018680967177,0,0,0.000995462751052901,0.0234671241133825,0,-0.0195681807222754,0,0.0186135192082178,0
0,0.0617721514252887,0.0652890261173999,0.0498296147774562,0,0,0,0,1.25086359726304,-0.0786036316317178,0,0,0,0,0,-0.0107750245489369,0.212186291605322,0,0,-0.116593671048723,0,0,0,0,0,0,0,0,0,0,0,0,0,0,-0.00557274626548722,0,-0.0303658614050203,0,0,0,0,0,0,0,-0.220443318859645,0.0620485190761567,0,0,0.111403529061516,0,0,-0.00600333384953014,0,0,0,0,-0.0592469366137586,0,0,0,0,0,0,0.0121978411599112,0,0,0,-0.187002249818389,0,0,0.02079429167595,0,0,0,0,0,0,-0.108402385637997,-0.0424885630438252,0,0,0,0,0,0,0,0,0,0,0,0,0,0,2.85976493104308e-05,0,0.135233146653198,0,0,-0.17877155705506,0.010741132965052
0,0,0.10051888881717,0,0,0,0,0,-0.0786036316317178,1.21863076375138,0,0.0242609310068917,-0.079247091101126,0,0,0,0.21586787910529,0,0,-0.048042744084381,0,0.0679529446708129,0.0418545193685586,-0.0621380876318545,0,0,-0.0671869135332864,0,0,0,0,0,0.0149433746187297,0,0,0,0,0,0,0,0,0,-0.0227424836095135,0.110999350343249,0,0,0,0,0,0,0,0.0244793204124951,0,0,0,0,-0.0105740789400622,-0.0933912865796517,-0.0357532923379241,0,0,0,0,0,0,-0.0512377072785389,-0.0375308458690174,0,0,0,0,0,0,-0.103547626923698,0,0,0,0,0.0358411966116022,0,0.14694023597119,-0.01190430523674,0,0,0,0,0,0,0,0,0,0,-0.00946055902410105,0,0,-0.226186132222154,0,-0.0131748700501625,0,0
0,0,0,0,0,-0.0147967721137655,0,0,0,0,1.18558405020123,0,0,0,0,-0.150908535189368,0.145327631021849,0,0,0.00487390298247807,0,0,0,-0.0175773801815408,-0.072753753434957,0,-0.0341835996023917,0,-0.002995183002293,0,0,-0.0749219567449963,-0.00885195868176444,0,-0.0160504389408526,0.0341944777669461,0,-0.0033845498000159,-0.0342995015554404,-0.0222249842413746,0,0,0.126264486779021,0,0,-0.00171780107245799,0,0.0622360880573929,0.00796197938023725,0,0,0.0169517330452362,0,0,0,-0.0991084159723232,0,0,2.842182777675e-05,0,0,0,0,0,0.0900381353034153,0,0,0,0,-0.00958471500767392,-0.020209630599747,0.0989999322357227,0,0,0.00892218971612995,0,-0.0567550058475655,0,0.105348175770333,0,0,0.0752368231756858,0.07521358084103,0,0,0,0,0,0,0.0135609126733453,-0.0527865363695931,0,0.161578981598742,-0.0512932914720141,-0.00584392127007393,-0.082607802060116,0,0,0,0.0640319416270317
0,0,-0.12081136465821,0,-0.144271339710038,0,0,0,0,0.0242609310068917,0,1.2149746222658,0,0,0,0,0.0615336341043748,0.0200896009850063,0,0,0,0,-0.0155215825648231,0,0,0,0,0,-0.0103984165357376,0.00362827047606715,0,-0.0634303158375582,0,0,0,0,0,0,-0.189737979937022,0,0,0,0,0,0,0.12846884868825,0,0,0,0,0,0,0,0,0.00381233674166469,0.0093056645130167,0,0,0,0,0,0,0,0,-0.0532584761018145,0,-0.00548960918657132,-0.0123442178674195,0,-0.067299540464419,0,0.0138057969824947,0,0,0,-0.0400256109843552,-0.24775584546234,-0.116610144228198,0,0,-0.0353194740272949,0,-0.0428361097195653,0,0,0,0.0497728004686495,0.0366266124530774,0,0,0.064772679558573,-0.0358506363625916,0,0,0,0.0539360857200614,0,0.101096060626415,0,0
0,0,0.0610163394156783,0,0,0,0,0,0,-0.079247091101126,0,0,1.19995000881152,0,0,0,0,0,0.0454598460454846,0,0,-0.0333436983145004,0,0,-0.00161193804667174,0,-0.0868722424845206,0.0117291761717962,0,-0.00482229087661683,0,0,-0.0273434344390841,0,0.0341577642137279,0.0415928654593857,0.0244623936613681,-0.00588316987301687,-0.129286739217978,-0.163985135468177,0,0,0,-0.143239936085141,0,0,-0.0133836705646976,0.0481446749305872,0.0305561847689188,-0.0138868002700335,0.0249264810824175,0,0,0,-0.00503809176898687,-0.0774993901415354,0,0,0,0.0130878716602476,0.132657448309541,0.0555444218194845,0,0.0488715511237053,0,-0.124478865677455,0,0,0,0,0.0536108036181301,0,0.141706706605855,-0.148852364051418,-0.0108286673713734,0,0,0,0,0,0.00750147190865129,-0.00934756077072517,0,0,-0.0643191048272254,0,0,0,0,0,0,0,0.0410743398141622,0,0,0,0,0,0,0
-0.0306951916272639,-0.0560451419903702,-0.105952927085376,0,0.0181626072290933,0.00186326293307895,0,0,0,0,0,0,0,1.28104791337686,-0.196388629830349,0,0,-0.136092610726165,0,0,0,-0.0943268475905257,0,0,-0.0140305326948637,0,0,0,0,0,0,0,0,0,0,0,0,0,0,0,0,0.0133042467740763,0,-0.215880962875267,-0.0592835951056151,0,0,0,-0.121741672705717,-0.0135486407526264,0,-0.0451292964093628,0,0,0,0,0.0804765930792026,0,0,0,0.0514525240034478,0,0,-0.131760261668235,-0.102845694050574,0,-0.0408966870389952,0,0,-0.237309329144224,0,0,0,0,0,0,0,-0.0385703798350529,0,0,0.0118678658382899,0,0.0904293514993988,0,0,0,0.0258182932940408,0,0,0,0,0,-0.0137842068077522,0,0,0,0.0128215479796891,0,0,0
0,0,-0.00343026259769145,-0.0860218769857357,0,0,0.0297371532701214,-0.00581849453283999,0,0,0,0,0,-0.196388629830349,1.42982648742442,0,0,0,-0.0818396131857168,0,0,0,-0.109101476114483,-0.128546654719047,0,0,-0.0320858873982921,0.0398801206047719,0,0,0,0,0.021502263798414,0.0383048781875037,0,-0.0536723836278976,-0.100136378279651,0,0,0,0,0,0,0.00693202117239613,-0.440615736432173,0,0,0,-0.0319117750119159,-0.126388638962598,-0.00220013619325319,0,0,0,0,0,0,0,-0.0841309137080098,0,0,0.141610060499365,0,-0.00612553551707217,0,0,0,0,0.158697603292394,0,-0.100483241233992,0.0585104277764828,0.136909232973512,0.0417118141090085,-0.12546039181599,0,0,0,0,-0.0111074212840597,0,-0.0343667179943043,-0.0785169341414069,-0.00891445094193855,0,0.0336688092251697,0,-0.136185859947652,0,0,0.120838956322508,0,0,0.0965615054926651,0,0,-0.0219256180858596,0,0,-0.0951879328245901
0,0,0,0.107830335292963,-0.0422593783377105,0,0,0,-0.0107750245489369,0,-0.150908535189368,0,0,0,0,1.24711650822242,0,0,-0.00195105246721776,0,-0.0113535166317177,0.0674159999456617,-0.0305456973054807,0,0,0,0,0.0682590996305515,0,-0.00437328530814722,0,0,-0.0800314559156304,0,0,0,0,-0.196768340960953,0,0,0,-0.0741105221669974,0,0,0,0.211857506737162,-0.0385725489157606,0,0.102615746296939,-0.0662226965839829,0.0227471123568702,0,0,0,0,-0.170970819966286,0,0,0,0,0,0,-0.00992033903064196,0,0,0,0,0,-0.0480950079731311,0,0,-0.0979399702315157,0,0,0,-0.0314363137805553,-0.0176964527023399,0,-0.0772174969953188,-0.0700094229128514,0.0479875799833194,0.00360837967395842,0,-0.00142179504864593,0,0,0.0415605033809799,-0.0710740188305174,-0.0214402979624709,0,0,0,0,-0.0557436118770081,-0.0723353649111466,0,0,0,0,0
-0.299066471288232,0,0,0,-0.168380986711457,-0.0184948325902356,0,0,0.212186291605322,0.21586787910529,0.145327631021849,0.0615336341043748,0,0,0,0,1.35705154015547,0,-0.127969953105036,-0.0318819285771884,-0.0762684542972656,0,0,0,0,0,0,-0.0295262166127661,-0.0181549753143525,0,0,0,0,0,0.0262650588818375,-0.0513534435412901,-0.119692326336508,0,0,0,-0.101645859293112,-0.0455875310795655,0,-0.0650802560051811,0,0,0,0,0,0,0,0,0.0156533107471207,0,0,0,0,0,0,0,0,-0.159689616132518,-0.00971379257859133,0,0,0,0,0,-0.0640683520244843,0,0,0,0.0238528497411396,-0.0323391577065992,-0.0405387320970118,0,0,0.0544931871729473,0,0,0,0,0,0,0,0,0.0924919872451234,0,0.0473303848050712,0,0,0.0394612223158797,0.0516032193528141,-0.00927832288405064,0,-0.0895226009999078,0,0.00144820015612147,0,0
-0.128607262814563,0,0,0.0339489344428177,0.00312802367006285,-0.0315583468363241,0,-0.095479691390906,0,0,0,0.0200896009850063,0,-0.136092610726165,0,0,0,1.26093112773884,0,0,0,0,0,0.100672791253346,0,0,-0.0750732693223772,0,0,-0.00555650237785706,0,0,0,0,-0.0692927552095316,0,0.0428577827174927,0.011154475067844,0,0,0.151500448816099,0,-0.102577812210816,-0.15351367600939,0,0.0572079953142534,0,-0.104153411962907,-0.0220424075921091,-0.0422073152539943,0,0,0,0,0,0,0,0,0,0,0,0,0,0.134209754517986,0.0381062857964239,0.108406179777124,0,0,0,0,0,0,0,-0.0222502536292623,0,-0.113935827564587,0.129663338913375,-0.0544439047371646,0,0,0,0,0,0,0,0,0.0143656958861733,0,0,0,0.00777573529650843,0,0,0,0,0.0731513950179051,0,0.0128051676166243,0.0365271025249396,-0.0639283643756428
-0.062607971436386,0,0,0,0,-0.0120700972803583,0.019793793959557,0,0,0,0,0,0.0454598460454846,0,-0.0818396131857168,-0.00195105246721776,-0.127969953105036,0,1.16350601448696,0,0,0,0,0,0.0141508193030873,0,0,0,0.0153209290960633,-0.186437147111465,0,0,0,0.0693219915552321,0.181669036051834,0,-0.0824781484408036,0,-0.00972977203519357,0,0,0,0,0,0,0,-0.0645948288835663,0,0,0,0,0,-0.0162379191564873,0,0,0,0,0.077765428434153,-0.0726662254604748,0,0,0.0755999858491219,0,0,0,0.0115176103799147,0,0,0,0,0,0,0.0203383762935706,0.054479225853199,0,0,0,0,0,0,0,-0.0611829437919198,0,0,0,0,-0.129054540626753,0,0.0521656509805591,0,0,0,0,-0.0199415648776954,0,0.0110813403163294,0,0.0222634453109612,0,0.150899835047651
0,0,0.136290382588643,0,-0.0338713746541579,0,0,-0.00243869985775519,-0.116593671048723,-0.048042744084381,0.00487390298247807,0,0,0,0,0,-0.0318819285771884,0,0,1.18770318941469,0,0,0.0811937065555655,0,0,0,0.0598825651605528,0,0.0862487793531969,0,0,-0.0285179109231952,0.0446632561075538,0,0,0,0,0.0187999903735701,0,0,0,0,0,0,0,-0.217026253058952,0,0.0102236726210922,0,0.0259286811524047,0,0,0,0,0,-0.0211321769016512,-0.0636770579624577,0.050212624307345,-0.157555438794215,0,0,0,0,0,0,0,0,0,-0.0879395881378048,-0.0213922053990409,0,0,0,0,0,-0.0845253536814091,0,-0.0231788681451703,0,0,0.106261004831573,0,0,0,0,0,0,0,0,0,-0.115551441182324,0.0152513144082175,0,0,0,-0.00969920409294031,0,0.0732145725612383,0.0457081659839276,0
0,0,0,0,-0.0159466598994081,0,0,0.0510182951156296,0,0,0,0,0,0,0,-0.0113535166317177,-0.0762684542972656,0,0,0,1.13931685902397,0,-0.111969678692563,1.05812517931181e-05,0,0.0702589748205845,0,0,0.0362376760361014,0.089745928338805,-0.0065476115379161,0,-0.00291217732326111,0.156001316798182,0,0,0,-0.0499238234003032,0,0,0,0,-0.123762994298185,0,0,0,0,0,0,-0.0375782983813255,0,0,0.0944749974111264,0,0,0,0,0,0,0,-0.01394884906765,0,0,0,0,0,0,0,0,0,0,-0.00648263074469232,-0.023290643357075,0.178905397792041,0.0972235004837717,-0.0422498144176408,0,0,0,0,0,0,0,0,0,0.0580711589737345,0,0.0176692385092446,0,0,-0.0230736764143735,0,0.0173439736718336,0,0,-0.000781068305383339,0,0,0,0
0,0,0,0.00302788886761585,0.00089476840160243,0,0,-0.00833596622489369,0,0.0679529446708129,0,0,-0.0333436983145004,-0.0943268475905257,0,0.0674159999456617,0,0,0,0,0,1.12050896598171,-0.0487516910964703,0,0,0.025787447149607,0,-0.0334681240799753,0.0109489073630025,-0.0897250352105997,0,0,0,-0.000839016337020369,0,0,0.0371792276902774,0,0,0,0,0,-0.0454472319798229,0,0,-0.010844156816845,0,-0.0614460483962062,-0.0749618102123913,0.0562054425080816,0,0,0,0,0,0,0.0240271932294824,0,0.053031491021944,0,0,0,0,0,0,0,-0.0304002139233721,0,0,0,-0.0208275182837935,0,0.11568602570028,0,0,-0.0718129601466154,0.0338503970093105,0,0,0,0,0,0,0.00928242652743083,-0.148976654653922,0,0.0850966171595994,0,0,0,0,0,-0.0406817983875634,0,0,0,0,0.0110275828215354,-0.0130578229650018,0
0,0,0,0,0,-0.115127282284966,0,0,0,0.0418545193685586,0,-0.0155215825648231,0,0,-0.109101476114483,-0.0305456973054807,0,0,0,0.0811937065555655,-0.111969678692563,-0.0487516910964703,1.16039959782179,-0.0063048601244886,-0.00704625874058643,0,0,0.05009951579833,0,-0.0339193561675271,-0.0609835614886877,0,0,0.0621155195677825,0,0,0,0,0,0,-0.019711200751321,0,0,0,0,0,0,0,0.11702312198792,0,0,0,0,0,0,0,0,0,0,0,0,0,-0.0535236778557238,0,0,-0.0123532458016428,0.0256425519364756,0,0,-0.060613992107103,0,0,0,0,-0.0361900832036633,0,0,0,0,0,0,0,-0.0262376809962195,0,0,0,-0.0550742863629698,0.228101094811614,0,0,0,0,0,-0.0990343297087347,0,0,0,0,0,0
0.129232859041587,0,0,-0.0138231819220152,0,0,0,0,0,-0.0621380876318545,-0.0175773801815408,0,0,0,-0.128546654719047,0,0,0.100672791253346,0,0,1.05812517931181e-05,0,-0.0063048601244886,1.21929412590524,0,0,0,0,0,-0.160164501770317,0,0,0.0339988239263149,0,0,0,-0.0517024978515802,-0.106293820528978,-0.117818314442567,0,0,0.0620226817768892,0,0,0,-0.0116519597574414,-0.046553434652878,-0.0168211537860159,0,0,0,0,0.127054928606548,0,-0.0313489521285041,0,0,0.0370864517909038,0,0,0,0,0,0,0.0171244284951027,0,0,-0.0006681450993519,0,0,0,0,0,0,0,0,-0.153094217323628,0,0,0,0,0,0,0,0,0,-0.0472564838603411,-0.0457625550132203,0,0,-0.148224492293719,0.115024436616667,0,0,0,-0.0347201883486433,-0.0158330284853467,0,-0.026910686267256,0
0.0054292872246522,0,0,0,0,0,-0.00446333488406174,0,0,0,-0.072753753434957,0,-0.00161193804667174,-0.0140305326948637,0,0,0,0,0.0141508193030873,0,0,0,-0.00704625874058643,0,1.16113512434268,0.0107940792496118,0,0,0,0,0,0,-0.0542106452566888,0,0,0,0,0,0,-0.0442396905161145,0,0,0,-0.0516856057218423,0,-0.0108254350036917,-0.149746673605626,0,0,0,0,0,0,0,0,0.0588484541121278,0.0998227304383972,0,0,0,-0.167837263197394,0,0,0,0,-0.0433416233648969,0,-0.0373254683869242,0,0,0,-0.152219493038279,0,-0.0385329932636947,0,0,0.143349513214386,0,0,0,0,0,0,-0.0754058087853669,0,0.0166069282854228,0,-0.00902209866032721,0,0.0224296688978582,0,-0.0102630822365325,0,0,0,0.0965708743867098,0,0,0,-0.108177093346054
0.0906705642015075,0,0,0,0.197769301059779,0,0,0,0,0,0,0,0,0,0,0,0,0,0,0,0.0702589748205845,0.025787447149607,0,0,0.0107940792496118,1.15458384654468,0,0,-0.00416966350743809,-0.0830158201737839,0,0,0,0,-0.0640980983409112,0.0536857074392288,0,0,0.059294909040376,0,0,0,0,0,0,0,0,0,-0.131872521325582,-0.0121856132228823,0.117411429818326,0,0,0,0,0,0,-0.105294204231427,0.0294580588528499,0,-0.0104119302722306,0,0.10244637196008,0,0,0,0,0,-0.017606764129345,0.0319493554419067,0,0,0,0,-0.106446143371697,0.0204715187241761,0,0,0,0,0,0,0,0,0,-0.0494403884517177,-0.0435436184120925,0,0.0250195368018101,0,-0.0280696586849584,0,0.129173079121276,0,-0.0163802252347747,0,0.0134498757412546,0,0,0
0,0,0,-0.0658863415791596,0,0,0,0,0,-0.0671869135332864,-0.0341835996023917,0,-0.0868722424845206,0,-0.0320858873982921,0,0,-0.0750732693223772,0,0.0598825651605528,0,0,0,0,0,0,1.14893006948763,0,-0.136514211364025,0.0219446047161056,0,0,-0.0235282836806095,0,0,0,-0.0295295197117271,-0.0415580041596043,0.0992251237297271,0,-0.00050216021758733,0,0,0,0,0,0,0,-0.0529685113799341,-0.0538744733766821,0.0419960394090985,0,0,0,0,0.197263562502959,0,0,0,0,-0.111577749941158,0,0,0,0.010319505559116,0,0,0.101991285854521,0,0,0,0,0.0226333587446907,-0.0279323553990943,0,0,-0.0795569457265956,0,0,0.00426277075101677,0,0.00713725549575233,0,0,0,0,0,0.0943611079705925,0,0,0,0,0,-0.00953009149933266,0,-0.114719376973632,0,-0.0542785055403673,0,0.0286498491107853
0,0,0,0,0,0,-0.015777539232618,0.101012865305716,0,0,0,0,0.0117291761717962,0,0.0398801206047719,0.0682590996305515,-0.0295262166127661,0,0,0,0,-0.0334681240799753,0.05009951579833,0,0,0,0,1.25998021443683,0,-0.0401428297622324,-0.0288341224159001,0.0375262811740144,0,-0.189124033998888,0,0,-0.217736883628779,0,-0.0991560773624319,0.0182398247623097,0,0,0,0,0,0,0.015336441080324,-0.125470503735981,0,0,0,0,0,0,0,0,0,0,0,0,-0.0648028646741064,-0.0231605785538482,0.0842734432026291,0,0,0,-0.0461510283447859,0,0,0,0,0,0,0,0.14301166671175,0.0125481053059087,0.123324400203118,0.0314023190216547,0,0,-0.116094990779449,0.00803960220836088,0.195290660853906,0.0932174904814648,0,0,0,-0.101921118217533,0.00348651677888693,0,0,0.025647486373645,0,0,0,0.0286423513351874,0,0,0,0.00924929442725283
-0.110027771149682,0.0034805105820166,0,0,-0.00700636008111283,0,0,-0.0982349915321259,0,0,-0.002995183002293,-0.0103984165357376,0,0,0,0,-0.0181549753143525,0,0.0153209290960633,0.0862487793531969,0.0362376760361014,0.0109489073630025,0,0,0,-0.00416966350743809,-0.136514211364025,0,1.18520851187874,0,-0.0608047473877662,0,0,-0.00148396109836217,-0.120789936406527,0,0,0,0,0,0,-0.0188290144033683,0,-0.125864208124561,0.00972218373374002,0,0,0,-0.0360255015568336,0,0,0,0,-0.00276025240758066,0,0,0,0,0.0507527529327164,0,-0.145539308334022,-0.119771816202515,0,0.0468841322391195,0,0.0163031883611505,0.0250337320637774,0,-0.0153272973087509,0.0425351840828257,0,0,0,0,-0.0226070439633081,0.0238054563523709,-0.013456959706043,0,0.021690855930024,0.156814707375798,0,0,0,-0.033118748829585,0,0,0,0,0,0,-0.0144780257287556,0.0947845142846384,0.0245927421463499,0,0,0,0,0.103342629243588,0,-0.017577751505714
0,0,0.151826111585771,-0.0605741524730124,0,0,-0.0717309793403422,0,0,0,0,0.00362827047606715,-0.00482229087661683,0,0,-0.00437328530814722,0,-0.00555650237785706,-0.186437147111465,0,0.089745928338805,-0.0897250352105997,-0.0339193561675271,-0.160164501770317,0,-0.0830158201737839,0.0219446047161056,-0.0401428297622324,0,1.28832023486116,-0.0167050382651729,0,-0.0140666656160862,0,-0.244148400477331,0.0280151776036242,-0.0322750511933169,0,-0.0967957564128347,-0.0600705048043108,0,0.129761903416995,0,-0.0471193064332873,-0.0695953825654462,0,0,0,0,0.0800414900307571,-0.0476644754932839,0,0,0,0,0,0,0,-0.0994777784839328,0,0.00919594091504558,0,0.074427030216184,0.123103779229729,0,0,0,-0.0209992178326394,0,0,0,-0.102328611835738,0,-0.0321086475199351,0,0,0,0,0,0,0,0.011028767656967,0,0,-0.122255582966974,0,0,0,0,0,-0.0354851300005478,0,-0.0230055783836073,0,0,0,0,0,0,0
0,0.0560771900757152,0.0381802042486605,0,0,0,0,0,0,0,0,0,0,0,0,0,0,0,0,0,-0.0065476115379161,0,-0.0609835614886877,0,0,0,0,-0.0288341224159001,-0.0608047473877662,-0.0167050382651729,1.11348031371678,0,0,0,0,0,0,0,-0.00895961786319768,0.0113424194961607,0,0.0692501155922353,-0.0728858160096233,0,0,0,0,0,0,0,0,0,0,-0.0122560898454277,0.00269774358528295,0,0,0,0,0,-0.089206071027322,-0.0435302632786883,0.0347894301801221,0,-0.00416646196990081,-0.0118541125032141,0,-0.00989161353288838,0,0.0259027220218555,0.113636968715162,0,-0.016756250734556,0,0,0.0030198410114148,0,-0.0525835562865564,-0.0413881828028236,0,0,0.0321451029631892,0,0,-0.100925419119094,-0.0663595291368747,0.0691587552416941,0,0,-0.0516480445779081,0,0,-0.126044050355567,0,0.0400811712873253,-0.0260078071639516,-0.047346124802824,0,0,0
0,0.0037008914413302,0.0144804932180778,0,0,0,0,0,0,0,-0.0749219567449963,-0.0634303158375582,0,0,0,0,0,0,0,-0.0285179109231952,0,0,0,0,0,0,0,0.0375262811740144,0,0,0,1.04441917625331,-0.035221400861953,0.0668479771830982,0.000996134605556563,0,0,0,0,0,0.0197123758656853,0,0,0,0,-0.00344433068747107,0,0,0,0,0.032998894567175,0,0,0,0,-0.0309875932327375,-0.00786977019333654,0,0,0,0,0.00459776985497799,0,-0.0718027288963841,-0.0639925104508108,0,0,0,0,0,0,0,0,0,0.0402363166092201,0,0,0.0619429632979559,0.0629313036474278,0,0,0,0,0,0,0,0,0,0,0,0,0,0,0,0,0,0,0,0.0189416923765758,-0.0570320136370232
0,0,0.155353949099372,-0.0753833796863508,-0.0344067904567466,0,0,0.190910501464608,0,0.0149433746187297,-0.00885195868176444,0,-0.0273434344390841,0,0.021502263798414,-0.0800314559156304,0,0,0,0.0446632561075538,-0.00291217732326111,0,0,0.0339988239263149,-0.0542106452566888,0,-0.0235282836806095,0,0,-0.0140666656160862,0,-0.035221400861953,1.18971078908262,0,0,0,0,0.0898995330379396,0,0,0,0,0,-0.0362171533786892,0,0.00134684878061785,0.0656410213045271,0.11454949110739,0,-0.00657621294005733,-0.00675704902913641,0,0,0.19302267738571,0,-0.116189803716819,-0.023002310814309,0,0.0682643323208559,0,0,0,0.000497013658453063,0,-0.0599203460000411,0,0,0,0,0,0,0,-0.0207844968309886,0,0,0,-0.0176258199409177,0,0,0.00198880760991723,-0.0715694779354563,0.0142313712640777,0.00607351521178739,0,0,0,0,0.0516105688872685,0,0,0,0,0,0,0,0.013143047426403,0.0319923316807045,0,0,-0.0172931892752081
0,0,0.0247688209554013,0.0111079942469668,0,0,0,-0.0436479361212304,0,0,0,0,0,0,0.0383048781875037,0,0,0,0.0693219915552321,0,0.156001316798182,-0.000839016337020369,0.0621155195677825,0,0,0,0,-0.189124033998888,-0.00148396109836217,0,0,0.0668479771830982,0,1.3444872390392,0,-0.039878296283776,0,0,0,0.11375282458086,0,-0.205692334555208,0,-0.0718768585203875,0.00351146601785168,0,0,0,-0.0253582471109778,0,0.068004302769977,0,0,0,0.0120402251574956,0.133624574730122,-0.156636366821848,0.147091297742401,0,0,0.11988459730495,-0.0485989673824184,0,0,0,-0.00349693391599918,0,0.0182276743353123,0,0,0.0127644577145515,0,0,0,0.00356352891835604,0,0,0.00942996250685059,-0.0313462575783448,0,0.0295767404916256,0,0,0.187909813816213,-0.197299951567887,0,0.0367814065613632,-0.0992352228635841,0,0,0,0.123249133741477,0,0,0,0,0,0,0,0.00119741515130816
-0.0256251264980289,0,0,-0.0940124122778703,-0.136069946384258,-0.0705187867044993,0,0.139592428192597,-0.00557274626548722,0,-0.0160504389408526,0,0.0341577642137279,0,0,0,0.0262650588818375,-0.0692927552095316,0.181669036051834,0,0,0,0,0,0,-0.0640980983409112,0,0,-0.120789936406527,-0.244148400477331,0,0.000996134605556563,0,0,1.31160403812729,0.0417447246320558,0,0,0,0,0,0,0,0,-0.0121797436129383,0.0894195179870737,0.0224538072084346,0,-0.0666496335278119,0,-0.144214271720374,0,0,-0.0126786188492098,0,0,0,0,0,0,0,0,0.0225829245231809,0,0,-0.00889738193710464,0,0,0,0,0,-0.00798211889368955,-0.22200565982737,0,0.0708138123152746,0,0,0,-0.168484726146006,0,-0.0454898900707071,0,0,0,0,-0.0307556924695647,0,0,-0.100278174607652,0,-0.12105605686305,0.0128192880953902,0,0,-0.0596389963719521,0,0.0249807647962377,0,0.00395314186323077,0
0,0,0,0,0,0,0.0814591762802668,-0.0889762185952309,0,0,0.0341944777669461,0,0.0415928654593857,0,-0.0536723836278976,0,-0.0513534435412901,0,0,0,0,0,0,0,0,0.0536857074392288,0,0,0,0.0280151776036242,0,0,0,-0.039878296283776,0.0417447246320558,1.23910020886086,0.0308238953329595,0,0,0,0,-0.0235499581926319,-0.0129821685381498,0,0,0,-0.0565439277662959,-0.0588849028986323,0,-0.0759552228399732,0,0,0,-0.0845774883547554,0,0,0.07206827848658,0.117226795091439,0,0.0569224475810299,0,-0.0779832795085328,-0.154391173344843,0.079746991239184,0,0.0428009538373032,0.184263004102879,0.0783135153999173,0,0,0,0,0,0.00452809494595719,0,0,0.0477510121831676,0,0,0.00830502511576357,0,0,0,0,-0.0717466689407972,0,0.0738127823823367,0,-0.0173852356108564,0,0,0,0,0,-0.0379176411355535,0,0,0,0,0
0,0,0,0,-0.155776557428968,0.0757354717871071,-0.0598538270119211,0,-0.0303658614050203,0,0,0,0.0244623936613681,0,-0.100136378279651,0,-0.119692326336508,0.0428577827174927,-0.0824781484408036,0,0,0.0371792276902774,0,-0.0517024978515802,0,0,-0.0295295197117271,-0.217736883628779,0,-0.0322750511933169,0,0,0,0,0,0.0308238953329595,1.23273599051731,0,0,0.0117457485260762,0,0.0868539387568381,0.107817805741563,0,0,0.129120989436206,0,0,-0.00825370968219074,-0.0753086868148212,-0.0164811473894683,0.044444924651897,0.0334875349511402,0,0,0.0830444260165673,0,0,-0.0358437253895177,0,0,0,-0.0638420283344472,0,0,-0.00455127294358786,0.0424166228092846,0,-0.0338775010114319,0,0,0,0,-0.027961937359998,-0.217952131483275,0,0,0,0,-0.0422401386795007,0.0171140829499305,0.0238521927958127,0.043598426415062,-0.100678592551364,0,0,0,0,0,0,0,0,-0.0274873102827406,0,0,0,0,0,0,0
0,0,0,0,0,0,0,0,0,0,-0.0033845498000159,0,-0.00588316987301687,0,0,-0.196768340960953,0,0.011154475067844,0,0.0187999903735701,-0.0499238234003032,0,0,-0.106293820528978,0,0,-0.0415580041596043,0,0,0,0,0,0.0898995330379396,0,0,0,0,1.20578885373159,-0.190699042491189,0,-0.0701270505654031,0.0273361538934939,0,0,0.0223170865825389,0.0462097076507544,0,0,0,0,0.00860201385682771,0,0,0,0,0.0575052155664647,0,-0.0147450244517725,0,0,0.0674157259943796,0,0,-0.00237935574720954,0,0,-0.0652077762482445,0,0,0,0,-0.0272647959777926,0,0,0.0562046632499322,0.0548640942102258,0,0.0162068959128564,0,0,0,0,0.0913904761791202,-0.0919983117100704,0.161614914784451,0,0,0,-0.0132710591746135,0,0,0,0,0,0,-0.202267068363656,-0.00275888558085098,0,0,0.0220145954961514
0,0,0,0,0,0,0,0,0,0,-0.0342995015554404,-0.189737979937022,-0.129286739217978,0,0,0,0,0,-0.00972977203519357,0,0,0,0,-0.117818314442567,0,0.059294909040376,0.0992251237297271,-0.0991560773624319,0,-0.0967957564128347,-0.00895961786319768,0,0,0,0,0,0,-0.190699042491189,1.4111380654893,0,-0.0521633747116052,0,-0.0385098653058899,0,0,-0.0404983009651355,-0.0645657941357806,0,-0.0447287485825144,0,0,0,0.0289802280358708,0,-0.032999761771197,0,0,0,-0.0646115798809295,0,0,0,-0.0566114459241138,0,0,-0.103239885974403,0,0,-0.215823042150841,0.0501637109319128,0,0.113115752887635,0.00216361846283008,0,0.0823497617601605,0,0,0.075721915209232,0,0.150336852744802,-0.299339172855554,-0.108937650582699,0,0,-0.195028840208066,0,0.0660259864428332,-0.0598320125251816,0.0067844224185185,0,0.0798666888257201,0,0,0,-0.0175652998047152,0,0,0,-0.0167403176898242,0
0,0,-0.0594079901572219,0,0,0,0.00607312163096263,0,0,0,-0.0222249842413746,0,-0.163985135468177,0,0,0,0,0,0,0,0,0,0,0,-0.0442396905161145,0,0,0.0182398247623097,0,-0.0600705048043108,0.0113424194961607,0,0,0.11375282458086,0,0,0.0117457485260762,0,0,1.2495329179369,0,0,0,0,0,0,-0.0542642613581297,0.00250642009178867,0.234919849846241,0,0,0,0,0,0,-0.115255905054048,0,0,0,-0.0798444489056067,0,0,0,0,0.00989430680190002,0,0,0,0,-0.164528471840463,0,0,0,-0.057049999308395,-0.0611417741348284,-0.129753154452203,0,0,0.1761511150153,0.0521449526713622,0,0,0,0,-0.0752148479980745,0,0,0,0,0,0,0,0.00816707242136815,0,-0.0330010053455223,0,0,0,0.077326066249571,-0.120404841222938
0,0,-0.0729153651650653,0,0,0,0,0.111160223847347,0,0,0,0,0,0,0,0,-0.101645859293112,0.151500448816099,0,0,0,0,-0.019711200751321,0,0,0,-0.00050216021758733,0,0,0,0,0.0197123758656853,0,0,0,0,0,-0.0701270505654031,-0.0521633747116052,0,1.14094976439371,0.0727604493738608,0,0,0,0,0,-0.047822993435807,0.0889864030660124,0,-0.0770725715912097,0,0,-0.0444094013236299,0,0,0.114074075146844,0.00573747327744612,0.132967827116175,-0.0531749048035567,0.071521001849529,0,0,0,0.00072041164676263,0,0,0.00135046508487303,0,0,0,-0.028926362630169,0,-0.0706023461006876,0.0285320564229754,0.0310072797566804,0,0,0,0.0496572152012457,0,0,0,0,-0.0103024463291803,-0.0264414465881029,0,0,0,-0.0060470225015236,0.0590771158166657,0,0,0,0,-0.00801290182932431,0,0,0,0
0,-0.000832315385272544,0,0.00987359718725499,-0.292107880809976,-0.0789965481530523,0.0789083900986504,-0.105113202388125,0,0,0,0,0,0.0133042467740763,0,-0.0741105221669974,-0.0455875310795655,0,0,0,0,0,0,0.0620226817768892,0,0,0,0,-0.0188290144033683,0.129761903416995,0.0692501155922353,0,0,-0.205692334555208,0,-0.0235499581926319,0.0868539387568381,0.0273361538934939,0,0,0.0727604493738608,1.23665574657448,0,0,0,0,0,0,0.0678605204206967,0,0,0,0,0,0,-0.0674072861582596,0,0.0531329870099334,0,0.0128713199875137,0,0,0,0.0127534759214751,0,0.0244860172069181,0,0,0,0,0,0,0,0,0,-0.00475127383013686,0,0,0,0,0,0,0,0,0,0,0,0,0,-0.079433207818001,-0.0221398238151031,0,0,0,0,-0.0305305890552452,0,0.0299600868795985,0,0
0.0664800383174456,0.0769347827391641,0,0,0,0,0,0,0,-0.0227424836095135,0.126264486779021,0,0,0,0,0,0,-0.102577812210816,0,0,-0.123762994298185,-0.0454472319798229,0,0,0,0,0,0,0,0,-0.0728858160096233,0,0,0,0,-0.0129821685381498,0.107817805741563,0,-0.0385098653058899,0,0,0,1.18122026164419,0,0,0,0,0,0,0,0,0,0.0393867283343605,0,-0.0834010284069999,0,0,0,0,0,0,0,0,0,0,0.0049392282582647,-0.00703167495716323,0,0,0,0,0,0.0266243522392337,0.185655340640766,0,0,0.11486726450053,0,0,0.13288284677121,0,0,-0.0087617138651496,0,0,0,0.101404604556673,0,0,-0.0134486034581421,0,0.0455285058562674,-0.117434635007565,0.0754683145414805,0,0,0,-0.0477930351450288,-0.0375921803452372,0
0,0,0,0,-0.0334746262351311,0,0,0,0,0.110999350343249,0,0,-0.143239936085141,-0.215880962875267,0.00693202117239613,0,-0.0650802560051811,-0.15351367600939,0,0,0,0,0,0,-0.0516856057218423,0,0,0,-0.125864208124561,-0.0471193064332873,0,0,-0.0362171533786892,-0.0718768585203875,0,0,0,0,0,0,0,0,0,1.25526843558111,0,0,0,0,0,0,0,0,0,0,0.0462532680483342,0.0290865951694887,0.0752998560065704,0,0.0789208718263318,0,0,0,0,0.0791141384462497,0,0,0,0,0,0,-0.00583847120219292,-0.0464965838829326,0,0,0,-0.158244393130624,0,-0.0630079261211069,0,0.0436585566410531,0,0.0490743304817318,0.105856566861807,0,0,0,0.0799322374997644,0,0,0,0,0,0,-0.0712048856704528,0.0197941124311486,0,0,0.0334314366438268,0.00144259937055564,0
0,0,0,-0.120978923501469,0.0467317521460344,0,0,-0.0728313981543236,-0.220443318859645,0,0,0,0,-0.0592835951056151,-0.440615736432173,0,0,0,0,0,0,0,0,0,0,0,0,0,0.00972218373374002,-0.0695953825654462,0,0,0,0.00351146601785168,-0.0121797436129383,0,0,0.0223170865825389,0,0,0,0,0,0,1.3423091052327,0,-0.00686156915602653,0,0,0,-0.0674293095049769,0,0,0,0,0,0,0.0836566279378341,0,-0.0336959759963564,0,0.0123289670274762,0,0,-0.00588441866093894,0,0,-0.0656206116952435,0,0,0,0,0,-0.0916886687074256,0.0195905716802241,0,0,0,-0.00891396886922548,0,0,0,0,0,-0.0238154811616325,0,0,0,0,0,0,-0.000125961539594147,-0.209815268733967,0,-0.0797608989096935,0,0,-0.00620854226098927,0,0
0.0845253085303688,-0.0634276144105979,0,0,0.0117718035979608,0,0,0,0.0620485190761567,0,-0.00171780107245799,0.12846884868825,0,0,0,0.211857506737162,0,0.0572079953142534,0,-0.217026253058952,0,-0.010844156816845,0,-0.0116519597574414,-0.0108254350036917,0,0,0,0,0,0,-0.00344433068747107,0.00134684878061785,0,0.0894195179870737,0,0.129120989436206,0.0462097076507544,-0.0404983009651355,0,0,0,0,0,0,1.48686756834854,0,0,0,0.260150094946293,0,-0.0479608578403347,0,0.10447014533275,-0.0374544619009346,0,0.151365287492637,0,0,0,-0.297839246798578,0,0,0.0924188685517997,0,-0.0283624603295492,0,0,-0.0428610292333789,0,0,0.0768835780127064,0,0,0.196753791333955,0,0,0,0,0,0,0,0,0,-0.0318023097313402,0,0,0,0.0418183103859371,0,-0.101801987860481,0,0,-0.0312969568878427,-0.033158579147765,-0.186732794944854,0,0,0.0309299722352689,-0.152350558284234
0,0,-0.0178469817684889,0,0,0.0935932966488051,0.125651616966283,0,0,0,0,0,-0.0133836705646976,0,0,-0.0385725489157606,0,0,-0.0645948288835663,0,0,0,0,-0.046553434652878,-0.149746673605626,0,0,0.015336441080324,0,0,0,0,0.0656410213045271,0,0.0224538072084346,-0.0565439277662959,0,0,-0.0645657941357806,-0.0542642613581297,0,0,0,0,-0.00686156915602653,0,1.15127891677671,0,0,0,0.0113088683058672,0,0.00253543321203351,0,-0.0573314546914121,0.0422355505534299,0.0787710833510503,0,0.0208963660624191,0,0,0,-0.0395225931635713,0,0,0,0.0442882142579674,0,0,0,0.171107042340708,-0.027205472257846,0,-0.0201033226401677,-0.00240162027749354,-0.0479880565431127,-0.0424608361166189,0,0,0,0,0,0,0,0,0,0.00411838121957276,0,0,0,0,-0.031882769884505,0,0,-0.108493726116435,0,0,0,0,-0.0273772342164412
0,0.0158323500840462,-0.0183030225064999,0.0177762892005194,0.102177119618252,-0.0338579299484676,-0.0185624810169086,0,0,0,0.0622360880573929,0,0.0481446749305872,0,0,0,0,-0.104153411962907,0,0.0102236726210922,0,-0.0614460483962062,0,-0.0168211537860159,0,0,0,-0.125470503735981,0,0,0,0,0.11454949110739,0,0,-0.0588849028986323,0,0,0,0.00250642009178867,-0.047822993435807,0,0,0,0,0,0,1.18969617431027,0.00477963215516908,0,0,0,0,0,-0.101637302435217,0,-0.0708083268396502,0,0.0155706785923208,0,0,-0.0220172548280977,-0.114957987919283,0,0,0.00178921683825925,0.102517429925899,0,-0.00800235890240071,0,0,-0.0793371202102681,0,0,0,0,0,0,0,0,0.0775270221055635,0,-0.0467001103943956,0.0979259146562859,-0.172107039828288,0,0,-0.028877031233973,-0.0230689054651788,0,0.0324494369468263,0,0,0,0,0,0,0,0,0
0,-0.0597846275959317,-0.0706717332701141,0,0,0,-0.169851016770746,0,0.111403529061516,0,0.00796197938023725,0,0.0305561847689188,-0.121741672705717,-0.0319117750119159,0.102615746296939,0,-0.0220424075921091,0,0,0,-0.0749618102123913,0.11702312198792,0,0,-0.131872521325582,-0.0529685113799341,0,-0.0360255015568336,0,0,0,0,-0.0253582471109778,-0.0666496335278119,0,-0.00825370968219074,0,-0.0447287485825144,0.234919849846241,0.0889864030660124,0.0678605204206967,0,0,0,0,0,0.00477963215516908,1.48686457090012,-0.0723863064875363,0,0.0148430183725766,0.0130915160207012,0,0,0,0,-0.0342218190983547,-0.210362369045412,-0.144495979364931,-0.0643577566898567,0,0,-0.0330534844107307,-0.0803356869591321,0,-0.0858193996269449,0,-0.079180906467625,0.0423031017029791,-0.149426478819235,0.0861147536044587,0,0,0.195090164399177,0,0,-0.00188559351686628,-0.0624888122659463,0,0,-0.0180698147379653,0,0,-0.126770212526996,0,0.121840459549037,0,0,0,0,0,0,0,0,-0.164723329918379,0,0,0.00264420370776396,0
0,0,0,0,0,0,0,0,0,0,0,0,-0.0138868002700335,-0.0135486407526264,-0.126388638962598,-0.0662226965839829,0,-0.0422073152539943,0,0.0259286811524047,-0.0375782983813255,0.0562054425080816,0,0,0,-0.0121856132228823,-0.0538744733766821,0,0,0.0800414900307571,0,0,-0.00657621294005733,0,0,-0.0759552228399732,-0.0753086868148212,0,0,0,0,0,0,0,0,0.260150094946293,0,0,-0.0723863064875363,1.22526042689258,0.0334745423971522,0.00974768750043929,0.0203646465648839,0,-0.0985119109324836,0,0,0,0,0,0,0.042214100549046,0,0,0,0,0.028120608084947,0,0,0,0,-0.000294056331011248,0,0,0,0.00985608811752082,0,-0.125783351147447,0,0.0195104570215785,0.100576834745269,0,0,0,0,0,0,0,0,0,0.0663848823793032,0,0.147180967047217,-0.104771858171298,0,0,0,0.0850687905637031,0,0
-0.079538579551854,-0.0692438789038379,0,-0.0783114946382135,0,0,0,0.00980440786354233,0,0,0,0,0.0249264810824175,0,-0.00220013619325319,0.0227471123568702,0,0,0,0,0,0,0,0,0,0.117411429818326,0.0419960394090985,0,0,-0.0476644754932839,0,0.032998894567175,-0.00675704902913641,0.068004302769977,-0.144214271720374,0,-0.0164811473894683,0.00860201385682771,0,0,-0.0770725715912097,0,0,0,-0.0674293095049769,0,0.0113088683058672,0,0,0.0334745423971522,1.18266717332808,0,0,0,0,0,0.0603445580695724,0,-0.0975583053483112,-0.147774669834162,-0.000119362985777905,0,-0.0174025821424765,0,0,0,0,0,0.0878373577726577,-0.0722675794020284,0,-0.0429183895656243,0,0,0,0,0.00135461781998344,0,0,0,-0.00789058280676519,0,0,0,0,-0.044845007856075,0,0.0158578827043307,0,0,0.0693961682051367,0,0,0,-0.179537679746084,0.00383363819026752,0.0187844160147285,0,0,0
