"X1","X2","X3","X4","X5","X6","X7","X8","X9","X10","X11","X12","X13","X14","X15","X16","X17","X18","X19","X20","X21","X22","X23","X24","X25","X26","X27","X28","X29","X30","X31","X32","X33","X34","X35","X36","X37","X38","X39","X40","X41","X42","X43","X44","X45","X46","X47","X48","X49","X50","X51","X52","X53","X54","X55","X56","X57","X58","X59","X60","X61","X62","X63","X64","X65","X66","X67","X68","X69","X70","X71","X72","X73","X74","X75","X76","X77","X78","X79","X80","X81","X82","X83","X84","X85","X86","X87","X88","X89","X90","X91","X92","X93","X94","X95","X96","X97","X98","X99","X100"
1.43699961826022,0,0,-0.107310578691514,-0.0224595433315225,0,0,0,0,0,0.0579785340050815,0,0,0,-0.0351249357522909,0,0,0,0,0,0,0,-0.162213326767649,0,0,0.0353026565158324,0,-0.0158811402918552,0,0,-0.0815462830631297,0,0.0116956432559562,0,0.0846475253124721,-0.0139733602694282,0,0,0.0101719628769246,0,0.0479282894016525,-0.0191926963813973,-0.0860207985413775,-0.000564863846860763,-0.0933766849574355,0,-0.0657107836794441,0,0,0,0.00993628389078123,0,0,-0.104985564946856,0.0358606270044838,0,-0.0471198928713545,-0.0961027232634498,0,0,0,-0.324275318498881,-0.154626577067993,0,0,0,-0.0566240441817439,0,0,0,0,-0.00308567858226793,0,0,0,0,0,0,-0.0487748486843073,0,0,-0.000389377891013632,0,-0.0183966976933079,0,-0.264477511306643,0,0,0,-0.0277410897572696,0,0,0.211949645290489,0,0,0,-0.0094467868862014,-0.00274671653330568,-0.138800761019326,0
0,1.19537855051069,0.00563011363990746,0,-0.0233626321377773,-0.0195973132404484,0,-0.0453117218104583,0,0,0,-0.00253658006105761,0,0,-0.0169280424962875,-0.0292232714294855,-0.0182419663779174,0,-0.00115529248093648,0,0,0,-0.0918345924881105,0,0,0,-0.077491600308184,-0.0686100911615375,0,0,0,0,0,0,0,0,0,0,-0.161843787439627,0,0,0,0.0258201703185059,-0.0968568736897726,0,0,0,0,-0.0165092209815557,0,-0.03980696324978,0.0588946159293552,-0.0365016143188528,0,0,-0.0356621732940191,0.0839039585287018,0,0,0,0,0,-0.146665827231906,0,0,0,0,-0.00124344132948856,-0.0331930203317744,0,0,0,0,0.115963118384565,0,-0.123451124000401,0,0,0,-0.0759303863265341,0,0,0,-0.0311417496905721,0,-0.078942924075579,0,0,0,0,0,-0.0374933906057398,0,0,0,-0.0578974507848502,0,0,0,0
0,0.00563011363990746,1.31638769186499,0,0,-0.133531179438718,0,-0.064173011802227,-0.176014494350346,0,-0.158413916378366,-0.03447039198986,0,-0.0750548499535302,0,-0.0449837232793625,-0.062870768317706,-0.17169978880761,0,-0.0550504945268078,0,-0.0508137914448508,0,0,0,0,-7.75021849056142e-05,0,0,0,0,-0.134882002153276,0,0,-0.0575009455390485,0,-0.010868105673691,0,0,0,-0.254731304652301,-0.0109218889715215,-0.0270409879459989,0,0,0,0,0.00445190366754319,0,0,0,0,0,0,0,-0.103310129295506,0,0.0524901033732786,0.063591676055866,0,0,0,0,0,-0.0416952488487119,0,0,0,0,0,0,0,-0.0486305987873082,-0.0719249676631094,0,0,0,-0.0352438509053267,0,0,0,0,0.116700981397451,0,0,0,0,0,-0.0617760165607439,-0.00940019263883506,0,0,0,0,0.0720802434384297,0,0,0,-0.0307765217690526,0
-0.107310578691514,0,0,1.31593210859762,0,0,0,0,0,0,0.023272708784858,0,0,-0.00667636410917186,0,0,0,-0.157720413830103,0,0,-0.0650657274282819,0.00194947133700166,0,0.0365763401898673,0,-0.168857308670565,0,0,0,0,-0.0108680440810482,-0.0313172973382005,0,0,0.114488695093785,-0.0854242371739866,0,0.0479429966692228,0,0,0,0,-0.00424073870955689,0,0,0.0019344581463075,-0.097915409289652,0,0,0,0,0,0,-0.0352612150374694,0,0,0,-0.0145249992773527,0,0.087794506970038,0,0,-0.00698114151023047,0,0,0,-0.13534889754569,0.0300464063809688,0,0.18448674086937,-0.118083488686865,-0.0980191176240302,0,0,0,0,0,0.0228311144455027,0,-0.156612402016383,0,0,0,0,0.027973543571122,-0.0607530555982139,0,-0.147944587290357,-0.0385774684206431,0,0,0,-0.0464684214711393,0,0,-0.00352075457672009,0,0,0,0
-0.0224595433315225,-0.0233626321377773,0,0,1.16187649864805,0,0,0,-0.0104172216574715,0,0,0,0,0,0,0,0,-0.187571452566413,0,0,0,0,0,0,0,0,0,0,0,0.0586612033012847,0,-0.013560797003589,0,0,0,0.0955834369165518,0,0,0,0,-0.110575888954346,0,0,-0.0337163133391992,0,0.048649674484172,-0.0194422273201334,-0.025120866558427,0.0231775410098473,0,0,0,0,0.149162804464107,0.00263580393567788,-0.155350352815256,0,0,0,0,-0.0943838162232343,-0.0375134028860442,0,0,0,0,0,-0.0594006460624778,-0.0078918652667393,0,0.0238705461505099,0,0,0,0,-0.0270651738618409,0,0.00147090662370231,0,0,0,0,0.087459978577098,0,0,0,0.0503799121569552,0,0,0,-0.000547250667910099,-0.0209665962172989,0,0,0,0,-0.0826106542955727,0.00449288307461966,-0.0923504446146625,0
0,-0.0195973132404484,-0.133531179438718,0,0,1.25868376735905,0,0,0.0646130901905593,-0.0709899528048508,0,0,0.00547425024525218,0,0,0,0,-0.00499475425321878,-0.0946556472247996,0,0.0448361743922304,0,-0.139164583982555,-0.104045505537156,0.0881859564192081,0,0,0.0845531383593958,0,0,0,0,0.0683804456806152,0,-0.0580741552727496,0.0673524053882232,0,0.0683364976975239,0,0,0,0,0,0.0216688927161543,0,0.153232320500224,-0.032075694450277,0.0119909702049315,-0.0232156446230617,0,0,0,0,0,-0.0064939049813706,0,0,0,0,0,0,0,0,0.103574013124662,0,0.0123675994471972,0,0,-0.134149050521333,0,0,0,0,0,0,0.0296563428888272,-0.00218246656799656,0,0,0,0,0,0,-0.259078240328525,0,0,0,0,-0.0078537285305241,0,0.030376127871109,-0.0365419523799554,0,0,0,-0.0266317461514857,0,0,0,0
0,0,0,0,0,0,1.35944636044564,0,0,-0.171197042100209,-0.237841682965607,-0.0555666542131864,0.0169852032642516,0,0,0,0.000191667181351009,-0.0409555398677971,-0.175994950508369,0,0,0,0,0,0,-0.00143022047575897,0,0,0,0,0,0,-0.11287632328624,-0.0464222540670052,0,-0.0404977364693789,0,0,0,-0.0739154371328419,0,0,0.00719916105302131,0.114579050540351,0,0,0,0.094434139339335,0,0.135635874590622,0,-0.072072063567596,0.0613835302890308,0,0,0,0,0,0.0334245974940152,0,0,-0.0987584980588133,0.0440361810910135,0,0.079655166171035,0,-0.074258050517514,-0.130310342889482,0,0,0,-0.0799983287334175,-0.00355086497309616,0,0,0.0729911922608542,0,0,0,0,0,-0.0192175984536358,0,0,0,-0.00562236009665259,0,0,0,0.0875603169232294,0,0,-0.137883893381025,0,0,-0.124493710966179,-0.00252382289754749,0,0,0
0,-0.0453117218104583,-0.064173011802227,0,0,0,0,1.36776642222269,0,0,0,-0.113610936465432,-0.0640917470743489,-0.0855966972227903,-0.0390015911184865,0,0,0,0,0,0,0,-0.265309335927521,-0.00720988399299729,-0.0799684680866912,0,-0.084514086723261,-0.0567138154532026,0,-0.0841325250269323,0,0,0,0.0908171404294251,0,0.0632281707300141,0.0873734167369466,0,0,0,0,0,0,0,0,-0.0633225978885729,0,0,0,0,0,0.00340519001555786,0,-0.02988104838789,0,0,0,0,-0.041324855826811,0,-0.079939737438899,0,-0.0864195445699421,0,0,-0.0793759388308923,0,0,0,0,0,0,0,0,-0.0896404191575325,-0.00270506062197481,0,0,0,0,0,0,0,-0.056340642422504,-0.0506855618143557,0,0,-0.264810061943584,0,0,0,-0.039628249930212,0,0,0,-0.0785658095064593,0,0,0,0
0,0,-0.176014494350346,0,-0.0104172216574715,0.0646130901905593,0,0,1.27617250363857,0,0,0,0,0,0,0,0,0,0,0,0,0,0,0,0,0,0,0,-0.0416513574027794,0,0,0,0,0,0.150464593443822,0,0,0,-0.217397276481534,0,-0.113994606645474,0,0,0,0,-0.00656417994480024,0,0,0,0.00339562079404284,0,0,0,0.0825933421405478,0,-0.19764569880965,0.0175150488560832,0.00913217225955281,0,-0.0999434830351793,-0.11114581159456,0,0,0,-0.000495275632175891,0,0,0,0,0,0,0,0,0,0,0,0.126710260774186,0,0.0359031494908787,0,0,0,0.0327859399963154,0,0,0,0,0,0,0.0353114044188433,-0.0585094383441495,0.00236209041175092,-0.0676050561405353,-0.0713721073781784,0,0.0512300457515209,0,0.00447639444582823,0.0972717624183563,0
0,0,0,0,0,-0.0709899528048508,-0.171197042100209,0,0,1.50182910034785,0,0,0,0,0.0674177658490593,0,0.100073309992026,-0.111013567665379,-0.190517443643731,-0.368678782901486,0,0,0,0,0,0,0,0,0,0.0124724288879328,0,0,0.20754416002487,0,0.0833147771941897,0,0,0,0,0,0,-0.13305092522614,0,0.0734308495107222,0,0,0,0,-0.0710025980613304,0,0,0,0.0403306313775411,0,0,0,0.0359396371455492,0,0,0,0,0,0.0213799973979876,-0.0634385112314975,0.0229889602628937,-0.0852407450777739,0,0,0,-0.013484020424998,0,0,-0.144116073226502,-0.0817718272430096,0,0,0,0.203075693401899,-0.155453361265374,0,-0.04845374906514,0,0.129033941339833,0,0,0,0,-0.038697693476959,0,0.0469354095432701,0,0,0,0,0,-0.0196598397265539,0,0,0,0
0.0579785340050815,0,-0.158413916378366,0.023272708784858,0,0,-0.237841682965607,0,0,0,1.37830087493357,0,0,0,-0.0229314049373509,0,0,0,0.0664211853335123,-0.00409652464122292,0,0,0,0,0,0,-0.0850044230243939,-0.078322232868132,-0.0113541534183089,0,0,0,0.0370042900628178,-0.0291004656677606,0,0,-0.261962034998888,0.00380593549919481,-0.0457467942269855,0.186989092879304,0,0,0,0,0.0634470729715004,0,0,0,0,0,0,0.0413603761039246,0,0,-0.120138554785581,-0.0160401978116401,0.00709342935683344,0,0,0.0899717196778066,0,0,0.0954071011380634,0,0,0,-0.0258088082790398,0,0,0,0,0,0,0,0,0.108962462448783,0,0,0,0,-0.147745621767182,0,0,0,-0.0206530199207532,0.115928567012348,0,0,0,0,-0.270158813360061,-0.0962836459529849,-0.0627851203998007,0,0.0524930817487292,0,0,0,0,0
0,-0.00253658006105761,-0.03447039198986,0,0,0,-0.0555666542131864,-0.113610936465432,0,0,0,1.51797289396899,0,0.0915202777555916,0.0431509619459787,0,-0.115748520923353,0,0,0,0,-0.138746886855641,0,-0.189220903136563,-0.0237143146949606,-0.0735476978732506,0,-0.0892098774165049,-0.145457974656977,0,-0.106887725438271,0,0.00360017224183535,0,0,0,0,0,0,-0.192631198051972,0,-0.00307531733181981,0,0,0,-0.181516887665926,0,0.234355437953949,-0.12573489643233,0,-0.0649093735503377,0,0,0,0,0,0,0,0,-0.172629117065614,-0.0205282723213906,0.0586701722034884,-0.126188075148721,0.0130774272805171,0,0,0,0,-0.0258724398427305,0,0,0,0,0,0,0,0,-0.0226305751953641,0,0,0.112551618359599,-0.126822942909386,-0.0886868569536118,0,0,0,0,0,0.0229318588559684,0,0,0,-0.0509108105475654,0,0,0,-0.13756125180521,0,-0.132474227344949,0
0,0,0,0,0,0.00547425024525218,0.0169852032642516,-0.0640917470743489,0,0,0,0,1.17329659093573,-0.0445604271120904,0,0,0,0,0,0,0,0,0,0,0,-0.118238195593113,0,-0.105844714177409,-0.0157262045457259,0,0,0,0,0,-0.0400672790663188,-0.147896965308325,-0.0523954164440514,0,0,0.0167664852426724,0,0,0,0.0203931769455939,-0.0300949188017035,-0.0811117785187233,0.0815722080881758,0,-0.059351732864875,-0.0622899012424431,0,0,0.0478693474221743,-0.0952682622706676,-0.13169174976685,0,0,0,-0.00843441675391848,0,-0.0288642397650972,0,0,0,0,-0.019478269153751,0,0,0,0,0,0,0,0,0,-0.0404119253046703,-0.0417212148130563,0.0547895228242158,0,-0.0623121145287909,0,0.0722833536873107,0,0,0,0,0,0,0.0450748881503649,0,-0.0719943651903722,0.0449520862729935,0,0,0,0,0,0,0,0
0,0,-0.0750548499535302,-0.00667636410917186,0,0,0,-0.0855966972227903,0,0,0,0.0915202777555916,-0.0445604271120904,1.22823939844271,0,0,0,-0.0416819483686564,0,0.0309310075966327,0,0,0,0,0,-0.0107415432276794,-0.0829766973349067,0,-0.0892183634393956,0,0,0,0,0.00908705711417013,-0.0833393678756695,0,-0.0468624115413329,0,0,0,0,0,0,0,0,0,0,-0.144124284918596,0,-0.160475788708397,0,0,0,0,0.003880361266049,0,-0.0565148644901799,0,0,0,0,0,-0.0210368723572205,0,0.00436722954959926,0,-0.0524893740715225,0,0,0,0,0,0,0,0,0,0,0.0678724196380228,-0.00306849013889546,0,-0.079760964769976,0,0,0,0.0495083796782997,0,0,0,0,-0.081407505522324,0,0,0,-0.0665438889601808,0,-0.0380923635822945,-0.0034899463982884,-0.18553251008496,-0.116146292582171,-0.130629369721755
-0.0351249357522909,-0.0169280424962875,0,0,0,0,0,-0.0390015911184865,0,0.0674177658490593,-0.0229314049373509,0.0431509619459787,0,0,1.36391929297753,0,0,0,0,-0.0325762840621298,0.208711995474109,0,0,0,0,0.00575351115780728,0,0,0.0302102871040754,0,0,0,0,-0.0797332300245871,0,0,0,0,0,0,0.0921820715709974,-0.0571307518429397,0,0.066621237263958,-0.0654150960264138,-0.00424703117442401,0,0,0,0,0,0,0,-0.0657315602099018,0,-0.130906936920654,0.0193967734757144,0,-0.115812867484059,0,0,0,0,0.0196786870724449,-0.0698571189027454,0.128767358254455,-0.104501417002146,0,-0.123577793206788,0,0,0,0,0,-0.0931112823320765,0,0,-0.120930315906037,0.00114257899904647,0,-0.038970806668318,0,0.127299785171944,0,0,-0.0791724170978549,0,-0.0580374205190721,0,0,0,0,0.0724672081537972,0,0,-0.180043157556951,0.0181872398234885,-0.00285710310779969,0.332307501206458,0
0,-0.0292232714294855,-0.0449837232793625,0,0,0,0,0,0,0,0,0,0,0,0,1.14142644267552,0,0,0,-0.00555664379599684,0,0,0,0.0490688485618271,0,0,0,0,0,0,0,0,0,0,0,0,-0.0556415546884643,0.0514010393005791,-0.00435098697302519,0.0554059624956016,0.0756041043693345,0,0,0,0.0462458996956932,0,0,0,0,0,0,0,0,0.0249942400904995,0.00480376896722103,0,0,0,0,0,-0.0987379657522815,0.258871420927405,0,0,0,0,0,0,-0.0692195411013094,0,0.020964392182382,0,0,0,0,0,0,0,0,0,0,-0.117917085517523,-0.0924305943486649,0,-0.11636088313683,0,0,0,0,0,0,0,0,0,0,0,0,0,0,0.0261216789885856
0,-0.0182419663779174,-0.062870768317706,0,0,0,0.000191667181351009,0,0,0.100073309992026,0,-0.115748520923353,0,0,0,0,1.21919505620862,0,0,0,0,0.0812274576011047,0,0,0,0,0,0,0.000289394656622436,-0.0884728636013033,0,0,0,-0.0400499334158675,0,0,0,0.0641134731826043,-0.0687032178901669,0,0,-0.0602033813765482,0,-0.0789155865005717,0.008896510040864,-0.0787540683391846,0,0,0,0,0,0,0,0,0,0,0,0,0,0,0,0,0,0,0,0,0,0,0,-0.0990650460686526,-0.09356589584488,0,0,0,0,-0.0215727057237721,-0.0747842914945011,0,0,0,-0.0691974516280904,0.00803880468458024,0,0,-0.157005531779829,0,0.0421859225326708,0.0799013275427069,-0.117527508965071,0,0,0,-0.0105398500128461,0,0.0344177112887842,0,0.0242759669042682,-0.0132189826981846,-0.0188262488867796,-0.185944224755787
0,0,-0.17169978880761,-0.157720413830103,-0.187571452566413,-0.00499475425321878,-0.0409555398677971,0,0,-0.111013567665379,0,0,0,-0.0416819483686564,0,0,0,1.39033775114166,0,0,0,0,0,0,0,0,0.0305623959302235,0,0,0,0,0,0,0,0,0,0,0.0199030237921228,0.217407002153638,-0.276040340178476,0,0,0,0,0,0,-0.000493768077523785,0,0,-0.0461952639235401,0,0,0,0,0,0.016146297942818,0,0,0.0183142932799079,0.0493954188382912,0,0,0,-0.0290637145464126,0.0243438607651991,0,-0.0995889416702171,-0.0638198123850498,0,-0.0143870733595974,0,0.0287804433336755,-0.135502858741226,-0.182162425892921,0,-0.0789416509365101,0,-0.0180429263456973,-0.021611703526502,-0.0209241950181387,0,0,0,0,0.0131849579526492,0,0,-0.117749057502222,0,0,0,0,-0.0374099701436882,0,0,-0.0667594649194508,0,0,0,0
0,-0.00115529248093648,0,0,0,-0.0946556472247996,-0.175994950508369,0,0,-0.190517443643731,0.0664211853335123,0,0,0,0,0,0,0,1.40766839216653,0,0,-0.155352395412264,-0.142950127867691,0,0.117341806869123,-0.0303755563361686,0.0693476079052742,0,0,0,-0.0655397883556601,0,-0.0892436984307311,0,0,0,0,-0.0697473375366616,0,0,0.0988267735983235,0,0,0,0,-0.0891096547644796,0,0,0,0,0,0,0,0,0,0,0,-0.20935603610522,0,0,0,-0.0161838185892838,0,0,0.00475942219766308,0,0,0,-0.104780503417945,0,0,0,0,-0.0103324933041647,0,0,0.0301700949235713,-0.138043185542932,0,0,0,0,0,0,0,-0.0818816009403284,0,0,-0.0479569022508015,0,0.0048638111725111,0,-0.15888194198762,0,-0.0579899888751864,-0.0200116938623401,0,0,0,-0.108068020457269
0,0,-0.0550504945268078,0,0,0,0,0,0,-0.368678782901486,-0.00409652464122292,0,0,0.0309310075966327,-0.0325762840621298,-0.00555664379599684,0,0,0,1.6048804384211,0,-0.0992893762199538,0,0,0,0,-0.0746283237614558,0,0,0,-0.006256882426203,-0.102014794703236,0,-0.12090324614561,0,0.0336135814687269,0,0,-0.100057973402038,0,0,0,0,0,0,0,-0.0575821202940604,0.193003349709305,-0.121762977273278,0,0,-0.216877015232181,0,0,0,0,0.034455520245563,0,0,0,0,0,0.0265415936980716,0,0,0,0.111614857638333,0,0,-0.0722277856074396,-0.0573313891601684,-0.134663552401586,0,-0.322117286549332,0,0,0.00261591193991641,0,-0.0893156610912335,0,0,0.0314474306183652,0,0,-0.0514681004334867,0,0,0,-0.0676165839825587,-0.0161025718267541,0,0.173406114625347,0,0,-0.140457607672774,-0.00500932481529791,0,0,0,0
0,0,0,-0.0650657274282819,0,0.0448361743922304,0,0,0,0,0,0,0,0,0.208711995474109,0,0,0,0,0,1.59458112523188,-0.00495609898760716,0,0,0,0,-0.0806741189447244,-0.308651658512626,0,0.0255479240152429,-0.209358456752627,0,0,0,0,0,-0.0674157445368224,0,0,0,0,0.116020474882642,0,0,0,0,-0.0316330559525207,-0.0671868316092305,-0.0298776269096058,0,0,-0.169972331219396,0,0,0,0,0,0,0,0.0258007295091567,0,0,0,0,0,-0.030776583267142,-0.0597518513524662,0,0,0.030071199408103,0,0,0,0.0758649492458238,0,-0.0710022049158973,0,0,0,0,-0.0308576582759656,0,-0.171245588969345,0,0,-0.200257928585972,0,0.0676400762404616,0,0,-0.191653569451365,0,-0.157860917788733,-0.0116704544184716,0,0,0,0,0,-0.254101232814116
0,0,-0.0508137914448508,0.00194947133700166,0,0,0,0,0,0,0,-0.138746886855641,0,0,0,0,0.0812274576011047,0,-0.155352395412264,-0.0992893762199538,-0.00495609898760716,1.24111314402196,-0.0488434645564248,0,0,0,0,0.0055098962003065,0,0,0,0.0328155362977457,-0.106100353148159,0,-0.0029124828352225,0,0,0,0,-0.0587954217449261,0,0,0,0.100261176775516,0,0,-0.188745549063735,0.0146638299837491,0,0.0277886550200708,0,-0.00746537660816147,0,0,0.000259699268408469,0.117320742547253,0.0195664591522655,0,0,0,0,0,0,0,0,-0.0618811325289888,0,-0.0288724358547037,-0.0150338823465773,0,0,0,-0.113174005106818,0.0164227696926531,0,0.0795063319012246,0,0,0,0,-0.0336458828268601,0,0,0,0,-0.0636040976888531,0.0717842757656864,0,-0.0332240632788661,0,0,0,-0.00291241291349455,-0.0162073691310507,0,0.0716475791407029,0.0262591232680603,0.0560836339960322,0,0
-0.162213326767649,-0.0918345924881105,0,0,0,-0.139164583982555,0,-0.265309335927521,0,0,0,0,0,0,0,0,0,0,-0.142950127867691,0,0,-0.0488434645564248,1.34888261066789,-0.157524669991709,0.0726376794027543,0,0,0.0169506736986922,0,0,0,-0.0101024020321617,0,0,0,0,0.0993281563022114,0,0,0,0,0,-0.0944293014812992,0,0,0,-0.0222071224102116,0.0853342638285872,-0.104762292418052,0,0,0.0504096059378976,0,-0.0242442501477426,-0.113489436722042,0.0318780343971568,-0.0474027653565586,0,0,0,0,0,-0.0791153898947659,0.0714976168300137,0,0,0,0,-0.113855986126498,0,-0.0173052407976853,0,0,0.14129492727651,0,0,0,0,0,0,0,0,0,0,0,0,0,0,0,0,0,0,0,0,0,0,0,0,0,0
0,0,0,0.0365763401898673,0,-0.104045505537156,0,-0.00720988399299729,0,0,0,-0.189220903136563,0,0,0,0.0490688485618271,0,0,0,0,0,0,-0.157524669991709,1.22631078110363,-0.0414072616504365,0,0,0,0,0,0,-0.132742744111335,0,0,0,0,0.124337427581211,-0.011396741554947,0,0,0,0,0.116697537710231,0,0,-0.0299345172157188,0,0.0125526217681677,0,0,-0.132295019025925,0.0610844778748651,0,0,-0.00901114800725718,0.0156272084683567,0,-0.0258085704417536,-0.0408667845855188,0.0175707547999453,0.00351946134136094,0,0.00712918322623807,0,0.098708021550241,-0.0535950512520882,0,0,0,0,-0.0394361183833783,-0.0235279694924119,0,0.0217306657525728,0,0,0,0,-0.107428776542239,0,0,0,0,-0.0299662775752477,0.0425034366131317,0,-0.0525871299074952,0,0,0,0,0,0,0,0,0,-0.0212356919161876,0,0,0
0,0,0,0,0,0.0881859564192081,0,-0.0799684680866912,0,0,0,-0.0237143146949606,0,0,0,0,0,0,0.117341806869123,0,0,0,0.0726376794027543,-0.0414072616504365,1.23951734505759,0,-0.0392297464176623,-0.232423990615122,0,0,0,0,-0.067632859321583,-0.30659003441618,-0.026403508216533,0,0,0,0,0,0,0,0,0,0,-0.0514488756710225,0,-0.0352988002063465,0,0,0,-0.0806004757296344,0,0,0,0,-0.0372442730285978,0,0,0,0,0,0,0,0,0,0,0,0,-0.0495723817255009,0,0,0,0,0,0,-0.0342347308123756,0,0,0,-0.00640244519547646,0,0,0,0,0,-0.102798874229844,0,0,0,0,0.0712680496049391,0,0,0,0,0,-0.0297111428322994,0,0
0.0353026565158324,0,0,-0.168857308670565,0,0,-0.00143022047575897,0,0,0,0,-0.0735476978732506,-0.118238195593113,-0.0107415432276794,0.00575351115780728,0,0,0,-0.0303755563361686,0,0,0,0,0,0,1.45923813652183,0,0,0,-0.000108503311141022,-0.0357020516471342,0,0,0,-0.209451137376153,0,-0.0509222077954481,0,-0.245826400607053,-0.0189232842243131,0,-0.168286591734731,-0.0101025921278016,0,0,-0.240843925639289,-0.0279706131591206,-0.0910405720597032,0,0,0,-0.00824401882431505,0,0,0,0,0,-0.0565426057458217,0,0.00493150320625253,-0.011241449556064,0,-0.165711317927669,-0.0587226215560299,0,-0.0504120076564562,-0.0574921245685735,0,-0.0260623309656914,0,0.0389150609377361,0,0,0,0,0,0,0,0,0.105690215587423,0,0,0,0.0307631619877289,0.0772401328386125,-0.00553194809339865,0,0,-0.044139859009639,0,0,0,-0.225632192312853,0,0,-0.0367488286442134,-0.0169772574604029,0,0,0
0,-0.077491600308184,-7.75021849056142e-05,0,0,0,0,-0.084514086723261,0,0,-0.0850044230243939,0,0,-0.0829766973349067,0,0,0,0.0305623959302235,0.0693476079052742,-0.0746283237614558,-0.0806741189447244,0,0,0,-0.0392297464176623,0,1.16837229063148,-0.047328651288224,-0.0133108377409295,0,0,0,0,0,0,0.0458729940058514,-0.0797594894934014,0,0,0.0662783413176801,0,0,0,0,0,0,0,0,-0.0439590290143393,0,-0.104840160127035,0,0,0,0,0,0,0,0,0,0,0,0,0.01546148759735,0,0,0,0,0,0,0,-0.0688711273430912,0,0.00800828612102783,0,-0.106941895428875,0,0,0,0,0,0,-0.142500160985716,0,-0.0765731647606766,0,0,0,0,0,0,0,0,0,0,0,0,0,-0.006720645341465,0
-0.0158811402918552,-0.0686100911615375,0,0,0,0.0845531383593958,0,-0.0567138154532026,0,0,-0.078322232868132,-0.0892098774165049,-0.105844714177409,0,0,0,0,0,0,0,-0.308651658512626,0.0055098962003065,0.0169506736986922,0,-0.232423990615122,0,-0.047328651288224,1.51026733352404,0,-0.079294144887033,-0.179755341340677,0,0,0,0.251863606034165,0,0,0,0,0,0,0,0,0,-0.0378663955061058,0.0518627216800375,0,0,-0.0834646985784716,0,0,0,0,0,0,-0.145080462036696,0,0.111607255465636,0,0,0,0,0,0,-0.0418014901650126,0,-0.00964671608107491,0,0,0,0,-0.0261313810003123,0,0.111837509941977,-0.0221875126832111,0,0,0,0,-0.0332834776277988,-0.0786744984494785,0.00242718629570175,0,0,0,-0.11389914783449,-0.203519106802165,0,0.114984753627074,0,-0.0687298678117849,0,-0.00763418942692899,0,0,0,0,0,-0.0256636784077997,0
0,0,0,0,0,0,0,0,-0.0416513574027794,0,-0.0113541534183089,-0.145457974656977,-0.0157262045457259,-0.0892183634393956,0.0302102871040754,0,0.000289394656622436,0,0,0,0,0,0,0,0,0,-0.0133108377409295,0,1.26103065251935,0,0,0.0143701950224979,0,0,0,0,0,0,0,0,0,0,-0.162259655418012,0,0,0,0,0,0,0,0,0,0,0,-0.0509516957348942,0,0,0.0367146074882399,-0.100398703584302,0,-0.118276736801953,0,0,0,0,-0.102639061048643,0,0.0174478870592092,0,0,0.0451456350922882,0,0.0721666496937454,0,-0.0968880585798394,0,0,0,0,0,0,0,-0.0220909874905204,0,0,0.0977331718038107,0.136149361342212,-0.0204914337280027,0,0,0,0,-0.00580069535646866,-0.150018928492762,0,0.105306869833216,-0.0820290810350755,0,-0.15207841288085,0
0,0,0,0,0.0586612033012847,0,0,-0.0841325250269323,0,0.0124724288879328,0,0,0,0,0,0,-0.0884728636013033,0,0,0,0.0255479240152429,0,0,0,0,-0.000108503311141022,0,-0.079294144887033,0,1.44227616675714,0,0,-0.0571971224405083,0,-0.206606258824068,0,0,-0.122974720336366,0,0,-0.0553220892018015,0,0,-0.0376623749223794,-0.152056795206685,-0.0028721280264565,0,-0.0785670969914329,-0.0331425984389811,0,0,0,0,0,0,0,0,0,0,-0.128827770290288,-0.149352043048512,0,0,0,-0.0343532140602706,0.0118616108233356,0,0,0,0,0,-0.174098022443855,0,0,-0.000447514813502566,0,0,-0.11341980032199,0.00970316913837962,0,0,0,0,0,-0.201832006090659,0.0469023936626076,0,0,0,0,0,0,0,0.143797719760057,0.1428546285133,-0.127639108146352,0,0.205869143608324,-0.0341692698209015,0.0627354558523256
-0.0815462830631297,0,0,-0.0108680440810482,0,0,0,0,0,0,0,-0.106887725438271,0,0,0,0,0,0,-0.0655397883556601,-0.006256882426203,-0.209358456752627,0,0,0,0,-0.0357020516471342,0,-0.179755341340677,0,0,1.39297912415305,0,0,0,0,-0.0287991664032159,-0.107915075877337,0,0,-0.032011897509224,0,0,-0.0635871894084137,0,0.0593875804186638,0.032263503539713,0,0,-0.0964190179111012,0,0,0,0,-0.0107487204517929,0,-0.0467008385478619,0,0,0,0.0779260433793109,0.0766522458870061,0,0,0.0347436047782023,0,0,0,0,-0.223935400026479,0,0,-0.0236919422651123,0,0,-0.233912699229833,-0.0144737356655401,0,0,0,0,0,0,-0.0511369974626575,-0.150009049788429,0,0,0,0,-0.054322427820326,-0.0925861107537589,0,0,0,0,0,0,0,0.00875839689686711,0,0
0,0,-0.134882002153276,-0.0313172973382005,-0.013560797003589,0,0,0,0,0,0,0,0,0,0,0,0,0,0,-0.102014794703236,0,0.0328155362977457,-0.0101024020321617,-0.132742744111335,0,0,0,0,0.0143701950224979,0,0,1.40701294637964,0,0,0,0,0,-0.0961500059692152,0,0.0424703054563055,0,0.0232663001320477,0.111529329993332,-0.0685162883334281,0,0,0,0.113175800893516,0.0903343618642886,-0.0352301168844747,0,0,0,0,-0.103627094646542,0,0,-0.0115737147341101,0,0,0,-0.186225941960567,0,0.0275269840861412,0,-0.0946198892159978,0,0,0,0,-0.101007066795927,0,-0.0124825102359938,0,0,-0.154141439533857,0,0.0497772036210302,-0.016545436212624,-0.25724189323458,-0.0695786476747721,0.00900817096245292,0,0,0,0,0,-0.00830174352476559,0,-0.257925408157592,0,-0.0627467884582292,-0.0454530350289196,0,0,-0.0429838379477832,-0.0304072564252028,0,0,0
0.0116956432559562,0,0,0,0,0.0683804456806152,-0.11287632328624,0,0,0.20754416002487,0.0370042900628178,0.00360017224183535,0,0,0,0,0,0,-0.0892436984307311,0,0,-0.106100353148159,0,0,-0.067632859321583,0,0,0,0,-0.0571971224405083,0,0,1.13739287883474,0,-0.0893917009721975,0,0,0,0.0800167201683218,0,0,0,0.121557662566524,0,-0.0243282829535601,-0.0885683039977067,0.113025799403545,0,0.00589234353800306,0,0,-0.0166720780481009,0,0,0,0,0,0,0,0,-0.0499238627255724,0,0,0.038709215857211,0,0,0,0,0,0,0,0,-0.0527210878017462,0,0,0,0,-0.0220064195496188,0,0,0,0,0.0688852120426214,0.00421170108861671,0,-0.0177676337302537,0.0133975722107989,0,0,0,-0.0428821708199009,0,0,0,0,-0.0665911500335718,0,0.000610680134133458,0,0
0,0,0,0,0,0,-0.0464222540670052,0.0908171404294251,0,0,-0.0291004656677606,0,0,0.00908705711417013,-0.0797332300245871,0,-0.0400499334158675,0,0,-0.12090324614561,0,0,0,0,-0.30659003441618,0,0,0,0,0,0,0,0,1.36011997017294,0,0,0,0.174675720790194,0,0,0,0,-0.126749485634888,0,-0.0353123750762558,0,-0.0955286458535596,0,-0.0144900403023907,0,0.0447756929117826,0,0.001270221147875,0,-0.0471030207189729,0,0,0,0,0,0,0,0,0.123540076592564,0,0,0,0,0,0,0,0,0,0,0,-0.0470819407011367,0,-0.0689551598118328,0,-0.0978469639614029,0,0.0610989920017742,0,0,-0.177708785603661,-0.161170107555988,0,0.0400821028195437,0,0.113393011543889,-0.0274911468460932,0.175206033380191,0,0,0,0,0.0540304842928378,0,0,0
0.0846475253124721,0,-0.0575009455390485,0.114488695093785,0,-0.0580741552727496,0,0,0.150464593443822,0.0833147771941897,0,0,-0.0400672790663188,-0.0833393678756695,0,0,0,0,0,0,0,-0.0029124828352225,0,0,-0.026403508216533,-0.209451137376153,0,0.251863606034165,0,-0.206606258824068,0,0,-0.0893917009721975,0,1.29568176358173,0.115343914927407,0,0,-0.0827977959183595,0,-0.000802504628946778,0,0.0276409502671621,0,0,0,0,-0.0602671327659926,0,0,0,0,0,0,-0.00930950040065306,-0.00670456764333687,0,0,0,-0.0546452393647142,0,0,0,0,0,0,0,-0.100419910622043,0,-0.0146538345635984,0.0564382602527465,0,0,0,-0.060890281788704,0,-0.0631256687041215,-0.0133404663260935,0,0,0.0306020828614374,-0.101466989579249,0,0,-0.00474076550519933,0,0,0,0,0,0,0,0.0346677443534225,0,0,-0.0798777732363234,0.0617453530443929,0,-0.0158110560141116,0
-0.0139733602694282,0,0,-0.0854242371739866,0.0955834369165518,0.0673524053882232,-0.0404977364693789,0.0632281707300141,0,0,0,0,-0.147896965308325,0,0,0,0,0,0,0.0336135814687269,0,0,0,0,0,0,0.0458729940058514,0,0,0,-0.0287991664032159,0,0,0,0.115343914927407,1.14496528846513,-0.169823389783211,0,0,0,0,0,0,0,0,0,0,0.040564560500898,0,0,-0.112943203606625,0,0,0,0.0380272329499051,0,0,0,0,0,0,0,0,-0.0354849675657362,0,0.0303750780345863,-0.0550929544656585,0,0.0994427742111511,0,0.0582240755983408,0,0.0255404814315567,0,0,0,0,0,0,0,0,0,0,0,0.0420922271576556,-0.0789200829234848,0,0,0,0,0,0.0456136195611113,0,0,0,0,-0.033790742946951,0,0,0
0,0,-0.010868105673691,0,0,0,0,0.0873734167369466,0,0,-0.261962034998888,0,-0.0523954164440514,-0.0468624115413329,0,-0.0556415546884643,0,0,0,0,-0.0674157445368224,0,0.0993281563022114,0.124337427581211,0,-0.0509222077954481,-0.0797594894934014,0,0,0,-0.107915075877337,0,0,0,0,-0.169823389783211,1.32822427035105,0,-0.1183411275992,0,0,0,-0.150357611244853,0,0.0102392105146869,0,-0.0518218842130999,0,0,0,0,0,0,0,0,0,0,-0.00121011165588919,0,0,-0.0514728270107062,0,0.0809884533868754,0,0,0,0.0299227152855924,0,0,-0.110627179186789,0.0762382451143707,0,0,0,0,0,-0.0670784661821787,0.019858653962288,0,0,0,0,0,0,0,0,0,0.135642018263241,0,0,0,0,-0.0926642949134011,-0.00670742589834895,0,0,-0.107692844403496,0,0,0
0,0,0,0.0479429966692228,0,0.0683364976975239,0,0,0,0,0.00380593549919481,0,0,0,0,0.0514010393005791,0.0641134731826043,0.0199030237921228,-0.0697473375366616,0,0,0,0,-0.011396741554947,0,0,0,0,0,-0.122974720336366,0,-0.0961500059692152,0,0.174675720790194,0,0,0,1.19526115559855,0,0,0,0.096165625697407,0,0,-0.013413383443729,0,0,0,0.0827124435330531,0,0,-0.0825154343436766,0,0,-0.00971979678974992,0,0.0248376409989895,0,0,-0.175728802801659,0,-0.152298592750238,0,-0.165527748772046,-0.0178875321659795,0,0,0,0,0,-0.0461601669024358,0,0,0,0,0.024658458986558,0,0,0,0,0,0,0,-0.0322496987877526,-0.00384564332021275,0,0,-0.00722512930927551,0,0,0.0164028535113877,0,0,0.0291444142667232,0,0,0,0,-0.0554897259688198,0.0918279881009912
0.0101719628769246,-0.161843787439627,0,0,0,0,0,0,-0.217397276481534,0,-0.0457467942269855,0,0,0,0,-0.00435098697302519,-0.0687032178901669,0.217407002153638,0,-0.100057973402038,0,0,0,0,0,-0.245826400607053,0,0,0,0,0,0,0.0800167201683218,0,-0.0827977959183595,0,-0.1183411275992,0,1.66518692869098,0,-0.162099249321362,0,0,0,0,0,0,-0.031797688682611,-0.272361030883222,0,0,0,-0.0908682220972643,0,-0.00266702948311655,0,0,0,-0.103638524512186,-0.106384145258066,-0.0839857238874594,0,0,0,-0.166863936227824,-0.132120746047717,0,0,0,0,0,-0.0141428017084092,0.0443903224645439,-0.119831274794323,0,-0.0914053607587288,0,-0.0438072568355216,0,0.0402037758576782,0,0,0,0,0,0,0,0,-0.0543738659837549,0,-0.242019281119031,0,0,0,0,-0.172307716728747,0,0,0.0542595470896959,0
0,0,0,0,0,0,-0.0739154371328419,0,0,0,0.186989092879304,-0.192631198051972,0.0167664852426724,0,0,0.0554059624956016,0,-0.276040340178476,0,0,0,-0.0587954217449261,0,0,0,-0.0189232842243131,0.0662783413176801,0,0,0,-0.032011897509224,0.0424703054563055,0,0,0,0,0,0,0,1.43695446553484,0,-0.0657086460240778,0,0,-0.0157006461693364,-0.00488420649820581,-0.20430864616113,0,0,-0.0775334147085237,0.0128499691326371,0,0.0405314995687071,0,0,0,0,0,0,0,0,0,0,0.216598062230946,0.0015224375838714,0.0882954118867626,0,0,-0.0161743172972144,0,-0.0575868696898238,0,0,0,0,0,0.0226878804160181,0,-0.0821300621654037,-0.0406116646001846,-0.114903529251896,0,0,0,0,0,0,0,0,0.0904272791237084,0,0.0212918770874046,0,0,0,-0.220529306963488,0.0346222704374342,0,0,-0.0293231472536086
0.0479282894016525,0,-0.254731304652301,0,-0.110575888954346,0,0,0,-0.113994606645474,0,0,0,0,0,0.0921820715709974,0.0756041043693345,0,0,0.0988267735983235,0,0,0,0,0,0,0,0,0,0,-0.0553220892018015,0,0,0,0,-0.000802504628946778,0,0,0,-0.162099249321362,0,1.26230773679907,0.0536036248958104,0,-0.142963133002574,0,0,0,0,0,0,-0.0323452770576978,0,-0.0607137404064407,0.0220832750656966,0,-0.00777652277112062,0,0,0,-0.0112623806937207,-0.0137082644397722,0,0,-0.0922498102924103,0,0,0.174501480047547,0,0,0,0,0,0,0,0,0,-0.050180984228377,0,0,0.0262946419406815,0,0,0,-0.0403829288262689,0,0.0173438619369287,0,0,0,0,0,0,0,0,-0.0403430575590449,0,0,-0.10151569759475,0,0
-0.0191926963813973,0,-0.0109218889715215,0,0,0,0,0,0,-0.13305092522614,0,-0.00307531733181981,0,0,-0.0571307518429397,0,-0.0602033813765482,0,0,0,0.116020474882642,0,0,0,0,-0.168286591734731,0,0,0,0,0,0.0232663001320477,0,0,0,0,0,0.096165625697407,0,-0.0657086460240778,0.0536036248958104,1.16517651091722,0,0,0,0,0,0,0,0,-0.140736405014519,0,0,-0.0384028113229218,0,0,-0.0275324119042032,-0.0175233537423814,0,0,0.0253971072561676,0,0,0,0,0,0,0,-0.0175586865537758,0,-0.0542496325319512,0,-0.0915909025826399,0,0,0,-0.0236427537221036,0.0467887970929243,0,0,0,0,0.0105366669969802,0,0,0,0,0,0,0.0794559203458716,0,0,0,0.0941563839066844,0,-0.00626814853339373,0,0,0,-3.17009271798338e-05
-0.0860207985413775,0.0258201703185059,-0.0270409879459989,-0.00424073870955689,0,0,0.00719916105302131,0,0,0,0,0,0,0,0,0,0,0,0,0,0,0,-0.0944293014812992,0.116697537710231,0,-0.0101025921278016,0,0,-0.162259655418012,0,-0.0635871894084137,0.111529329993332,0.121557662566524,-0.126749485634888,0.0276409502671621,0,-0.150357611244853,0,0,0,0,0,1.18465121681543,-0.0480583782948501,0,0,0,0,0,0,0.0661264897865331,0,0,-0.0412184388104796,-0.0034845534469983,-0.0286418784225559,0,0.000602234383607129,0.0518900260518432,0,0,0.0161915548394785,-0.125519943738285,0,0,0,0.120074076546028,0,0,0.00234531773320614,0,0,0,0,0,0,0,-0.041898505303603,0,0,0,0.0461007152204758,0,0,0.122766212776775,0,0,0,0,0,0,0,0,-0.0606166893714195,0,0,0,-0.041439083823259,-0.00776516119706814,0
-0.000564863846860763,-0.0968568736897726,0,0,-0.0337163133391992,0.0216688927161543,0.114579050540351,0,0,0.0734308495107222,0,0,0.0203931769455939,0,0.066621237263958,0,-0.0789155865005717,0,0,0,0,0.100261176775516,0,0,0,0,0,0,0,-0.0376623749223794,0,-0.0685162883334281,0,0,0,0,0,0,0,0,-0.142963133002574,0,-0.0480583782948501,1.18253043031178,0,0,0,0,0,0.0078021682811771,0,0,0,0,0,-0.0397014498469429,-0.0404538171826029,0,0.0381793548973794,-0.00534278422085035,0,0,0,0,0,0,0.0506983423234901,0,0,0,0,0,0.106385906041162,0,0,-0.0277809543928623,0.0258323168033522,0,0,0,0,0,0,-0.0442393602943999,-0.0297504660060797,0.0406454617008178,-0.0557942301253919,0,0,0,0,0,0,0,0,-0.0736570863184693,0,-0.00698342039456183,0,0.1963581669592
-0.0933766849574355,0,0,0,0,0,0,0,0,0,0.0634470729715004,0,-0.0300949188017035,0,-0.0654150960264138,0.0462458996956932,0.008896510040864,0,0,0,0,0,0,0,0,0,0,-0.0378663955061058,0,-0.152056795206685,0.0593875804186638,0,-0.0243282829535601,-0.0353123750762558,0,0,0.0102392105146869,-0.013413383443729,0,-0.0157006461693364,0,0,0,0,1.25133517805518,0,0,0,-0.0693880276955331,0,0,-0.0911298377338668,0,0,-0.0503589644112416,0,0,0.100837935750606,-0.233301971947697,0,0.0673360465628903,-0.0666214861966883,0,0,-0.0404838199059613,0,-0.0101553599166256,0,0,0,0,-0.0253240817072239,0,0,0.0375416509000473,0,0,-0.138860019872357,0,-0.128072403693905,0,0,0,0,0,0,0,0,0.000484508268776361,0,0,0,0,0,0,-0.14900366935075,0,0,0,0
0,0,0,0.0019344581463075,0.048649674484172,0.153232320500224,0,-0.0633225978885729,-0.00656417994480024,0,0,-0.181516887665926,-0.0811117785187233,0,-0.00424703117442401,0,-0.0787540683391846,0,-0.0891096547644796,0,0,0,0,-0.0299345172157188,-0.0514488756710225,-0.240843925639289,0,0.0518627216800375,0,-0.0028721280264565,0.032263503539713,0,-0.0885683039977067,0,0,0,0,0,0,-0.00488420649820581,0,0,0,0,0,1.35468674771438,0,-0.0401853889715473,0,0,0,-0.0656199538399438,0.0499392238434742,0,0,0,0,-0.0303044184159376,-0.183843850812739,0,-0.0917347198722323,0,0,0,0,-0.0915657770416139,0,0,0,-0.041319679471456,0,-0.00487661943227164,0,-0.0864135735909753,-0.0961950456940041,0,-0.0148396282832555,0,0,0.0923484958208428,0,0,0.0199461507245251,0,0,0,0,-0.0515076819251483,0,0,0.0474732646811435,0,0,0,0.0297960156466027,0,-0.0586482586954738,-0.00398838867209481,0,0
-0.0657107836794441,0,0,-0.097915409289652,-0.0194422273201334,-0.032075694450277,0,0,0,0,0,0,0.0815722080881758,0,0,0,0,-0.000493768077523785,0,-0.0575821202940604,-0.0316330559525207,-0.188745549063735,-0.0222071224102116,0,0,-0.0279706131591206,0,0,0,0,0,0,0.113025799403545,-0.0955286458535596,0,0,-0.0518218842130999,0,0,-0.20430864616113,0,0,0,0,0,0,1.43759958467942,-0.0910794461590831,0,-0.101530198301569,0,0,0,0,0,0,0.0725591897799126,-0.152402064099349,0,0,0,0,0,0,0,0.0417935963251455,0,0,-0.0548777788534032,-0.197925174389201,-0.0844562809566152,0,-0.0404714490678335,0,0.105221008703154,0,0.0505078867633152,0,-0.0499644236600956,0,0,0,0,0,0,-0.132252797731396,0,0,-0.194330083812744,0.0958773379181411,0,0,0,0.0218401743879229,0.105759034377719,0,0,0,-0.0606359802094944,0
0,0,0.00445190366754319,0,-0.025120866558427,0.0119909702049315,0.094434139339335,0,0,0,0,0.234355437953949,0,-0.144124284918596,0,0,0,0,0,0.193003349709305,-0.0671868316092305,0.0146638299837491,0.0853342638285872,0.0125526217681677,-0.0352988002063465,-0.0910405720597032,0,0,0,-0.0785670969914329,0,0.113175800893516,0,0,-0.0602671327659926,0.040564560500898,0,0,-0.031797688682611,0,0,0,0,0,0,-0.0401853889715473,-0.0910794461590831,1.27576845160616,0,-0.0696143302791711,0,0,0.0494023006345941,-0.0581325195180798,0,-0.0752393349082131,0,0,-0.128412648310868,0,0,-0.0257839047505837,0,0,0,-0.0475188682097455,0,0,0.116464708705519,0,0.021299231045245,0,0,0,-0.0358712309690253,0,0,0,0,0.0229805544870631,0,0,0.011323266235051,0,-0.20249197479383,0,0,0,0,0,0,0,-0.0598039475189755,0.0118112525246051,0,0,0,0,-0.0923219064178831,0
0,-0.0165092209815557,0,0,0.0231775410098473,-0.0232156446230617,0,0,0,-0.0710025980613304,0,-0.12573489643233,-0.059351732864875,0,0,0,0,0,0,-0.121762977273278,-0.0298776269096058,0,-0.104762292418052,0,0,0,-0.0439590290143393,-0.0834646985784716,0,-0.0331425984389811,-0.0964190179111012,0.0903343618642886,0.00589234353800306,-0.0144900403023907,0,0,0,0.0827124435330531,-0.272361030883222,0,0,0,0,0,-0.0693880276955331,0,0,0,1.34835316394031,0,-0.146829709866843,0,0,0.0247881438756204,-0.056409192952423,0,0,0,0,0,-0.08175130876967,0,0,0,-0.00208886760524973,-0.0134244374857852,-0.0123691558632721,0,0,0,0,0,0,-0.00941402053437225,-0.0696978258952861,0,0,-0.136842997952917,0,0,0,0,0,0,-0.00869214451610666,0,0,0.0138292788109895,0,0,0,0.064608867916117,0,0,-0.0249680780121002,0,0.0250537745855307,0,0,0
0,0,0,0,0,0,0.135635874590622,0,0.00339562079404284,0,0,0,-0.0622899012424431,-0.160475788708397,0,0,0,-0.0461952639235401,0,0,0,0.0277886550200708,0,0,0,0,0,0,0,0,0,-0.0352301168844747,0,0,0,0,0,0,0,-0.0775334147085237,0,0,0,0.0078021682811771,0,0,-0.101530198301569,-0.0696143302791711,0,1.23298840076646,0.00254153570711105,0,0,0,-0.0500529716540124,0,0,0,0,0,0,0,-0.0592837908865531,0,0,0,-0.0486682365352822,0,0,-0.000695723151416356,0,0,0,-0.0213958686770743,-0.0260950466521318,-0.13057263294274,0,-0.0237225668051622,0,0,0,0,0,0,0,-0.00584691563309218,-0.058384512846147,-0.12940851451801,-0.187882629065466,0,0,0.130971544470362,0.0937114008346205,0,0,-0.00409859717574687,0,0,-0.0546780878110246,0
0.00993628389078123,-0.03980696324978,0,0,0,0,0,0,0,0,0,-0.0649093735503377,0,0,0,0,0,0,0,0,0,0,0,-0.132295019025925,0,0,-0.104840160127035,0,0,0,0,0,0,0.0447756929117826,0,-0.112943203606625,0,0,0,0.0128499691326371,-0.0323452770576978,-0.140736405014519,0.0661264897865331,0,0,0,0,0,-0.146829709866843,0.00254153570711105,1.40919976427095,-0.299125588193887,0,0,0.113699847372809,-0.067008303821092,0,0,-0.0585025385225232,-0.0171196998286009,0,0.0328323975828339,0,0,0,-0.104024024012382,0,0,0,0,0,0,0,0,-0.0223488722608712,0,0,0.0672460769777485,-0.0037257786864199,0,0,0,0,0,0,0,0,0,0,0,0.176231285528608,0,-0.26123486947676,0,-0.0218062183428668,0,0,-0.16771742447926,0.00524686116508564,0
0,0.0588946159293552,0,0,0,0,-0.072072063567596,0.00340519001555786,0,0,0.0413603761039246,0,0,0,0,0,0,0,0,-0.216877015232181,-0.169972331219396,-0.00746537660816147,0.0504096059378976,0.0610844778748651,-0.0806004757296344,-0.00824401882431505,0,0,0,0,0,0,-0.0166720780481009,0,0,0,0,-0.0825154343436766,0,0,0,0,0,0,-0.0911298377338668,-0.0656199538399438,0,0,0,0,-0.299125588193887,1.4442241830204,0,0,0,-0.052316739640057,0,0.0269516731452515,-0.000481557335610016,0,0,0,0,0,0,-0.0454335647567047,0.0287682319329272,-0.00230168180804279,0,0,-0.0144756876018789,0,-0.215060377694027,0,-0.111884033608339,0,0,0,0,0,-0.00850859306037442,0,-0.0863480390987604,0,0,0,0,0,-0.00646726261712783,-0.0294981459685555,0.0545495372083065,0.0773244128732328,-0.204458404392761,0,-0.0489048407434125,-0.0143301131395295,0,-0.0354476317640109,0,0
