"X1","X2","X3","X4","X5","X6","X7","X8","X9","X10","X11","X12","X13","X14","X15","X16","X17","X18","X19","X20","X21","X22","X23","X24","X25","X26","X27","X28","X29","X30","X31","X32","X33","X34","X35","X36","X37","X38","X39","X40","X41","X42","X43","X44","X45","X46","X47","X48","X49","X50","X51","X52","X53","X54","X55","X56","X57","X58","X59","X60","X61","X62","X63","X64","X65","X66","X67","X68","X69","X70","X71","X72","X73","X74","X75","X76","X77","X78","X79","X80","X81","X82","X83","X84","X85","X86","X87","X88","X89","X90","X91","X92","X93","X94","X95","X96","X97","X98","X99","X100"
1.23587292443859,0,0,0,0,-0.00683617671782757,0,0.0602409128139568,0,-0.000265017172031335,0,0,-0.000536962935078226,0,-0.0485705339626597,0,0,0,-0.0125983509366416,0,0,-0.115634768992402,0.00284656914382177,0,-0.0410980205628351,0,0.0402566731588883,0,-0.155936578907083,0,0,-0.117541026223286,0,0,0,0,0,0,-0.038582963318873,0,0.0066412177169692,0,0,0,0,0,0,-0.0618110607391889,0,0,0,0,-0.0852370907330955,-0.0770549870653044,0,0,0,0,0,0,0,0,0,0,0,0,0,0,0,0,0,0,0,0.071509753734207,0,0,0,0,0,-0.232533727070073,0,0,0,-0.146692873481469,0,0,-0.0322107962468944,0,-0.082992572953832,0,-0.0166254090360365,0.14049421446155,0,0,0,0,0,0,-0.161023356492054,0
0,1.21229668640705,0.0244468257759727,0,0,0,0,0,0,0,0,0.0408541288489301,-0.139206987371022,-0.11994963665772,0,0,0,0,-0.064655485056537,0,0,0,0,0.1135662415383,0,-0.00866968104028617,0,0,0.022732525286201,0.122268637199508,0,0,0.0681361998116874,-0.0400051756897442,0,0,0,0,-0.01545543175117,0.0272399584409519,0,0.0604890093394633,-0.0871252692511096,0,-0.175290922162616,0.0759443146885618,-0.0306973467292431,0,0,0,0.0721367836306617,0,0,-0.0886885851411444,0,0,0,0,0.0604057331070548,0,0,0.0379418581489091,0,0,0,0.0654560984751611,0,0,0,0.0372217046933147,0,0,0,-0.0942959347603769,0,0,0,0,0.061076772568041,0,0.104594580518787,0,-0.0465217669718792,0,-0.0226843915061475,-0.00882363208234154,0,0,0,0,0,0.082673917612381,0,0,0,0,0,0.100682228896447,0,0
0,0.0244468257759727,1.63447640756582,0,0.0213401464443332,0,0,0,0,0,0,0,0,0,0,-0.0173482979025769,-0.0754413826094024,-0.0047957127636744,0,-0.00985069096871772,0.0535203958666668,0,0,0,0,0.0587906825295347,0,-0.27057771780225,0,0,-0.165479479930698,-0.187294343906392,-0.126808501791118,0,-0.125430776573505,0,0,0,-0.233402494304676,0,0,0,0,0,0,-0.076018694470725,-0.130613145593817,0.0695204367906815,-0.241691993988069,-0.128715421175852,0.0598748263712993,0,0,0,0,-0.107952105386817,0.0413499416989466,0,-0.0281608196324208,0,0,0,0,0.0354343199944643,0,0,-0.0558009320020048,0,-0.294473490216668,0,0.0021146113431497,0,0,0.0146364269979144,-0.0488719663655039,0,0,-0.10690828343613,0,0,0,0,0,0,-0.0735591991293639,0,0,0,0,0,-0.0992812749020693,-0.0639689176152553,0,-0.0165208998747144,0,-0.0826842412424025,-0.0912815742635048,0,0,0
0,0,0,1.22414157711702,-0.104059689861901,0,0,0,0,-0.0475096175425459,0,0,0,0.0166029363949125,0.0304338914276856,0,0,0,-0.0731086309211282,0.00354243773029969,0,0,-0.0791490518788587,0,0,0,0,0,0,0,0,0,-0.162225792295151,0,0,0.150439953615413,0,0,-0.0294718915910632,0,0,0,0,0,-0.0661428517764028,0,-0.0536733908712743,0,-0.0822962727429902,0,-0.0786046448809538,0,0,0.0621175751121785,0,0,0,0,0.0860560547073532,0,0,0,-0.0975627378127458,0.102215143877856,0,0.0128102415811871,0,0,-0.00235562452623809,0,0,0,0.0808759922830668,0,0.131792852856958,0,0,0.0166444294927025,0.0602562170765791,0,0,0.106562379309616,-0.0326435146239177,-0.0825111560522094,-0.0792335285615054,0,-0.000801744543620602,0,0,0,-0.175704008756578,0.00803074896887447,0,0,-0.085536384740839,0,0.00919288887040032,0,0,0
0,0,0.0213401464443332,-0.104059689861901,1.25363659645285,0,0,0,0,-0.0442156617270936,0,0,0,0,0,0,-0.0129683800999153,-0.152667845890486,0,0,-0.158489398725819,-0.00809813721208731,0,0,-0.0242211492724192,0,-0.0751850901051464,0,0,0,0.038462439510906,0,0,0,0,-0.0305315033033747,0,0,0,0,0,0.0089791109579012,0,0,-0.177126125972051,0.0607375708256218,0,0,-0.0317793275616938,0,0,0,0,0,0,-0.0520492329703279,-0.0431429624788075,0,0,-0.150990996837323,0,-0.0706038119603719,0,0,0,0,0,0,0,0,-0.0437786797741264,0,-0.107735804499431,0.0122045900048282,-0.00437826707664072,0,0,0,0,-0.040882552821361,-0.105742302442758,0,0,-0.132046803963087,-0.0743554477880952,0.00773520806336563,-0.0341915035337178,-0.0316149039135653,-0.0564568283351153,0,0,0.0542782334128848,-0.0784477546554745,0,0,-0.0785866787113668,0,0,0,0
-0.00683617671782757,0,0,0,0,1.32336786531738,0,0,0,0,0.0142184307853095,0,0,0,0.100575801453469,0,0,0,0,-0.107123415626027,-0.151958706787283,0,0,0,-0.00312615536955061,0,0,0.00885125060053226,-0.119020329577367,0,0,0,0,0,-0.131684153695179,0,0,0,0,-0.0540368319768142,0,0,0,0,0,-0.00171108315171958,0,0,0,0,-0.0123256850488786,-0.167260397897211,0,-0.146087826991105,0,0.0669403091419905,0,0,-0.0878743708350572,0,0,0.0208062090076241,0,-0.0139283275916477,0,0,-0.0670753029968637,0,-0.0254428713349175,0,0.0595899491361906,0,0,0,0,-0.146290670381467,0,-0.209147997195694,-0.0759986093399558,-0.00164430330748324,0,0,0,0,0,-0.00149738094121855,0,0.167046419245345,0,0,0,-0.0180147742901643,0.0151195241356984,-0.0262029765600883,0.128174152706661,-0.164472815107648,0,0.107123355975328,0,0
0,0,0,0,0,0,1.33622493203955,0,0,0.0181137558850736,0,0,-0.0704298752298419,-0.127627081416869,0,-0.0730457834381087,0,0,0.0653608596775306,0,0,-0.0235330977043876,0,0,0,0,0,0,0,0,0,0,0,0,0,0,0,-0.00665934439259493,0.00223776925358273,-0.0181770216256343,0,0,-0.214335042545852,0,0,-0.00419490480190485,0,0,0.0527579801199495,0.0578325881610992,0,0,0,-0.175238529967388,0.000809141123532936,0,-0.0687835463890737,0.145902268231859,0.0788687563204929,-0.0635761975963728,0,0,-0.0325118391476488,-0.0735104511605981,0,-0.11240223086477,0,0,0.126416391821938,0,0,0,0,0,0,-0.228714542944798,0,0,0,0,0,0,0,0.203808681716307,0,0.061908075521997,-0.00555558601612836,0,0,0,0,0,0,0,0,0,0.119349547984644,0,0.0224877948282052,0
0.0602409128139568,0,0,0,0,0,0,1.28202866305408,0.0676004779458956,0,0,0,-0.039954473843801,0,0,0,-0.0974501705067104,0,0,0,0,0,-0.150725876024779,0.0669337545311845,0,-0.0725632582299185,0,0,0,0,0,0,0,0,-0.144912663213154,0,0,0,0,0,0,0.000922920632605087,0,0.0385703177287078,-0.201746328082865,0,0,0,0,0,0,0,0.0226240911264602,0,-0.0847872405131519,-0.025155100356596,0,-0.0932016011805408,0,0,0,0,0,0,0,0,0,0,0.132198632675986,0,-0.0125822294102589,0,0.021867801953824,0,-0.0587136316852289,0.0553499418757761,0,0,0,0.144028121848654,0,-0.145154773901359,0,0,-0.197086051433212,0,0,0,0,-0.0589094787356546,0.00298358027206307,0,0,0,-0.150504844994427,-0.0070699856592288,0,0,0,-0.105679956427605
0,0,0,0,0,0,0,0.0676004779458956,1.15945864726813,-0.0806824324709388,-0.0229769483087117,0,0,0,0,0,0,0,0,-0.0391598103555305,0,-0.0460774652096115,0,0,0,0,0,0,0,0.0739230861007658,0.0263916889594244,0,0,0.072241578270356,0,0,0,0,0,0.00774989002957223,0,-0.00903619803604724,0,0.109897721293295,0,0,0,0,0,-0.048069818880208,0,-0.0450872880836615,-0.0332408921382312,0,0.0838922429843613,0,0,0,0,0,-0.0325482967840362,-0.0633339234955015,0,0,0,0,0,0,0,0,0,-0.0143444444784734,0,0,0,-0.0790183479301935,-0.158534068345598,-0.228977605947827,-0.0138494751918634,0,0,0,0,0.088617425566242,0,0,0,0,0,0,0,0.135425995900676,0,0,0,0,0,-0.0184828505085125,0,0
-0.000265017172031335,0,0,-0.0475096175425459,-0.0442156617270936,0,0.0181137558850736,0,-0.0806824324709388,1.27906318288192,0,0,0,-0.071719643263129,0.133452554958887,0.153830612293986,0,0.0155173227777964,0,-0.022302344373774,0,0.131438469207509,-0.0185094728047226,0,0,0.130129370466481,0,0,0,0.247270856762697,0,-0.132892511727481,0,0.0480972430240502,0,-0.0444358546288271,0,0.0767833321353388,0,0,-0.0132302355583559,0,0,-0.0199418896159564,0,0,0,0,0,0,0,0,0,0,0,-0.0143112930518124,0.000234498062815985,0,-0.0275748843833091,0,0,0,0,0.0207989193373722,0,0,0,0,0,0,0,-0.00170423093755104,0,0.05943552637033,0,0,0,0,-0.0222442304769425,0,-0.0962222489993946,0,0.115339335932008,-0.0381500774026747,0,0,-0.0085735600008823,-0.0247291660230129,0,0,0,0.0423344190967984,0.0538580799028371,-0.224516048313518,0,-0.115241230400726,-0.077081587070009,0,0,0
0,0,0,0,0,0.0142184307853095,0,0,-0.0229769483087117,0,1.28345789732412,0,0,0,0,0,0,-0.15097399987112,0,0.0357314861352148,0,0,0,0.0319167944422243,0,-0.109592843115912,0,0,0.0750586685854801,0,0,0,-0.0618449196654924,0,0,0,-0.0112651501800956,0.142920000222065,0.010208915234379,0.187764499105343,0,-0.0330252333475891,0,0,0.244125791624959,0,0,0.171194682389249,0,0,0.164602024292482,0,0,0,0,-0.129078664764454,0,0,0,0,0,-0.02878423647301,-0.0168168506345837,0,0,0,0.00961949734459475,0.0219994465032532,0.000256417274460752,-0.0254206493205159,0.0632580312836035,-0.0631737907749178,0,0,0,0.00754606062321432,0,-0.166810699953933,0.0400821408074252,-0.025142091435478,0,0,0.06100511667476,-0.059722656037763,0,0,0.0645017347537552,-0.0108241107262446,-0.0251610429835343,0,0,0,0.00638255096176493,0,0,0,0,0,0,0
0,0.0408541288489301,0,0,0,0,0,0,0,0,0,1.14910095752446,-0.0619548925567672,-0.0875114967604345,-0.0381735224099983,0.230413009901162,0,0.0107173424115772,0.0648591498497095,0,0,-0.0240814264766696,0,0,0,0,0,-0.14508024565688,0,0,0,0,0,0,0,0,0,0.0649020410770421,0,0,0,0,0,0,0,0,0.0868851851908329,0,0,0.0441471957540994,0,0,0,0,0,0,0,-0.0628449044169292,0,0,-0.0566679498590764,0,0,0,0.030007987075252,0,0,0,0.0139427499141417,-0.0081809959684348,-0.0947115861175873,0,0,0,0,0,0,0,0,0,0,0,-0.0626812480333767,0,-0.022532723775153,-0.00630951520764919,-0.141552378836567,0,0,0,0,0.0625758572314676,0,0.0484744990844041,0,0,0,0,0,-0.0284589312814865
-0.000536962935078226,-0.139206987371022,0,0,0,0,-0.0704298752298419,-0.039954473843801,0,0,0,-0.0619548925567672,1.2290288679882,0,0,0,0.0269419259687088,0,0.060040116966054,0,0,0,-0.134436116175348,0.179062772199814,0,-0.0602580236399968,0,-0.177702726473042,0,0,-0.0660933532486422,0,-0.0236396902111418,-0.0104758807503038,0,0,-0.0246328413147352,0,0,0,0,0.0639380393305916,-0.00727440450028078,0.0667282173783202,-0.00358361061951996,0,0,0.012344272860978,-0.052376486494439,0,0,0,0,0,0,0,-0.136226802947454,0,0.0309708007415065,0,0,0,-0.035878228371168,-0.0655715650259291,0,0,0,0,0,0,0,-0.0433172323703656,-0.120215295070544,-0.0239797128446148,0,0,0,0,0,0.000675117376754235,0,0,-0.00141697496207399,0,-0.0447061514295089,-0.0853983111425863,0,0,-0.0308613801815288,0,0,0,0,0,-0.013542957948387,0,0,0,0,0
0,-0.11994963665772,0,0.0166029363949125,0,0,-0.127627081416869,0,0,-0.071719643263129,0,-0.0875114967604345,0,1.26877641304412,-0.00711610845064632,0.0799042284184535,0.123225935139021,0.00294972902266346,0,0,0,0,0.00392093615140533,0,0,0,0,-0.0311280132854516,-0.123707102962201,0,0,0,0,-0.0381949551086845,0.0587563881343627,0,-0.0211229718890461,-0.0286891373887039,-0.0885739518582269,0,0,0.0221080289348941,0,0,0,0.055328932879158,-0.252536921978899,0.0213548700873851,0.107235919228614,0,0.140454232228665,0,0.105201531089772,0,0,0,0,0,-0.0352602283173425,-0.180457767455757,0,0,0,0,0,0.00868474548168593,0,-0.228309422711451,0,0.0235669266486411,0,0,0,0.062360915807405,0,0,0,0.00128181862442047,0,0,0,0,0,0,0,0,0.0125511769790463,0,0,0,0,0,0.00569740752359118,0,0,0,0,0,0.0120689417230745,0
-0.0485705339626597,0,0,0.0304338914276856,0,0.100575801453469,0,0,0,0.133452554958887,0,-0.0381735224099983,0,-0.00711610845064632,1.35386845782595,0,0.16403655663167,0,0,0,-0.107620064633828,0,0,0,0,-0.000383622972059891,0,0,-0.0173704891395348,-0.127657565613878,0,0.00102027237773165,0,0,0.114027340949581,0.0458712240267264,0,-0.0377633708073108,-0.114272016087955,0,0,0,0,0,0,0,-0.0507567029739266,0,0,0,0,0,0,0,0,0,0,-0.0540870232334348,0,0,-0.104428601113158,-0.0488884253645172,0,0,0,0,0.177466867481615,0,0,0,0,-0.00515106016856889,0,-0.0520011889691865,-0.219103577964329,-0.0788043607086572,0,-0.0708944118262068,0,0,0,-0.12363858235692,0,0,0,-0.0943853331227663,0,-0.0134807712055496,-0.0320145973865746,-0.181842687803471,0,-0.0412897480588431,0.0127397117776356,0,0,-0.150687165747765,-0.117837286893359,0,-0.0173321145152759,0
0,0,-0.0173482979025769,0,0,0,-0.0730457834381087,0,0,0.153830612293986,0,0.230413009901162,0,0.0799042284184535,0,1.40181895317887,0,-0.0200234408536917,0,0,0,0,0,0,0,-0.0121481099173749,0,0,0,0,0,0,0.00260727208685407,0,0,0,0,0,0.0039995287757589,0,-0.158222420379829,-0.00610877483313086,-0.274175513787446,0,-0.0209332120555381,0,-0.0126293567094099,0,0,0,0,0,0,-0.0713406683736314,0,0,0,0.0462102489394251,0.109684864418783,-0.198323793031187,-0.0538675852206575,0,0,0,0,-0.0774932916074505,-0.0075919313458702,0,0,0,0,0.106483616200511,-0.0537014137231337,0,-0.0353004294044018,-0.0981687376186267,-0.104373236653928,0,0.00943938877004807,-0.0182755897312185,0,-0.00629172725625623,0,0,0,0,0,0,0,0.090422358593054,0,0,0,-0.117948377201801,0,0,0.216609912050664,-0.0373656232319797,-0.0768973855417651,0
0,0,-0.0754413826094024,0,-0.0129683800999153,0,0,-0.0974501705067104,0,0,0,0,0.0269419259687088,0.123225935139021,0.16403655663167,0,1.40263886362079,0,0,0,0,0,0.0600118444991439,0,0,0.0120819120557356,-0.0759506788411762,0,0.00238321456021857,0,-0.0708639786002574,-0.0207724786134771,0,0,-0.0324819635492348,0,0,0,0,-0.189319579965085,0,0,0,0,0,-0.0216532788471205,0,-0.0328794463673399,0,-0.169840154506804,0.107845886787494,0,0,0,0.0976651175506985,-0.261242439857153,0.130197765711568,0,-0.108490794121261,0.0655009542603479,-0.138014706479553,-0.0307946767154146,0,0,0,0,0,0,0,-0.116633021661386,0,0,0,0,0,0.0175138257986018,0.0757849055587932,0,0,0,-0.127068576512475,0,0,0.0352156993624882,0,0,0,0,0.0244123023724974,0,0,0,0,0,-0.190534011028644,-0.118913851142622,0.0230862472023772,0,-0.02939787294169,0
0,0,-0.0047957127636744,0,-0.152667845890486,0,0,0,0,0.0155173227777964,-0.15097399987112,0.0107173424115772,0,0.00294972902266346,0,-0.0200234408536917,0,1.32457324373449,0,0,0,-0.0959508086476786,0,0,0,0,0,0,0,-0.0311655227197592,0.00158201744621076,0,0,0,0,-0.126350537506157,0,-0.0391623693419796,0,0,0,0,0,0,-0.00790646921040745,0,0,0,-0.125022401496479,0,0,-0.00795916654905251,0,0,-0.160721781743401,-0.00380794884767278,0,-0.109560268010652,0,-0.114620839673751,0.0353975702772424,-0.0211234581110931,-0.192524572775841,-0.180765166151151,0,0,-0.0539997527679388,0.0116222618898885,0,0,0,-0.0549419287150159,0,0,0,-0.0337859304884443,0,-0.0511152931339953,0,-0.143008040905618,0,0,0,0,0,0,-0.0590720985389206,0,0,0,0,0,0,0.0185321279530553,0,0.249389313614998,0,0,0,0
-0.0125983509366416,-0.064655485056537,0,-0.0731086309211282,0,0,0.0653608596775306,0,0,0,0,0.0648591498497095,0.060040116966054,0,0,0,0,0,1.29603427570478,0,0,-0.0759010167439382,0,0,-0.0733297509772391,0,0.0299881682110862,0,0,0.0705479834706093,0.0454677060571801,-0.142886380380851,0,0.100279940412599,0,0,0,0.0516057117541724,0,0,0,0,-0.217883615754351,0,-0.0765297039113771,0,0,-0.00444699738472109,0,0,0,0,-0.0428692299547698,0,0,-0.0373944346483588,0,0,0,0,0,0,0,0.0873803701507026,0.247483961532795,0,0,0.0634513889003416,0,0,0,0.00691773516962076,-0.119654247577144,0,0.0704480590062775,0,0,0,0,-0.0270125722937033,0.000923497349984128,-0.0822484958173134,0.0242937723379849,0,0,0,0,0,0,-0.199801539537279,0,0,-0.0309336218320526,0,-0.0300803530784984,0,0,0,0,0
0,0,-0.00985069096871772,0.00354243773029969,0,-0.107123415626027,0,0,-0.0391598103555305,-0.022302344373774,0.0357314861352148,0,0,0,0,0,0,0,0,1.20098044802929,0,-0.145324326850646,0,0,0,0,0,0,0,0,0.0936744992701457,-0.0455132172351765,0,0,-0.127113939343629,-0.0450879106629457,0,0,0,0,0,0,-0.239636772928712,0,0,0.0818811098826584,0,0,0,0.00724531171699133,0,0,0,0,0,0,0.00565431383658633,0,-0.0238777112092125,0.110751317829458,0,0,0,0,0.0336021064702758,0,-0.0809226590785215,0.00550183807716062,-0.0365108559831812,0.109514185004849,0,0,0,0,0,0,0,0,0,0,0,-0.00323254500327443,0,0,0,0.00340231261326311,0,0,0,-0.0849579244245853,0.0337651162647263,0,-0.0199403797960347,0,-0.0827538173909387,0,0,0.0243407534437878,0,0
0,0,0.0535203958666668,0,-0.158489398725819,-0.151958706787283,0,0,0,0,0,0,0,0,-0.107620064633828,0,0,0,0,0,1.24962010897869,0,0,0,-0.00763083683293085,0,0,0.0363249358963313,0,0,0,0,0,0,0,0,0,0,0,-0.0431898957974565,0,0,0,0,0,0,0,-0.019551750340996,0,-0.138784539731534,0.00198295027831997,0,0.0520695318035459,0,0,0,-0.0862211501168924,0,0,-0.0241548009783248,0,0,-0.0176473951948463,-0.104029747730989,-0.191492392330767,0,0,0,0,0,0,0,0,0,-0.00369182749098895,-0.241742011884236,0.0610698927711214,0.105634804241298,0,-0.0122606018703137,0.0386864657341922,-0.0225888682796334,0.00196099795935412,0,0,0,0,0,-0.00498857981025906,-0.00999302845517177,-0.15265801395372,0,0,0,0,0,0,0,-0.0776083856307592,0
-0.115634768992402,0,0,0,-0.00809813721208731,0,-0.0235330977043876,0,-0.0460774652096115,0.131438469207509,0,-0.0240814264766696,0,0,0,0,0,-0.0959508086476786,-0.0759010167439382,-0.145324326850646,0,1.30078953666351,0,-0.0954065511122044,0,0.0634715447193638,0,0,0,0,0,0,0.062110996849758,0,0,-0.125057864551746,0.00817298057321732,0,-0.0458274042172424,0,0,0,0,0,-0.019539316953208,-0.0617394190384046,-0.000630116286739918,-0.0105503776017733,0,0,0,0,-0.12833267853663,-0.147697161891451,0,0,0,0,0.0209059837757553,0,-0.0909524548244635,0,0,0,0,0,0,0,0,0,0,-0.00875282260926198,0.0401585168523846,0,0.0910496920953925,0,0,-0.0109918371007935,-0.176258613579577,-0.0355884103743809,0,0,0.0417551454857588,0,-0.0457005346806873,0,-0.00604966837178075,0,-0.0895076256333892,-0.0310432112437388,0,-0.0730024417467661,-0.130320785845339,-0.0682737514055585,0,0,0,-0.0207333662491855,0,-0.00976849530157813
0.00284656914382177,0,0,-0.0791490518788587,0,0,0,-0.150725876024779,0,-0.0185094728047226,0,0,-0.134436116175348,0.00392093615140533,0,0,0.0600118444991439,0,0,0,0,0,1.22846653738935,0.0541701385118124,0,0,0,0,0,0.0566734118264217,0,0,-0.0497944510962715,0,0,0,0,0,0,-0.0309019718080771,0,0,0,0.0375583934812457,0,-0.101488109716896,0,0,-0.230371009401013,0,0,-0.0677129833449851,0,0,0,0,0,0.0367601859443691,0,0,0,0,0,0,0,0,-0.175321421548264,0,0,0,0,0.0177018165464397,-0.0663542848807812,0,0,-0.0406667463392327,0,0,0,0,0,0.00664949542179004,0.0892306316778699,0,0,0,0,0.0178368738487358,-0.136053532487936,0,0,0,0,0,-0.032184384860884,0,0,0,0.0705523532802501,0
0,0.1135662415383,0,0,0,0,0,0.0669337545311845,0,0,0.0319167944422243,0,0.179062772199814,0,0,0,0,0,0,0,0,-0.0954065511122044,0.0541701385118124,1.32760940548025,-0.119065849418747,0,-0.0380690653631973,0,-0.0478698405489343,0,0,0.0564191168063131,0.0615444589675436,0,0,0,-0.0120077631748423,0,0,0,0,0,0.0471264820320682,0,0.0331770678302092,0,0,0,0,0,-0.118415778473549,-0.14581450347379,0,-0.037213732927101,-0.0511975522653397,0,0,0,0,0,0,0,0.0562679793983155,0,-0.0927289919976942,0,0,-0.11060208601413,-0.0454443142743391,0,-0.31720873170366,0,0,0.127663304833171,0.0585533207688395,0,0,0,0,0,0,0,0,0,0,0.0325783097297982,0.00927481813638753,0,-0.031991919384906,0.00408455544779972,0.0986281610234863,0,-0.0254727694100536,0.059336554650138,0,0,0,-0.0162172450533384,0,0
-0.0410980205628351,0,0,0,-0.0242211492724192,-0.00312615536955061,0,0,0,0,0,0,0,0,0,0,0,0,-0.0733297509772391,0,-0.00763083683293085,0,0,-0.119065849418747,1.30293809257608,-0.0627808725239781,0.111302289955904,0,0,0,0,0,0.0462257939309208,0,0,0,0,-0.0737646852586457,0,-0.12343961279915,-0.0980851123770087,-0.0660773122932558,0,0,0,-0.0724934047143728,-0.0774899140537663,-0.151808428952864,0,0,-0.167009101908421,0,0,0,-0.0516856659360773,-0.0412489061978841,0,0,-0.056168928864368,0,-0.175058991770714,0,0,0,0,0,0,0,0,0,-0.130379614535531,-0.0403513000105285,-0.0948268874846542,0,0.0151929172399362,0,0,0,0,-0.0534804446462754,0,0,0,0,-0.00531929982531988,0,0,0.00940462908054926,0,0,0,0,0,0,0,0,0,-0.163330931579227,0,0
0,-0.00866968104028617,0.0587906825295347,0,0,0,0,-0.0725632582299185,0,0.130129370466481,-0.109592843115912,0,-0.0602580236399968,0,-0.000383622972059891,-0.0121481099173749,0.0120819120557356,0,0,0,0,0.0634715447193638,0,0,-0.0627808725239781,1.21137753004568,0,0,0,-0.0349871392120363,0.0244174283211792,0,0,0.0227800001413289,0,0,0,-0.0176531170783089,0,0,0,0,-0.0159701207582112,0,0,0,0,0,-0.0186686246373233,0,0,-0.0154749273372854,0,0,-0.109745760656899,-0.066674291907082,-0.112537116101211,0.174486555646845,-0.0941527901573768,0,0.178060126240924,0,-0.0849173746039589,0,0,0,0,0,0.0378100100331866,0,-0.0652190230167876,0,-0.0612323995433556,0,0,-0.124037177694145,0,0,0.12661251846318,0,0.0139570513965402,0.00460547792881959,0,-0.0154892432221657,-0.0728253726693082,0,0,0,0,0,0,0.0845802699746358,0,0,0,0,0,0,0,0
0.0402566731588883,0,0,0,-0.0751850901051464,0,0,0,0,0,0,0,0,0,0,0,-0.0759506788411762,0,0.0299881682110862,0,0,0,0,-0.0380690653631973,0.111302289955904,0,1.1708795120334,0,0,0,-0.00953857976929376,0,0,0.0217320002362687,0,0,0,0.0346019755558205,-0.100390379045411,0.0257287953727528,0,0,0,0,0,0.125973650092046,-0.116293110869071,0,-0.101193368792346,0,-0.0482870262894662,0,0,-0.151055986223164,0,-0.0857033049217983,0,-0.117984821232708,0,0,0,0,0,0,0,0,0,0,0,0,0,0,-0.0107990339687339,0,0,0,0.0111290289279602,-0.153647266778686,0.0798515662753258,0,0,0,0,0,0,0.003567822898374,0,0,0,0,-0.0105969302737619,0.0175615501387377,0,0.00278371567362765,-0.029780826138813,-0.0380333808827447,0,0.092869643103518,0,0
0,0,-0.27057771780225,0,0,0.00885125060053226,0,0,0,0,0,-0.14508024565688,-0.177702726473042,-0.0311280132854516,0,0,0,0,0,0,0.0363249358963313,0,0,0,0,0,0,1.31364675125974,0,0,0,-0.0415769766461645,-0.0671128616925954,0,0,0,0.0352447001862554,0,0.045332588808682,0,0.00127190008175559,0,-0.284162464474622,-0.0157304563395209,0,0,0,0,0,0,0,0,0,0,0,-0.042644357066147,0,0,0,0,0,0.00468876409136868,0,0,0,0,-0.142219676395894,-0.0849645755053687,0,0,0,-0.0733855780918999,0,0,0,0,0,0.129990278690225,0,0,0,0,0,0,0,-0.00130579831733971,0,0,0,0,0,-0.144228112060087,-0.0423617602025266,0,0,0,0,0,0,-0.155088369595364
-0.155936578907083,0.022732525286201,0,0,0,-0.119020329577367,0,0,0,0,0.0750586685854801,0,0,-0.123707102962201,-0.0173704891395348,0,0.00238321456021857,0,0,0,0,0,0,-0.0478698405489343,0,0,0,0,1.16127501185338,0,0,0,0,0,0.0180965950729501,0,0,0,0.0135522943714069,-0.0937433551678668,0.0546967825783608,0,0,0,0,0,-0.0439113672687549,0,-0.0162673279565879,0,-0.0959358960810714,-0.0281930848895269,0,0,0,-0.0527685409444422,0,-0.0218211145440899,0,-0.0281648035199705,0,0.0993220912985803,0,0,-0.0409563650581035,0,0,0,0,0,0.050898931155243,0,0,-0.00268464316237546,-0.146350413916895,-0.0472686519117837,0,-0.0176139820580841,0,0,0,0,-0.109828214308598,0,0,0,0,0.00930963180223916,0,0,0.0244383504574761,0,0,0,-0.0507399674317405,0,0,0,0,-0.0833315483659131
0,0.122268637199508,0,0,0,0,0,0,0.0739230861007658,0.247270856762697,0,0,0,0,-0.127657565613878,0,0,-0.0311655227197592,0.0705479834706093,0,0,0,0.0566734118264217,0,0,-0.0349871392120363,0,0,0,1.3915422667824,0,-0.153970340099785,-0.00631491571159648,0,0,0,0,-0.0334946761696624,-0.239112944852358,0,0,0,0,0,0.128778930718572,0,0,0,0.0182713489571917,0.0899664279051949,-0.0522161689894397,0,-0.0211937907638086,0,0.140484274038533,0,0,0,0.227557181139389,0,0,-0.128247353618564,0,0,0,0,0,0.0304376804035699,0,0,0,-0.118616729587818,0,0,-0.101506177465947,0,-0.122004826914677,0,0,0,-0.0102268392778655,0,0,-0.0309953659107317,-0.029037920312444,0,0,-0.196563293777372,0,0,0,0,-0.00311795015777887,0,0,0,0,0,0,0
0,0,-0.165479479930698,0,0.038462439510906,0,0,0,0.0263916889594244,0,0,0,-0.0660933532486422,0,0,0,-0.0708639786002574,0.00158201744621076,0.0454677060571801,0.0936744992701457,0,0,0,0,0,0.0244174283211792,-0.00953857976929376,0,0,0,1.25092748412611,0,0,0,0.18270435682853,0,0,0,-0.153691574676116,0,0,0,0,0,0,-0.0079767478199083,-0.00685483087468324,0,0,0,0,0,0,0,0.00336051114272191,-0.150910406940741,-0.0258204024538774,0,0,0.0475780855206349,-0.245985522542842,0,0.03230000933533,0,0,0,-0.000897924609642092,0,0,0,0,0,0,-0.0413944020770932,0,0,0.0107886764780762,-0.0642908020038961,0,0,0,0.0358366379601986,-0.108176904153043,0,0,-0.01106469847798,0,0,0.0724356912268025,0,0,0,0,0,-0.0195917077018685,0,0,0,0,0
-0.117541026223286,0,-0.187294343906392,0,0,0,0,0,0,-0.132892511727481,0,0,0,0,0.00102027237773165,0,-0.0207724786134771,0,-0.142886380380851,-0.0455132172351765,0,0,0,0.0564191168063131,0,0,0,-0.0415769766461645,0,-0.153970340099785,0,1.34637732639127,0,0.0775970395424074,0,-0.218808592970982,0,0,-0.00132961568833236,0,0,0,0,0,0.0338357428375496,0,0,0,0,0,0,-0.0308298097256187,0,-0.050852361458159,0,-0.0216108000489358,0,0.0239917231550843,0,0.0809532990591247,0,0,0,0.0376260193961186,0,-0.0857136579473889,0,0,0,0.0189883906181744,0.115759160539837,0,-0.219730992996191,0,0,0.0758805388001071,0,0,0,0,0,0,0,0,0,0,0,-0.0614918459146307,0,0,0,0,0,-0.129427946697162,0,-0.00196294954274204,0,0.0100134354955689,0.0524400729895306,0
0,0.0681361998116874,-0.126808501791118,-0.162225792295151,0,0,0,0,0,0,-0.0618449196654924,0,-0.0236396902111418,0,0,0.00260727208685407,0,0,0,0,0,0.062110996849758,-0.0497944510962715,0.0615444589675436,0.0462257939309208,0,0,-0.0671128616925954,0,-0.00631491571159648,0,0,1.16761716465668,-0.0305052073945332,0.00622323467629545,0,0,0.0785669030711581,0,0,0,0,0,0.104190629990243,0,0,0.0404614871784026,0,0,0,0,0.019128373075187,0,0,0,0,0,-0.00960927232949338,0,0,0,0,-0.0435147751052282,0.00627014713214744,0.0109738628399587,0.0915057415555553,0,0,0,0,0.0826506131904871,0,0,0,0,0,0,0,0,0,0,0,0,0,0,0.0437882365646198,0,0.0528365458272144,0,0,0,0,0,0,0,-0.130075574429023,0,0,0,-0.103951382647662
0,-0.0400051756897442,0,0,0,0,0,0,0.072241578270356,0.0480972430240502,0,0,-0.0104758807503038,-0.0381949551086845,0,0,0,0,0.100279940412599,0,0,0,0,0,0,0.0227800001413289,0.0217320002362687,0,0,0,0,0.0775970395424074,-0.0305052073945332,1.29007614193696,0,0,0,0,0.0863811143768609,0,0,0,0.168167024414341,0.0811693122025306,-0.00172194657178311,0.0841471290481573,0.0633423935897399,0,0.132744836644762,0,0.0765767966877497,0,0.0823347115883354,0.0277978364370316,0,0,-0.196956334468082,-0.0986343924401551,0,-0.0445897082340999,-0.0488887290561395,0,-0.0276785592201003,0,0,0,-0.0687370195363938,0,0,-0.0144505369460382,0.0453292601786575,0,0,0,0.122619875959648,0,0,0,0.0319786713622201,-0.281558851386756,0,-0.128687411963426,0,0,-0.00196296772494432,0,0,0,0,0,0.0517085334150125,-0.035499736089559,0,0,0,0,0,0,-0.0471310965526323,-0.0089631209456343
0,0,-0.125430776573505,0,0,-0.131684153695179,0,-0.144912663213154,0,0,0,0,0,0.0587563881343627,0.114027340949581,0,-0.0324819635492348,0,0,-0.127113939343629,0,0,0,0,0,0,0,0,0.0180965950729501,0,0.18270435682853,0,0.00622323467629545,0,1.53793915483681,-0.0257437117375168,0,0.0479802493353537,0,0,0,0,0,0,0,-0.160172899445433,-0.0112886755654013,0,-0.332658183763609,0,0,0,0,0,0,-0.0315586308924203,0,0,0,0,0,-0.0432186257587486,0,-0.0267390602654024,0,0,0,0,-0.126659978894637,0,0,0,0.115525023674656,0,-0.102266380046048,0.0613692867388772,0,0.0922955553334808,0,0,0,0,0,0.0387017968844257,0,0,-0.0167782137832409,0,-0.0754241772557714,0,-0.0847437128064281,0,-0.100826347215885,-0.0607754510704537,0.305096779474645,0,-0.0147570664336989,0,-0.32124356457448,0
0,0,0,0.150439953615413,-0.0305315033033747,0,0,0,0,-0.0444358546288271,0,0,0,0,0.0458712240267264,0,0,-0.126350537506157,0,-0.0450879106629457,0,-0.125057864551746,0,0,0,0,0,0,0,0,0,-0.218808592970982,0,0,-0.0257437117375168,1.268194486215,0,0,0.0266199769490671,0,0,0,-0.0601447339835468,0,0,-0.00396555785866583,0.0353866412331763,0,0,0,0,0,0,-0.0466987766376278,0,-0.119496747936892,0,0,-0.0292180991832759,0,0.0490500101874957,0,0,0,0,-0.0829311558265881,0,-0.252595089993821,0,0.0622501451827632,0,0,0,0.0784939999290292,-0.0352446439926841,0.0139325484377693,0,-0.00685090376956868,-0.0473971530567699,-0.0843601411491194,-0.0353318448054955,0,0,0,0,0,0,0,0,0,0,0,0,-0.0246713835409075,-0.02053594488605,0,0,0,0,0
0,0,0,0,0,0,0,0,0,0,-0.0112651501800956,0,-0.0246328413147352,-0.0211229718890461,0,0,0,0,0,0,0,0.00817298057321732,0,-0.0120077631748423,0,0,0,0.0352447001862554,0,0,0,0,0,0,0,0,1.15376306241736,0,-0.0292617720349027,0,0.0565363349531862,0,0,0,-0.0117705948648495,-0.0358255940933832,0,-0.0209803161763409,-0.0794293722951503,-0.0831327351236973,0,-0.0900798027548206,0.120341185048133,0,0,-0.0657871285890229,0,0,0,0.158014603549472,0,0,-0.193012738716573,0,0,0.0433504851761923,0,0,0,0,0,0,0,0,0,0,0,0,0.0298732021475736,-0.0911152482599962,0,0,-0.0220267606243807,0.075061441568108,0,0,0,0.104380529827969,0,0,0,0,0,0.021593954110105,0,0,0,0,0,0.100965637262471
0,0,0,0,0,0,-0.00665934439259493,0,0,0.0767833321353388,0.142920000222065,0.0649020410770421,0,-0.0286891373887039,-0.0377633708073108,0,0,-0.0391623693419796,0.0516057117541724,0,0,0,0,0,-0.0737646852586457,-0.0176531170783089,0.0346019755558205,0,0,-0.0334946761696624,0,0,0.0785669030711581,0,0.0479802493353537,0,0,1.30850310837594,0,-0.0737896147211782,0,-0.247923165419601,0,-0.0340946203997773,0.00520322059008225,0,0,-0.0676724338968307,0,0.0427567265469027,0.0103582124785007,-0.1229200946927,0,-0.0232954579321801,0.00843883150871769,0,0,0,0.0213305295850794,-0.0404553350410985,0,0,0,-0.040345265359231,-0.0221782944082845,0,0,-0.0215580537534705,-0.147867437751773,0.026552082477465,-0.035273309142758,0,-0.00297356344567497,0.115022263067026,-0.0437683237313952,0,-0.149302991133414,0,0,0,0.0827819038346929,0.0317438772274099,0,0,0,-0.0929692576110761,0,-0.012030647026796,0.163372738272547,0,0,0,0,0,0,0,0,-0.0423138760342244,0.0569939916654755,0
-0.038582963318873,-0.01545543175117,-0.233402494304676,-0.0294718915910632,0,0,0.00223776925358273,0,0,0,0.010208915234379,0,0,-0.0885739518582269,-0.114272016087955,0.0039995287757589,0,0,0,0,0,-0.0458274042172424,0,0,0,0,-0.100390379045411,0.045332588808682,0.0135522943714069,-0.239112944852358,-0.153691574676116,-0.00132961568833236,0,0.0863811143768609,0,0.0266199769490671,-0.0292617720349027,0,1.35443494737466,0,-0.0756857566610547,0,0,0,0,0,-0.00839623477057841,0,0,0,0,0,0,-0.129297558395473,0,0.0586137674200224,0,0,0,0,0,0,0,0.0459132180398889,0,0.0930003245192416,0,0,0,0,0,0,-0.139394755581616,0.0933058086182386,0.109447576775969,0,0,0,-0.13327275702799,0,0,0,-0.0367507143074612,0,-0.17724827363216,0,0.0727923975205357,0,0,-0.00200917413384734,-0.0375014455078212,0,0,0,0,0,-0.15736061504846,0,0,0
0,0.0272399584409519,0,0,0,-0.0540368319768142,-0.0181770216256343,0,0.00774989002957223,0,0.187764499105343,0,0,0,0,0,-0.189319579965085,0,0,0,-0.0431898957974565,0,-0.0309019718080771,0,-0.12343961279915,0,0.0257287953727528,0,-0.0937433551678668,0,0,0,0,0,0,0,0,-0.0737896147211782,0,1.1757355782008,0.0127838568815293,0.0502758502644853,0,-0.0322632722405446,0,0,0,0.0411242891590894,-0.0844077191157899,0,0,-0.00625895860897204,0,0.176459430676499,0.0233683602140761,-0.0269306805141587,0,0.0854768856862747,-0.0392129632997935,-0.066321386577871,0.0186328595084099,0,0,0,0,-0.00167102648609829,0,0,0,0,0,0,0,0,0,0,0,0.00939953159341043,0,0,0,0,0.0484462072885366,0,0.143992135737763,0,0,0,0,0,0,0,0,0,0,0,0.0226626165003738,0,0,0
0.0066412177169692,0,0,0,0,0,0,0,0,-0.0132302355583559,0,0,0,0,0,-0.158222420379829,0,0,0,0,0,0,0,0,-0.0980851123770087,0,0,0.00127190008175559,0.0546967825783608,0,0,0,0,0,0,0,0.0565363349531862,0,-0.0756857566610547,0.0127838568815293,1.10716235469093,-0.044770467803018,0.0717127582048783,0,0.0232582431265458,0,0,-0.0527515262851104,0,0.0708306912384464,-0.0844823002572536,0,-0.00640158490976589,0,0,0,-0.143214901518487,0.0139550302503077,0,0,0,0,0,0,0,0,-0.0731662681068762,-0.0040099137815271,0,0,0,0,0,0,0,0,0.0208197544971233,0,0.0142520973822528,0,0,0,0,0,0,-0.0298535455737305,0.000368134216414408,0,0,0,0.0158303263590598,-0.0209527702793279,0,-0.0372428793854339,0,0,0,-0.0352778481009522,0,0.0138130988436121
0,0.0604890093394633,0,0,0.0089791109579012,0,0,0.000922920632605087,-0.00903619803604724,0,-0.0330252333475891,0,0.0639380393305916,0.0221080289348941,0,-0.00610877483313086,0,0,0,0,0,0,0,0,-0.0660773122932558,0,0,0,0,0,0,0,0,0,0,0,0,-0.247923165419601,0,0.0502758502644853,-0.044770467803018,1.2187091741544,0,0,0.187660487833488,-0.0322228576412475,0.0845412746656885,-0.0250394028468366,0,0,0,0,0,-0.121426431840761,0,0,0,0,0,-0.0547867138958915,0,0,0.0883092615570993,0,0.0167188731505676,0,0,0,0,0,0,0,-0.124029781633917,0,0,0,-0.03445554139249,0,0,-0.0350602999476717,0,0.0726489230432421,0,0,0,0,0.0235241091567784,0,0,0,-0.0220000228639602,0,0,-0.143274815879467,0.0915702220250113,0,0,0,0,0
0,-0.0871252692511096,0,0,0,0,-0.214335042545852,0,0,0,0,0,-0.00727440450028078,0,0,-0.274175513787446,0,0,-0.217883615754351,-0.239636772928712,0,0,0,0.0471264820320682,0,-0.0159701207582112,0,-0.284162464474622,0,0,0,0,0,0.168167024414341,0,-0.0601447339835468,0,0,0,0,0.0717127582048783,0,1.52763076445648,0,-0.0113679048269733,0,0,-0.000753319701894285,0,0,0,0.0232401502048026,-0.132602459486841,-0.0452620042773387,0,-0.00180994612324984,0,0,0,0,-0.208942412210386,0,0,0,0,0.0351070902837013,0,0,0,0.0492034098254086,-0.102589647463739,0,-0.00909043091498959,0,-0.0453709939219127,-0.100648445794079,0,0,0,-0.049660699854804,0,-0.000234911813828988,-0.12259857818102,0,0,-0.00969502334141405,0,0,0,-0.00575099424804491,0,0,0,0,-0.141063759206198,0.154283045535165,0,-0.00739190228090728,0,-0.0249455070942385
0,0,0,0,0,0,0,0.0385703177287078,0.109897721293295,-0.0199418896159564,0,0,0.0667282173783202,0,0,0,0,0,0,0,0,0,0.0375583934812457,0,0,0,0,-0.0157304563395209,0,0,0,0,0.104190629990243,0.0811693122025306,0,0,0,-0.0340946203997773,0,-0.0322632722405446,0,0,0,1.16676553543007,0.00868790119853462,0.301113977601317,0,0,-0.123897349895624,0.0369930005479585,0.002819307484604,0,0,0,0,0,0,0,-0.084462649327432,0,0,0.0204415879443013,0,0,0,0,0,0,0.00731051969173687,0,0,0,0,0,-0.016629862810105,0,0,0,0,0,-0.0133843708943861,-0.0468002177695411,0,0,0,0,-0.00252367598850663,0,0,0.131733918647677,0,0.0195655675124404,0.0408152842347664,0,0.0078358913368824,0,-0.0804104036927119,-0.056524654959216,0,0
0,-0.175290922162616,0,-0.0661428517764028,-0.177126125972051,0,0,-0.201746328082865,0,0,0.244125791624959,0,-0.00358361061951996,0,0,-0.0209332120555381,0,-0.00790646921040745,-0.0765297039113771,0,0,-0.019539316953208,0,0.0331770678302092,0,0,0,0,0,0.128778930718572,0,0.0338357428375496,0,-0.00172194657178311,0,0,-0.0117705948648495,0.00520322059008225,0,0,0.0232582431265458,0.187660487833488,-0.0113679048269733,0.00868790119853462,1.28709703896827,0,0,0,-0.00145227321625541,-0.0245149069183679,-0.0074967913472409,0,0,0,0,0,0,0,0,-0.0412096815872446,0,0.0362199018737088,0,-0.103891329855885,0,0,0,0,0,0,0,0,0,0,0.0257535523590763,-0.0116588221642989,-0.00490788588206157,0,0,-0.113558602172047,0,0,0,0,0,-0.0273296083113522,0,0.0200884579176042,0,-0.0103680125857455,0,0,0,0,0,0,0,0,-0.106445897279643,0
0,0.0759443146885618,-0.076018694470725,0,0.0607375708256218,-0.00171108315171958,-0.00419490480190485,0,0,0,0,0,0,0.055328932879158,0,0,-0.0216532788471205,0,0,0.0818811098826584,0,-0.0617394190384046,-0.101488109716896,0,-0.0724934047143728,0,0.125973650092046,0,0,0,-0.0079767478199083,0,0,0.0841471290481573,-0.160172899445433,-0.00396555785866583,-0.0358255940933832,0,0,0,0,-0.0322228576412475,0,0.301113977601317,0,1.40074841535311,-0.0252073652113179,0,0.0047497342870709,-0.0252094661946421,0,0,0,0,0.110454247727487,0,0.0701831964485147,0.0025381278755284,0,0,-0.193727036215637,-0.0861962154572507,0,0,0,-0.071264608230536,0,-0.185074656331157,0,0,-0.0477306502984288,0,0,0,-0.0915214631277198,0,0.0771903223839923,-0.0513273084290143,-0.0526175153589209,-0.0608642524039433,0.0167002750669207,0,0,0,-0.0577660773312469,-0.030817528425024,0,0.0415844541071354,-0.100077617401861,-0.0563312438301093,0,-0.0704694323285688,0,0,0,0.0413700187167556,0,0,0,0.177620804923164
0,-0.0306973467292431,-0.130613145593817,-0.0536733908712743,0,0,0,0,0,0,0,0.0868851851908329,0,-0.252536921978899,-0.0507567029739266,-0.0126293567094099,0,0,0,0,0,-0.000630116286739918,0,0,-0.0774899140537663,0,-0.116293110869071,0,-0.0439113672687549,0,-0.00685483087468324,0,0.0404614871784026,0.0633423935897399,-0.0112886755654013,0.0353866412331763,0,0,-0.00839623477057841,0,0,0.0845412746656885,0,0,0,-0.0252073652113179,1.14822119554137,0,0,0,-0.0290673761321138,0,0,0,0.035619643463935,-0.0193920482321583,0,-0.00842393893832133,0,0,0,0,0,0,0,0,0,0,0,-0.0342076098528362,0,-0.0116634134158535,-0.0216275416451958,0,0,-0.0244339407710159,0,0,-0.00592966265558409,0,0,0.146347181780641,0,0.000309209405991074,-0.0291099579356585,0,0,0,0,0.0433959339871951,0,0,0,0,0,0,0,0,0.0251861926257997,0
-0.0618110607391889,0,0.0695204367906815,0,0,0,0,0,0,0,0.171194682389249,0,0.012344272860978,0.0213548700873851,0,0,-0.0328794463673399,0,-0.00444699738472109,0,-0.019551750340996,-0.0105503776017733,0,0,-0.151808428952864,0,0,0,0,0,0,0,0,0,0,0,-0.0209803161763409,-0.0676724338968307,0,0.0411242891590894,-0.0527515262851104,-0.0250394028468366,-0.000753319701894285,0,0,0,0,1.15418610680994,0,0,-0.010332543952671,0,-0.0347623952634914,-0.000239228855933631,0,-0.137170593745197,-0.0505768883400061,0,0,0,0,0,0,0,0,-0.000790821960978167,0,0,0,0,-0.118448762978955,-0.0511977692149151,0,0.049745283439511,0.0202741925138411,-0.0272703070135505,0,0,0,-0.0567260120248254,0,0,0,0.0289248037519909,0.0635550133585366,0,0,0,0,0,0,-0.0465809878586011,0,0,0,0.0926567900162534,0,0,0,0
0,0,-0.241691993988069,-0.0822962727429902,-0.0317793275616938,0,0.0527579801199495,0,0,0,0,0,-0.052376486494439,0.107235919228614,0,0,0,-0.125022401496479,0,0,0,0,-0.230371009401013,0,0,-0.0186686246373233,-0.101193368792346,0,-0.0162673279565879,0.0182713489571917,0,0,0,0.132744836644762,-0.332658183763609,0,-0.0794293722951503,0,0,-0.0844077191157899,0,0,0,-0.123897349895624,-0.00145227321625541,0.0047497342870709,0,0,1.57785298539616,0,0,0,0.043557442278716,0,-0.285120369842271,0,0,0,0,-0.058422063620034,0.0242804305575518,0,0,-0.0731392290723494,0,0,-0.0226892216680846,-0.0980670922186209,0,0,0,0,0,0,0,-0.0213353941657966,0,0,0,0,0,0,0.0636356905272102,-0.0137616420834655,0,0,-0.109366318591525,0,0,0,0,0.126668960475905,0,0.0834742402785233,0.0403503335439737,-0.232822483563681,0,0,-0.141537678254232,0
0,0,-0.128715421175852,0,0,0,0.0578325881610992,0,-0.048069818880208,0,0,0.0441471957540994,0,0,0,0,-0.169840154506804,0,0,0.00724531171699133,-0.138784539731534,0,0,0,0,0,0,0,0,0.0899664279051949,0,0,0,0,0,0,-0.0831327351236973,0.0427567265469027,0,0,0.0708306912384464,0,0,0.0369930005479585,-0.0245149069183679,-0.0252094661946421,0,0,0,1.18730951299416,0,0,0,0,0,0,0,0,0,0,0,0,0,0.0918450092292696,-0.0534869180751378,0,0,0,0,0,0,0,0,0.0453144805507254,0,0.126833395079145,0,0,0,-0.0222292556925064,0,0,-0.119568199651849,0.00741254200433035,0,0,0,0,-0.175900932715676,0.040344584780411,0,0,0,0,-0.0497969663685547,0,0,0,-0.0156016065288961,0
0,0.0721367836306617,0.0598748263712993,-0.0786046448809538,0,-0.0123256850488786,0,0,0,0,0.164602024292482,0,0,0.140454232228665,0,0,0.107845886787494,0,0,0,0.00198295027831997,0,0,-0.118415778473549,-0.167009101908421,0,-0.0482870262894662,0,-0.0959358960810714,-0.0522161689894397,0,0,0,0.0765767966877497,0,0,0,0.0103582124785007,0,0,-0.0844823002572536,0,0,0.002819307484604,-0.0074967913472409,0,-0.0290673761321138,-0.010332543952671,0,0,1.25915071762355,0,-0.0236941784356985,0,0,0,0,0,-0.0656182593653121,0,0,0,0,0,0,0,0,0,0,0,-0.000335213980493461,0,0,-0.267109829476463,0,-0.174820054186976,0,0,0,0,-0.107436849320833,0.0127029581804664,-0.0103280988869252,0,0,0.0230883289305895,0,0,0,-0.0195740971056634,0,0,-0.017603358530057,0.00683585454067931,0.000649227327281555,0.0740593300480173,-0.0258565868702959,0,0,0
