"X1","X2","X3","X4","X5","X6","X7","X8","X9","X10","X11","X12","X13","X14","X15","X16","X17","X18","X19","X20","X21","X22","X23","X24","X25","X26","X27","X28","X29","X30","X31","X32","X33","X34","X35","X36","X37","X38","X39","X40","X41","X42","X43","X44","X45","X46","X47","X48","X49","X50","X51","X52","X53","X54","X55","X56","X57","X58","X59","X60","X61","X62","X63","X64","X65","X66","X67","X68","X69","X70","X71","X72","X73","X74","X75","X76","X77","X78","X79","X80","X81","X82","X83","X84","X85","X86","X87","X88","X89","X90","X91","X92","X93","X94","X95","X96","X97","X98","X99","X100"
1.1352163493469,0,0.182175231847946,0,0,-0.0483907703177675,0.100577120185398,0,0,0,0,0,0.00752070520326551,0.0133408890243253,-0.0241735078083232,0,0,0,0,0,-0.00424235950347826,0.0517383263908874,0,0,0.132000491765862,0,0,0,0,0,0,0,0,-0.0508897331128347,0,0,0,0,0,0,0,0,0,0,-0.0619176239198349,-0.153799288233499,0,0,0,0,0,-0.0427696612707227,0,0,0,0.0616123766669546,0,0,0,0,0,-0.0926599576202546,0,0,0,0,0,0,0.0433257621407149,-0.0162961231785632,0.0593814677265988,-0.0743976405070498,0,0,0.103514027745452,0.0107673191783953,-0.00197164572603834,0,0,0,0,0,0,0,0,-0.0435912164986048,0,-0.0255537314253327,0,0,0,0,0,-0.0434327006462666,0,0,-0.00525096307718162,0,0,0
0,1.1492169294514,0.164471678574868,0,0,0,0.0245649796505247,0,0,0,0,0,-0.0248507219988255,0,0,-0.0377238612488636,0,0.0579503269031821,0,0,0,0,0,0,0,0.0424744422019755,0,0,-0.0779593509748764,0,-0.0448843092906534,0,0,0,0,-0.0318884218321347,0,0,-0.0688867421480769,0,0,-0.0201707898820207,0.043037393276975,0.0768654252811087,-0.0263124340899636,0,0,0,0.0566920406254921,0,0.133423938281454,-0.000626307941808366,0,0,-0.0484980945249025,0,0.126969348393549,0,-0.0710695866489623,0,0.050727379844121,0,-0.13216003313678,0,0,0,0,0,0,0,0,0,0,-0.0246672101888494,0.0170220038904376,0,0,0,0.0129181656876332,0,0,0,0,0,-0.0804581467189835,0,0,0.0198147985316667,-0.0533095420356883,0,0,0,0,0.0151677717829929,0,0.0295424340534497,0,0,0,0
0.182175231847946,0.164471678574868,1.37140221452842,-0.0516567093275165,0,-0.0232185103453537,0.0700624686867846,0,0,0,-0.0221827305374815,0.132981634798698,0,0,-0.0233100109347193,0,0,-0.135028043869603,0,0,0,0,0,0,-0.0965001099669036,0,0,0,0,0,0,-0.162736991244024,-0.0683626144667644,0,-0.0192900295100296,0.0325121647330353,-0.0686769195647414,0,0,-0.028012258395485,0,0,0,-0.0674872891653706,0,-0.0840143320229112,0,0,-0.124289771501814,-0.0801989377158226,0,0,0,0,0,-0.215025712952577,0,0,-0.0274687200296585,0,0,0,0,0,0.110248193389171,0,0,-0.0931995508628511,0,0,0,0,0,0,0,0,0.0849898125981142,0,0,-0.0426459163615993,0,0,-0.0255574052543588,-0.166726248783534,0,0,0.1562015480558,-0.082733051292437,0,0,-0.0959448477016808,0.00671156205295194,0,0,0,0,0,-0.0162527532093461,-0.122471428031469,0
0,0,-0.0516567093275165,1.24358396299985,0,0,0,0.0402239327550353,0.167820099322414,0,0,0,0,0,0,0,0,0,0,0,0,0,0,0,0,0,0,0,0,0,0,0,0,-0.101811258434477,0,0,0,-0.162066959862752,0,0,-0.000394065834057244,-0.022813075863478,0.223859792056671,0.0531581211103628,-0.0635022426827543,0,0,0,0,0,-0.114287135707556,0,0,0,0,0.132051419924274,0,0,0,-0.0344819481082711,-0.0244775792664233,0,0,0,0,-0.0252365371274967,0.050898273505648,0.0592764793976309,-0.0437703916959205,0,0,0.0471480059624295,0,0,0,0,0,0.0843819543751184,0,0,0.0071469205186287,0.00402092508454056,0,0,0.0438609893038256,0,0,0,0,0,0,0,0,0,0,0.0282173917668455,0.0136475345304025,0,-0.209937885679073,0
0,0,0,0,1.21237722453409,0,-0.00363147047167134,0.00953115209249811,0,0,0,0,0,0,-0.142238412132629,0,0,-0.022170460987829,-0.0128827824107686,0,0.0160626343485708,0,0,0,0,0,0,-0.0712876797879818,0.0952634183647883,0,0,-0.132002752092457,0,0,0,0,-0.000187737927403593,0,0,0,0,0,0,0,0.0495079527876546,0,0,0,0,0,-0.161767785124038,-0.00727828618225028,0,0,0,0,0,-0.118187516116467,0,-0.0257701970806358,0,0,-0.0277584348433324,0,0,0,0,0,0,0,-0.114700165000789,0.0842661163703348,-0.21233540190479,-0.0386059749511319,0,0,0,0.00579592641416354,0,0.0364008367391986,-0.0762002325415552,0,0,0.017408241549237,-0.000210911218218303,0,0,-0.102351087924423,0,0,0,0,0,0,0,0,0,0,0,0.0252865573122996
-0.0483907703177675,0,-0.0232185103453537,0,0,1.16163893644405,0,0.0101904646140188,0.0180655764608908,0,-0.00631515242274151,0,0.0468941515288065,0,0,0,0.0164342382430927,-0.00383677161128193,0,0,0,0,-0.0043289531048314,-0.111894003647518,0,0.000662697288019053,-0.0659845747314042,0,0,0,-0.0683465103039997,-0.043078164904166,-0.0861712811041217,0,-0.0153209404048757,0,0,0,0,0.0226905093805176,0,0,0,0,0.00703129640398899,-0.06200911341251,0,0,0,-0.00173286744564476,0,0,-0.0630354790672331,0,0.147650657148967,0,0,-0.0603434800799786,-0.0617190200794379,0.0102959732111715,0,0,0,0,0,-0.00890131271460843,0.0181613264328347,0.0178625732652027,-0.066479064092831,0,-0.0482264092713906,0,0,0,0.0525564099984216,0.149411077956386,0,0,0,0,0,0,-0.0213833981010066,0,0,0,0,-0.0181307433810456,0,0,-0.0191797937926504,0,-0.028903546357226,0,-0.0106514764172158,-0.0337636554666048,0.174586621117395,0.0472582700196746,0,0
0.100577120185398,0.0245649796505247,0.0700624686867846,0,-0.00363147047167134,0,1.13496455018912,-0.00838537285594185,0,0.084692144072422,0.0784413789795486,0,0,0,0,-0.0189894260925345,-0.0986733071894687,0,0,0,0,0,-0.057614754400562,0,0.0365003778495565,-0.0768787485782236,0,0,0.00697488433933745,0,0,-0.0897926598841637,-0.0896803270252943,0,0,-0.0594159475070036,0.0632809877254967,0,-0.0152432250779475,0,0,-0.0183005999305887,-0.0807266952796065,0,0,0,0,0.00539741422720878,-0.000978582613310296,0,-0.019652933882234,-0.070920350485478,0,0,0.0395393806744759,0,-0.0388195917782907,0,0,0,0,0,-0.0321241765095684,0,0,0,0,0,-0.0987086207157399,0,0,0.0186011391589873,-0.0246469953371742,0,-0.111462065502296,0,0.0535135225548027,-0.0178687566184022,-0.0239732476992089,0,0,0,0,0,0,0,0,0,0,0,0,0,0,0,-0.0291211158632508,0,0,0.0137791757755783,0,-0.00883792700126424
0,0,0,0.0402239327550353,0.00953115209249811,0.0101904646140188,-0.00838537285594185,1.2710298571453,-0.0039915248312152,0,0.138222564273311,0,0,0,0,0.07985849478129,0.0189797326209707,0.0353043086938774,0.0285077651766901,0,0.00559365442254102,0,0.144896569972982,0,0,0,0,-0.0640057350436368,0,0,0,0,0,0,-0.133893040149925,0,0.00186739448043053,0,0,0,0.154790837784853,0,0.0321923938970179,0,0.012715870660103,0,0.082420468004825,0,0.0344062425882324,0.0196447105558219,-0.11745267548266,-0.0609295987666164,0.0539344223552896,0.149823845407192,-0.00483119039022085,-0.0293166492478282,0.0149510058555961,-0.0120862499575179,0,0,0,0,0,-0.00964024033921862,0.0109811470653593,0,0,0,0,0.00891176587761472,0,-0.122959447363192,0,0.158294253059859,0,-0.0358596422849809,0,-0.0769354831222113,0,0,0,0,0.00924853450667912,0,0.123262445041533,-0.020083704384507,0.143176320357904,0,-0.0187447665349259,0,0,0,0,-0.0770101976577773,0.0417290291829505,0,-0.0665744980052774,0.0630512309635351,0.115507484691844,0
0,0,0,0.167820099322414,0,0.0180655764608908,0,-0.0039915248312152,1.2486206174229,0,0,0,-0.00447666156725934,0,0,0.00110056740127216,0,0,0,0,0,0.00481150682876937,0,0,-0.00866447503736886,0,0,0,0,0,0.0135909530487097,0,0.204206707301635,0,0,0,0,0,0,0,-0.000301548767833859,0,-0.0394065055197918,-0.035656391653413,0,0,0,-0.079106902477493,0,0,0,-0.0820781312992639,0.0590046852304233,-0.0998725480501094,0,0,0,0,0,0,-0.0947001479767937,0.086521858092677,0,0,0,0,0,0,0,0,0,-0.0611011119407968,-0.109692767443231,-0.0225808913466402,0,0,0,0,0,-0.0401717737112147,0.0223802691238069,0.0232065941709542,0.0601117011549751,0,-0.161720272482571,0,0,0,0,0,0.0493477419813112,0.127712069056541,0,-0.212544957465123,0,0,0,0,0,0
0,0,0,0,0,0,0.084692144072422,0,0,1.12801640321433,0,0,0,0,0,0,0.0200799214921214,0,0,-0.0256518973696746,0,-0.060211181581433,0,-0.00282786517033276,0,-0.0508957314927527,0,-0.0105224840482716,-0.113375224899421,0,0,0.00317670269239524,0,0,0,-0.0343460351162288,-0.0126400995591053,0.0393299230263793,-0.0507823267029573,0,0,0,0,0,0,-0.0455136501782637,0,0,0,0,0,0.033916191519635,0,0,-0.0199280071071097,0,0,0,0,0,0.076661841755419,0,0,0,0,0,0,-0.0420623294519138,0,0,0,-0.0399155828937459,0,-0.148581793996104,-0.0551649793667123,0,0,-0.0049424912031697,0,0,0,-0.0272066925238922,0,0,0.0576183488626598,0.0768101563306354,0.0417332976898128,0,0.0638133741916434,0,0,0,0.0732525617335939,0,0.0981082368000591,-0.001361935105302,0,-0.14007306664968,0,-0.00953013218765232
0,0,-0.0221827305374815,0,0,-0.00631515242274151,0.0784413789795486,0.138222564273311,0,0,1.34630801146875,0,0.0309365934119098,0,0,0.0503532976107593,0.0219021377148625,0,0.0277721412195924,0,0,-0.0596967266867079,0,0,0.156370611966215,0.00992941388513272,0.0243087368431884,0,0.16711593530438,0,0.0749915660046408,0,0,0,0.0423610631609521,0.132297116654534,0.0691211143681601,0,0,0.0388899310663122,-0.0412359174424499,0,0,0,0,0,0,-0.139039448756948,0,0,0,0.142091251073063,-0.0619033837551891,0,0,0,0,0,0,0,0.12089419139886,0,0,0,0,0,-0.241222583081555,0,0,0,0.0847156610887956,0,0.116990674659991,0,0.121538729837842,0,0.0532705858144081,0.021322742410814,0.00650992172724411,0,0.0125659990136366,0,0.0250699750964951,0.0178050713824542,0.0673301364795231,0,0,0,0.0283193444073124,0,0.0623485005787623,0,0,0,0.0853115939557597,0,0,0.170519698174484,-0.114511391469935,0
0,0,0.132981634798698,0,0,0,0,0,0,0,0,1.13053348683474,-0.0616607281610127,0.0667485276928311,0.0611967638622779,0,-0.0349752857949366,0,0,0,0,0,0,-0.0564040978323621,0,-0.0494670882512197,0,0,0,-0.0329292281678403,0,0,0.0230846232121452,0,0,0.0314968704347312,0,0,0,0,0,0,0,0,0,0.0328810340924676,0,-0.0915867416978334,-0.0706949160007955,0,0,-0.0220906157238852,0,0,0,0.0284797661423847,0,-0.0248758121909265,0.0375832832156193,0,0,0,0,-0.0143887388594786,0,0,0.0384618889475976,0,0,-0.204661281895545,0,0,0.0968588400495584,0,-0.038826819806548,0,0,0,0,0,0,0,0.0185540041535032,0,0,0,0,0,0,0,0.00206151870596717,-0.0480876702987308,0,0,0,-0.0597083388994036,0,0,0,0.0704535868465254
0.00752070520326551,-0.0248507219988255,0,0,0,0.0468941515288065,0,0,-0.00447666156725934,0,0.0309365934119098,-0.0616607281610127,1.14083354611737,0,0,0,0,0,0,0,-0.0369907477176335,0,0,0,0,0,0,0,-0.0403442651308282,0,0,0,0.0770353607650749,0,0,0.0202287038971715,0,0.136468832985524,0,0,0,0,-0.0983118409947503,0,0.0287997557063194,-0.108454264138161,0,0,0,0,-0.0935166511297374,0,0.0617905688104545,0,0,0,0,0,0,0,-0.0276758252810958,0,0,0,0,0,0,0,-0.000149583486420999,0.139291483601756,0,0,0,-0.124428821059861,0,0,-0.0234221084250619,0,0.046504815489906,0,-0.158376356140931,0,0,0,0,0,0,0.0826589825853453,-0.0135977108959063,0,0,0,0,0,-0.00380649084413459,0,0,0,0,0.0208265802374955
0.0133408890243253,0,0,0,0,0,0,0,0,0,0,0.0667485276928311,0,1.32086257134704,0,0,0,0,0,-0.0255736458343377,0,0,0.0298457792834998,0.106174964581802,0,0,0,0.0897143611554154,0,0.0250971901342872,0,0,0,0,0.0424206060539477,0,0,0,0.00544215242008132,0,0,0.0776222783192006,0,0,0,0,0,0,0.00916629571343837,0,0,0,0,0,0,0,0.15244660174005,-0.0997127553929598,-0.173108716495891,0,0,0,0,0.0161073317047572,0,0,-0.153738656236677,-0.149578130225735,0,0,0,0,-0.0519846104897822,0,0.282119045816078,0,0,-0.118637825266183,0.0181293760320083,0,-0.0915257125296181,-0.091700559425282,0,0,0,0,0,0.167262399916963,0,0,0,0,0,0,0,0,0,-0.0904554468453633,-0.0330548513115189,0
-0.0241735078083232,0,-0.0233100109347193,0,-0.142238412132629,0,0,0,0,0,0,0.0611967638622779,0,0,1.32343776547499,0,0.159964206201686,0,0,0,0,0.0497607106478286,0,-0.164246845543362,0,0,0,0,0.124155660161888,0,0,0,-0.0749834934740032,0,0,0,0,0,0.016645530100456,0,0,-0.208626179538922,0.00120015721095492,0,0,-0.119715863947063,0,-0.0800212892858635,0.0947348721393974,0.182555795031912,-0.12832862162992,0,0,0,-0.103945623382132,0,0,0,0,0,0,0,-0.0614924169869745,0,0,0.0443935161573921,0,0,0,0,0,0.0723689676840946,0,-0.195626691582025,-0.182694494721391,0,0,0.103983179326697,0,0,0,0,0.0266083929713629,0.0093303783113224,0,0,0,0.117356282137794,0,0,0,0,0,-0.00673882062985049,0,0,-0.0148383334433056,0,-0.0323456677332746,0
0,-0.0377238612488636,0,0,0,0,-0.0189894260925345,0.07985849478129,0.00110056740127216,0,0.0503532976107593,0,0,0,0,1.16000732159281,0,0,0,0.0215955951971439,-0.0196160005801615,0,-0.00640932356075475,0,0,0.0041283920914809,0,0.116186790217674,0,0,-0.00110879700475257,0,0,0,0.058609313197555,0,0.0568294318399025,0,0,0,0,0,0,0.0364627953776648,-0.00304062864609771,0,0.040790485624682,0.0722356300626732,0.00419142346282911,0,0,0.00968294607393249,0.177086154974203,0,0,0,0,0,-0.15555168200123,-5.20536418616313e-05,0,0.0201560484591844,-0.0448102533512569,0.0500911620567299,0,0.0851953798390936,0.083708444505082,0,0,0,0,0,0,0,-0.0125619324854063,0,0.152762233990301,-0.0506846719142311,0,0,-0.0113441611588721,-0.066410747263022,0,0,0,0.0150427502445654,0,0,-0.0179310224536974,0,0,0,0,0.0416314691883972,0,0,0.0266326682125229,0,-0.026768027780829,0
0,0,0,0,0,0.0164342382430927,-0.0986733071894687,0.0189797326209707,0,0.0200799214921214,0.0219021377148625,-0.0349752857949366,0,0,0.159964206201686,0,1.37242992191916,0,-0.0416958127513748,0.0271308460535733,-0.167763661308314,0.00826973748511143,-0.296044820706099,0,0,0,0,0,0.0417564110418843,-0.239448617833327,0,0,-0.0197821519272795,-0.020050978195691,0,0.0383616686753871,0,0,-0.168459489998222,0,-0.0704010798000931,0,-0.102306375626424,0,0,0,-0.0388126549607137,0,0,0,0,-0.0728950585770565,0,0,0,-0.0782110702925147,0.138592423363878,0,0,0,0,0,0,0,0,0,0,0,0,0,0,0,0,0,0,0,-0.0903444306879296,-0.0152462887856261,0,0,0,0,0,0,-0.0110923637078482,0,0,0,0,0.0241185282620615,0,0,-0.0312910002305629,-0.0514120786697707,0,-0.0545907727997003,0,-0.134631285418004,0,0
0,0.0579503269031821,-0.135028043869603,0,-0.022170460987829,-0.00383677161128193,0,0.0353043086938774,0,0,0,0,0,0,0,0,0,1.14897522770459,0,0,-0.00748855550969723,0,-0.151746158530074,0,0.0487104569542061,0,0,0,0,-0.0669546331416288,0.0214099346638589,-0.0307377199899012,0,0,0.00122755480416462,0,0,0,0,-0.146662995262808,0,0,0.051094366601059,0,0,0,0,-0.0541756604550829,-0.0378932664396378,0,-0.00641237209855341,0,0.0126158598136106,0,0,0.192069335568317,0,-0.019508265136376,-0.113640331680302,-0.0555076226880723,0.0271106964345482,0,0,0,0,0,-0.021616982519781,0,-0.0291253481339534,0,0,0,0,0,0,0,0,0,0,0,0,0.0154889315642368,0,0.0756580297933332,0,0,0,0,0,0.0605763063570757,0,0,0,0,0,-0.0262992725804206,0.0668669507529538,0,0,-0.0398232568994128
0,0,0,0,-0.0128827824107686,0,0,0.0285077651766901,0,0,0.0277721412195924,0,0,0,0,0,-0.0416958127513748,0,1.26220199775655,0.00315172534887737,0,-0.105180231490909,-0.0574551167197671,0,0,0,-0.0108280576158043,0,-0.0828994898434105,-0.0992680776361282,0,0,0,0,-0.032258612716842,0,-0.0734277013748525,0,0,-0.038314251060834,0,0,0,0,0,-0.0180900549333519,0,0,-0.0341771449574506,0,0,0,0,-0.0612859039415664,0,0,0,0,-0.224560682778289,-0.0912839167261293,0,0,0,0,0,0,0,0,0,0,0,0,0,-0.0486561652889678,-0.181851899390823,0,0,-0.0586595718030055,-0.101167443181095,-0.148893307306354,0,0,0,0,0.020634097924441,0.082816134370111,0,0,0,0,0,-0.0209868809290417,0,-0.0650104770124807,-0.0117639358807687,-0.165164159564769,0,0,0,0
0,0,0,0,0,0,0,0,0,-0.0256518973696746,0,0,0,-0.0255736458343377,0,0.0215955951971439,0.0271308460535733,0,0.00315172534887737,1.10656015494783,0.0262684023680282,0.0217433487095073,0.0595212557133518,0,0,0,0.117552461552241,0,0,0,-0.0405756683411701,0,0,0.0495209567785308,0,0,0,0,0,0,0,0,0,0,0,0,0,-0.0391365349861825,0,0,0,0,0,0,0,0,0,0,0,0.0390255109901518,-0.119853190905956,-0.0632223602981495,0.033994926187563,0,-0.00347945593919454,0,-0.166671885109214,0,0,-0.100617014479308,0,-0.067205337767811,0,-0.0086653327479441,0,-0.0403739820316373,0.0305822501878123,0,0.0184155099127883,0,0,-0.0060287019673253,0,0,-0.0604505282273441,-0.0284253902643436,0,0,0,-0.0202283825963055,0,0,0,0,0,0,0,0,0,0
-0.00424235950347826,0,0,0,0.0160626343485708,0,0,0.00559365442254102,0,0,0,0,-0.0369907477176335,0,0,-0.0196160005801615,-0.167763661308314,-0.00748855550969723,0,0.0262684023680282,1.11801274887218,0,0,0.0925927249069547,0,0,0,0,0,-0.00243033551991996,0,0,0,0,0,0.045405758036867,0,0,0,0,0,0,-0.0652741289282685,0,-0.0812376487861171,0.0098192116206534,0.0170747946528809,0,-0.0531949724331331,0,0,0,0.0541581524924272,-0.0404768665669194,0,-0.0209480431638964,0,0,0,0,0,0,0,0,0,0,0,0,-0.0706915486591956,0,0.0796554542992819,0,0,0.0962226501497355,-0.0991055388136831,0.00791984497368278,-0.00951523564221153,0,0,0,0,0,0,0,-0.0453037381657088,0.0165010765804501,0,0.00288069617233875,-0.0289390879539472,0,0,0,0,-0.00893387098534848,0,0,0.0781028303147465,0.0341570152600457,0.00397028885827318,-0.114765723368567
0.0517383263908874,0,0,0,0,0,0,0,0.00481150682876937,-0.060211181581433,-0.0596967266867079,0,0,0,0.0497607106478286,0,0.00826973748511143,0,-0.105180231490909,0.0217433487095073,0,1.11033188385075,0,0,0,0,0,0,0,-0.0850651105726862,0,0,0,0,0,0,-0.0363372550784459,0,-0.0174228291987498,0,0,0,0,0,0,0,0,-0.0144325634289605,-0.0502460232650636,-0.159166198973041,0,0,-0.108406934817453,0.0718948544924493,0,0.0449594408655247,0,0,-0.017851250992131,0,0,0,-0.00384486896823863,0,0,0,0,0,0,-0.089441532455552,-0.0050704017755624,0,0,0,-0.00153204509302242,-0.0215406501113687,0,0.0899027447771645,0,0,0,0,0,0,0,0,0.0148673051814959,0.0848004444987839,0,0,0,0,0,0,-0.0274833568457334,-0.00723387896727633,0,0.0419807347359656,0,0
0,0,0,0,0,-0.0043289531048314,-0.057614754400562,0.144896569972982,0,0,0,0,0,0.0298457792834998,0,-0.00640932356075475,-0.296044820706099,-0.151746158530074,-0.0574551167197671,0.0595212557133518,0,0,1.22540042754018,-0.0448792285914393,0,0,0,0,0.0168131463279186,0,0,0,0,-0.0112999911986566,0,0,0,0,0,0,0,-0.0561226480282954,0,0,0,0.0113014493470986,0,0,0,0.0111598280189987,0,0,0,-0.0312616940530829,0.00204443792598196,0,-0.0932781136119499,0.0087267057051567,-0.0220652009582753,0,0.0201822591225706,0.00900775197579276,0,0,0.0388106129451941,0.0860764207880956,0,0,-0.00189033595179207,0,0.0495256189568009,0.00871995986397449,0,0,0,0.0669316051233277,0,0.052863681080438,-0.0893631809308639,0,0,0,-0.0532140711463726,0,0,0.0222700174682637,0,0,0,0,0,-0.100020347335895,0,0,0,0,0.0333752372041951,0,0,0.106030573183951
0,0,0,0,0,-0.111894003647518,0,0,0,-0.00282786517033276,0,-0.0564040978323621,0,0.106174964581802,-0.164246845543362,0,0,0,0,0,0.0925927249069547,0,-0.0448792285914393,1.20432872069339,-0.055502686067085,0,0,0,0,0,-0.0402380334506257,0,-0.0113672162481652,0,-0.198484932881615,0,0,0,-0.0669158681540872,0,0,0,0,0,0,0,0,0,0,0,0,0,0,0,0,0.120378307834625,0,0,0,0,0,-0.114232716853366,0,0,0,0.0087965192247074,0,0,-0.0933982044842662,0,0,0,0,0,0,0,0,0,-0.0176828440575654,0,-0.0165527951241305,0,0,0,0.0115239106562823,-0.0946003596741682,0,0,0,0.0405957176831275,0,0,0,0,-0.0830154315303628,-0.0624129727026812,0,-0.0798980373440009,0.0838264507785426,0
0.132000491765862,0,-0.0965001099669036,0,0,0,0.0365003778495565,0,-0.00866447503736886,0,0.156370611966215,0,0,0,0,0,0,0.0487104569542061,0,0,0,0,0,-0.055502686067085,1.3159456598674,0,0.0662367820139289,0,0.0496979471158101,0,0,0.166285771383007,0,0,0,0,0,0.0941561805670317,0.0399619476386905,0,0,0,0,-0.0298203385981581,0,0,-0.0552018987591639,-0.273312806371627,0,0,0.0883567933683634,-0.0117288479374427,0,0,0,0,0,0,-0.202579666191098,0,0,0,0,0,0,0.00716101976977809,0,0,-0.119969193765397,0,0,-0.118268318167616,0,0,0,0,-0.0509209976309453,0.0392273204841259,0,-0.108841844246751,0,0,0,0,0,0,0,0,0,0,-0.176922558087871,0,0,0,-0.0381652931673381,0,-0.0351742547225968,-0.0924492777545853,0,0
0,0.0424744422019755,0,0,0,0.000662697288019053,-0.0768787485782236,0,0,-0.0508957314927527,0.00992941388513272,-0.0494670882512197,0,0,0,0.0041283920914809,0,0,0,0,0,0,0,0,0,1.08598372231583,0,0,0,-0.0410312756053036,0,-0.0428576024341573,0.0477145638352402,0,-0.0891406362326615,-0.0875031940309489,-0.136363198610785,0,0,0,0.0495337810339063,-0.0232037158520811,0,0,0,0,0,0,-0.0176896305019546,0.0544856093123579,0,0,0,0,0,-0.0346032913070911,-0.0200245028622244,-0.0466435288358731,0,0,0,0,0,0,-0.0332488474923302,0.0544813406716551,0,0.0104455999400387,0,0,0.0557281547376444,0,0,0,0,0,0.0306439258589255,0,0.103010339715294,0,0,0,-0.00563960515747924,0,0,0,0,0.00694934124727638,0,0,0.0503608248494533,0,0,0,0,-0.0529025616285237,0,-0.00801115852283913,0,0
0,0,0,0,0,-0.0659845747314042,0,0,0,0,0.0243087368431884,0,0,0,0,0,0,0,-0.0108280576158043,0.117552461552241,0,0,0,0,0.0662367820139289,0,1.17742831677534,0,0,0,0,0,0,0,0,0,0,-0.0855410912846618,-0.24995549595018,0,0,0.0248129935519064,-0.028472414622531,0,0,0,0,0.00366358854070623,0,0,0.0441435778932221,-0.0140918285185257,0,0,0,0,0,-0.00046250437327954,0,0,0.0266685888839595,0,-0.0963269894380278,0,0,-0.10190949244243,0,0,0,0.0833484445472276,0,0,-0.014004150100089,0,-0.0919106162409971,0,0,-0.0845098389099285,0,0,-0.0325213089965266,0,0,0,0,-0.00688221070924259,0,-0.0424504714820602,0,0,0,0,0,0,0.0303183729356593,-0.0872109606349963,0.012972467251269,-0.0426520626992821,0,0.00476902185472068
0,0,0,0,-0.0712876797879818,0,0,-0.0640057350436368,0,-0.0105224840482716,0,0,0,0.0897143611554154,0,0.116186790217674,0,0,0,0,0,0,0,0,0,0,0,1.14570332449908,0,0,0.0221253481404196,0,0,0,0,0,-0.0742347742949835,0.123474866208449,0,0,0,0,0,0,0,-0.00955001176580343,0,0,-0.095498313047762,0,0,0,0,0,0,-0.00989515125103612,-0.0136942496681641,0,0,0,0,0.0105688453319367,0.0900634485009363,0,0,-0.0871284576095081,0.114216181490937,0,0,0,0,0.113237119504396,0,0,0,0,0,0,0,0,0,0,0,0,0.0562250583756016,0.0524860062362857,0,-0.130544672898587,-0.0709935209473388,0,0,0,0,-0.051715929212279,0,0,-0.0109086349588972,0,0,0
0,-0.0779593509748764,0,0,0.0952634183647883,0,0.00697488433933745,0,0,-0.113375224899421,0.16711593530438,0,-0.0403442651308282,0,0.124155660161888,0,0.0417564110418843,0,-0.0828994898434105,0,0,0,0.0168131463279186,0,0.0496979471158101,0,0,0,1.16178368914717,0,-0.056443391569763,-0.0305004865249015,0,0,0,-0.0769811563384573,0,0,0.0610667893314707,0.014255583987196,0,0.051487750028327,0,0,-0.0678079443484085,0,0,0,0,0,0,0,0,0,0,0,0,0,0,0,-0.0225849346245881,-0.0171012494403374,0.0149671376820979,0,0,-0.0143043088877961,0,0,0,0,0,-0.0227386040818546,0.00198153705790192,0,0,0,-0.0473364752571189,-0.0309212734062297,0,0,0,0,0,0,0.099187999481816,0,-0.0522133724739947,-0.0798030505053,0,0,0,0,0.0822313071870775,0,0,-0.123607209590729,0,0.0546877851894852,0,0
0,0,0,0,0,0,0,0,0,0,0,-0.0329292281678403,0,0.0250971901342872,0,0,-0.239448617833327,-0.0669546331416288,-0.0992680776361282,0,-0.00243033551991996,-0.0850651105726862,0,0,0,-0.0410312756053036,0,0,0,1.58887858490406,0,0,-0.0765639482432418,0,0.419530062795633,0.0295744366727997,0,-0.0189756840791532,-0.386073153954561,0,0.0223750397320518,0,-0.0201071311643832,-0.0268975822107029,-0.00161743715004795,0,-0.123511059139614,0,-0.260944883247619,0,0,0,0.00136802345742726,0,0,0,0,-0.133407909461249,0.214322692985684,0,0,0,0,0,0,-0.0076006518596085,0.171236149908324,0.128574986406626,-0.051596329411734,-0.105096547223316,0,0,0,0,0,0,0,0,0,0,-0.148205315556855,-0.00886565371360177,0,0,0,0,0,0,0,0,0,0,0,0,0,-0.0480821507195068,0,0,0.125087128714452,0
0,-0.0448843092906534,0,0,0,-0.0683465103039997,0,0,0.0135909530487097,0,0.0749915660046408,0,0,0,0,-0.00110879700475257,0,0.0214099346638589,0,-0.0405756683411701,0,0,0,-0.0402380334506257,0,0,0,0.0221253481404196,-0.056443391569763,0,1.10165481767912,-0.00432279700098075,0,0.0195854697552535,-0.0988257274241614,-0.0620611844705434,0,0,0,0,0.0632517847622399,0.0626567327179349,0,0,0,0,-0.0618472882864854,0.0257634337325975,0,-0.0673418510577695,0.0289932389558702,0,-0.0115695998493002,0,0,0,0,0,-0.090521687011912,0,0,0,0,0.0215744281595945,0,0,0,0,0,0,-0.00579533619892665,0,0,-0.043442409215565,0,0,0,0,0,0,-0.0121974986539273,0,0,0,-0.0161109407571531,0,0,0,0,0,0,-0.143732315086024,0,0,0,0,-0.00745831268055936,0,0,-0.0961404564627802
0,0,-0.162736991244024,0,-0.132002752092457,-0.043078164904166,-0.0897926598841637,0,0,0.00317670269239524,0,0,0,0,0,0,0,-0.0307377199899012,0,0,0,0,0,0,0.166285771383007,-0.0428576024341573,0,0,-0.0305004865249015,0,-0.00432279700098075,1.17651575797858,-0.0964340537962539,0.025380346730141,-0.107972510179972,0,0,-0.0142344265951814,-0.037523684009707,0,-0.00673135598897068,0,0,0.00992753212738311,0,0,0,0.051913918141557,0,0,0,0,0,0,0,0,0,0,-0.0699643343265657,0,0,-0.0120672685920832,0,0.0673477733490897,0,0,-0.0576504633992075,0,0,0,-0.0762086126473264,0,0,0,0.0379537439321491,0,0,0,0,0,0,0,-0.000699287839838157,0,0,0,-0.108918174558874,0,0.0181568688364859,0,0,0,0.0542751394634447,0,0,-0.116820644594756,0,0,0,-0.0297877906008165
0,0,-0.0683626144667644,0,0,-0.0861712811041217,-0.0896803270252943,0,0.204206707301635,0,0,0.0230846232121452,0.0770353607650749,0,-0.0749834934740032,0,-0.0197821519272795,0,0,0,0,0,0,-0.0113672162481652,0,0.0477145638352402,0,0,0,-0.0765639482432418,0,-0.0964340537962539,1.21630160352004,0,0,0.0607159739592077,0.00232824261892345,-0.0944783650769885,0,0,0,0,0,0,0,-0.236427981638075,-0.059726922136852,0,0,0,0,0,0,0.0546166678827201,0,0,-0.0398998769572195,0,0,0.0485940110385244,0,0,0.0616238577701467,0,0.0575559894155907,0,0.0565736562334465,0,-0.0288844019843162,-0.0344073788700702,-0.0638585674244773,0,0,0,0,0.0176957030109604,0,0.0062546910129798,0,0,0,0,-0.0203388790025956,-0.028746642979958,0,0.0605880116939287,-0.0669415812037127,-0.0203171039076835,0,0,0,0,0,-0.0763357781084949,0,0,0,0.045791083166418,0,0
-0.0508897331128347,0,0,-0.101811258434477,0,0,0,0,0,0,0,0,0,0,0,0,-0.020050978195691,0,0,0.0495209567785308,0,0,-0.0112999911986566,0,0,0,0,0,0,0,0.0195854697552535,0.025380346730141,0,1.25337845177926,0.0124156344714713,0,0.180158265531889,0,0,0,-0.0984078592401729,0,0,0.0328201205755674,0,-0.0624155208363553,0,0,0,0,0,-0.0609345684690763,0,0,-0.0572524955469278,0,0,0,-0.0532386710280578,0,-0.117702583348362,0,0,0,0.0527528437742874,0.120895065159509,0.0318804656919098,0,0,-0.0174082286132472,0,0,0.00124866645294277,0,0.267515608598831,-0.005458947910122,0,0,-0.0399395674626881,0,0.136533563181599,0,-0.0528241662502134,-0.0916382209973868,0,0.134765277786269,0,-0.00652009272270913,0,0,-0.0431757187977151,0,0.039343850330026,0,-0.100815318948043,0,-0.0476190276072747,-0.117265488520799,0,0
0,0,-0.0192900295100296,0,0,-0.0153209404048757,0,-0.133893040149925,0,0,0.0423610631609521,0,0,0.0424206060539477,0,0.058609313197555,0,0.00122755480416462,-0.032258612716842,0,0,0,0,-0.198484932881615,0,-0.0891406362326615,0,0,0,0.419530062795633,-0.0988257274241614,-0.107972510179972,0,0.0124156344714713,1.51504111174363,0,-0.119529216550806,0,0.0596115699585445,0,0,0,0.101517161913339,0,0.124282670054199,0,0,0,-0.0446127396310107,0,-0.178661151089356,-0.119907761908764,0,0,0,0,-0.0290307928457158,0,0,0,0.0110796628893319,0,0,-0.00954381728688249,0,0.0393212927096991,0,0,0,0,-0.000738142961818064,0,0,0.193605710862746,0,0,-0.00099080078885406,0,-0.12629567039772,0,0.182282087486467,0.00384709290916493,-0.122936838824592,0,0,0,0,0,-0.0255631845921329,0.198218698756516,0,0,0.00317407156006647,-0.021981999424512,0,-0.127606631005896,0,0,0,0.0636319351028561
0,-0.0318884218321347,0.0325121647330353,0,0,0,-0.0594159475070036,0,0,-0.0343460351162288,0.132297116654534,0.0314968704347312,0.0202287038971715,0,0,0,0.0383616686753871,0,0,0,0.045405758036867,0,0,0,0,-0.0875031940309489,0,0,-0.0769811563384573,0.0295744366727997,-0.0620611844705434,0,0.0607159739592077,0,0,1.11403641450352,0,-0.101351766912195,0,0,0.0620750548679062,0,0,0,0,0,0,0,0,0,0,0,-0.0571685678176106,0,0,0,-0.0369217502948742,0.0121323051205916,-0.0387086537781768,0,-0.00815160653307417,0,0,0,-0.000987457501671439,0,-0.0679343188070153,0,0,0,0,0.0142179775977519,0,0,0,-0.114340504111257,0,0,0,0,0,0.0994280983980163,0,0,0,0,0,0,0,0,0,-0.00345242719682968,0,0,-0.0400914278047316,0,-0.0962083413098205,0,-0.00584756862795535,0
0,0,-0.0686769195647414,0,-0.000187737927403593,0,0.0632809877254967,0.00186739448043053,0,-0.0126400995591053,0.0691211143681601,0,0,0,0,0.0568294318399025,0,0,-0.0734277013748525,0,0,-0.0363372550784459,0,0,0,-0.136363198610785,0,-0.0742347742949835,0,0,0,0,0.00232824261892345,0.180158265531889,-0.119529216550806,0,1.18892359413841,-0.057085052680684,0,0,0,0,0,-0.0378912398215623,0,-0.0299166163878377,0,0,0,0.0702225854622633,0,0,0,-0.0470647326872679,0,0,0,0.0117402661520986,0,-0.0926759362547407,-0.045967621388369,0,0.135137799927265,0,0,0,0,0,0,0,0,0,0,0.101900450499098,0,0,0,0,0.0178562158737337,0,0,0,0,0.0477145914773446,-0.0551794744645826,-0.105639448131942,0,0.0569352504401815,0.00919336989806383,0,0,0,0,0,0,0,0.11556146034268,0,0.0158578231891227,0
0,0,0,-0.162066959862752,0,0,0,0,0,0.0393299230263793,0,0,0.136468832985524,0,0,0,0,0,0,0,0,0,0,0,0.0941561805670317,0,-0.0855410912846618,0.123474866208449,0,-0.0189756840791532,0,-0.0142344265951814,-0.0944783650769885,0,0,-0.101351766912195,-0.057085052680684,1.20553397216438,0,-0.0222594462438549,0,0.0340892021313584,0.024882987112134,0,-0.0714499247658069,0,0,0,0,0,0,-0.0683675244932694,0,0,0,-0.0147772459856316,0,0,0,0.00546121230483334,0,0,0,0,0,-0.0416259271687964,0.0620243925168636,0,0,0,0,0,0,0,0.0180880721849381,0,0,-0.0108649767166557,0,0,0.0515741144761892,0.0340911183861998,-0.119004319248356,0,0,-0.0564796570217933,0,0,0,0,-0.000687215810671392,0,0,0,-0.0149581680889875,0,0.237663961048726,0,0,0
0,-0.0688867421480769,0,0,0,0,-0.0152432250779475,0,0,-0.0507823267029573,0,0,0,0.00544215242008132,0.016645530100456,0,-0.168459489998222,0,0,0,0,-0.0174228291987498,0,-0.0669158681540872,0.0399619476386905,0,-0.24995549595018,0,0.0610667893314707,-0.386073153954561,0,-0.037523684009707,0,0,0.0596115699585445,0,0,0,1.46771233370718,0,0,0,0,0,0,-0.0242643667947014,0.0689529255150715,0.146320168605134,0,0,0,0.0632292718521592,-0.102430980904641,0,0,0,0,0,0,0,0,-0.0929488128290812,-0.0300209980771713,0,-0.0140587817114633,0,-0.150843352905923,0,0,0.140106752606168,-0.0312822533920383,-0.0240983543278641,0,0,0,0,0,-0.0277372522518929,0,0,0,0,0,0,0,-0.136252103075913,0,-0.0389563599692669,0,0,-0.12005044031996,0,0,0,0.0576252439920752,-0.0316048065846947,-0.00958405334042051,-0.198022322688409,0,0
0,0,-0.028012258395485,0,0,0.0226905093805176,0,0,0,0,0.0388899310663122,0,0,0,0,0,0,-0.146662995262808,-0.038314251060834,0,0,0,0,0,0,0,0,0,0.014255583987196,0,0,0,0,0,0,0,0,-0.0222594462438549,0,1.17338156663494,0,-0.0596850186890623,0,0,0.073393516657584,0,0,0,-0.0464618285930111,0,-0.0160780953530773,0,0,-0.0408515764099904,0,0.0322450304569235,0.00510071292425845,0,0,-0.145272771991504,0,-0.0241668041112198,0,0,0,0,0,0,0,0,0,0,0,0.0304022476737339,0,-0.00920578928152719,0,-0.0141835668753387,0,-0.025049015590091,0,0.0395648819067508,0,-0.0130509586248984,0.0908855997014687,0,0,0.137153983646481,0,0.029698040709925,0,-0.165526170330891,0,0.132731372832572,0,0,0.113298288201739,0,0.0157584420378156,0
0,0,0,-0.000394065834057244,0,0,0,0.154790837784853,-0.000301548767833859,0,-0.0412359174424499,0,0,0,0,0,-0.0704010798000931,0,0,0,0,0,0,0,0,0.0495337810339063,0,0,0,0.0223750397320518,0.0632517847622399,-0.00673135598897068,0,-0.0984078592401729,0,0.0620750548679062,0,0,0,0,1.17935201612559,0,0,0.0184633501773839,0.00375991909110379,0,-0.0685709805990986,-0.0610512551272825,0,0,0,0,0,0,0,-0.199167913977882,0,0,-0.00103956387246902,0,0,0,-0.0875063200288546,0,0,0,-0.000148379166417523,0,-0.0222640502808307,-0.175140449405932,0,0,0,0,0,0,-0.0166798044193001,-0.0801378049776589,0,-0.00863863326573014,0.128840882667791,0,0,0.0332096758741575,0,0,0,0,0,-0.0212434032294828,0,0,0,0,0,-0.0723172123061295,0,0,0,-0.0377145061573097
0,-0.0201707898820207,0,-0.022813075863478,0,0,-0.0183005999305887,0,0,0,0,0,0,0.0776222783192006,-0.208626179538922,0,0,0,0,0,0,0,-0.0561226480282954,0,0,-0.0232037158520811,0.0248129935519064,0,0.051487750028327,0,0.0626567327179349,0,0,0,0,0,0,0.0340892021313584,0,-0.0596850186890623,0,1.19944127913951,0,0,0,0,0,0.0191297899627389,0,0,0,0,0,0,-0.0426396815247669,0,0.016656503149136,0,0,0,0.0600526587245539,-0.0267479613465655,0,0,0,0.0267633420731499,0,0.0279009551707994,-0.102930472479243,0,0,0,0,0.110142956753845,0,0,0,0,-0.148722446486598,0,0,0,0,0,0,0,0.0379643432983003,0.0486433320064899,0,0,0,0,0,0.0190923933068691,-0.219950134264511,0,0,0,0,0.0819505170527615
0,0.043037393276975,0,0.223859792056671,0,0,-0.0807266952796065,0.0321923938970179,-0.0394065055197918,0,0,0,-0.0983118409947503,0,0.00120015721095492,0,-0.102306375626424,0.051094366601059,0,0,-0.0652741289282685,0,0,0,0,0,-0.028472414622531,0,0,-0.0201071311643832,0,0,0,0,0.101517161913339,0,0,0.024882987112134,0,0,0,0,1.24766816126227,0,0,0,0,0,-0.0463558768495602,0,0,-0.0117315065840826,0.0259995228550023,0,0,0,0,-0.061864323472111,0,-0.0352028059873844,-0.0557554379142655,0,-0.0118106144908891,0,0,0,-0.0422497204589346,0.00769630281348768,-0.00635953053661709,0,0,-0.0817815043923226,0,0,0,-0.121790695341586,-0.149194232926915,0,0,0,0,-0.0954242302096486,0,0,-0.0404688289620593,0,0,0,0,0,0,-0.138639761730805,-0.059612154039092,0,0,-0.14635547173092,-0.0347354170219816,0,0,0
0,0.0768654252811087,-0.0674872891653706,0.0531581211103628,0,0,0,0,-0.035656391653413,0,0,0,0,0,0,0.0364627953776648,0,0,0,0,0,0,0,0,-0.0298203385981581,0,0,0,0,-0.0268975822107029,0,0.00992753212738311,0,0.0328201205755674,0,0,-0.0378912398215623,0,0,0,0.0184633501773839,0,0,1.16714796587527,0.0833285308368996,0,0,-0.0937530019051049,0,0,0,0,0,0.0190586216118841,0,0,0,0.0456551934279233,0,0.0985099816280803,-0.164022099980111,0,0,0,-0.12772280893244,0,0,0,0,0,0,0,0,0,-0.00598251293799904,-0.155138736910785,0,0,0,0,-0.0331713984083292,0,0,0.000991154246661431,0,0,0.094000308543088,-0.0605176796076721,0,0,-0.0367458715496889,0.0740673361587302,0,0,0,-0.0622755824240359,0,0,0,0
-0.0619176239198349,-0.0263124340899636,0,-0.0635022426827543,0.0495079527876546,0.00703129640398899,0,0.012715870660103,0,0,0,0,0.0287997557063194,0,0,-0.00304062864609771,0,0,0,0,-0.0812376487861171,0,0,0,0,0,0,0,-0.0678079443484085,-0.00161743715004795,0,0,0,0,0.124282670054199,0,0,-0.0714499247658069,0,0.073393516657584,0.00375991909110379,0,0,0.0833285308368996,1.14130350228663,0.14058338939591,0.0236016621789188,0.0328838690380627,0,-0.0464597659270208,0,0,0,0,0,0,0,0,0,0,0,-0.00917013043151584,0,0,0,0,0,0,0,0,0,-0.118188926280373,0,0,-0.0916308354792107,0,0.0287174787162084,0,0,0,0,0,0.0498711599451251,-0.0866120365646669,0.0365241129493802,-0.0395799880444372,-0.00844984268039943,0,0,-0.0613602909036435,-0.129375458830637,0.00552999141708924,0,0,0,0.0728617980755179,0,0,-0.011766316999894,0
-0.153799288233499,0,-0.0840143320229112,0,0,-0.06200911341251,0,0,0,-0.0455136501782637,0,0.0328810340924676,-0.108454264138161,0,-0.119715863947063,0,0,0,-0.0180900549333519,0,0.0098192116206534,0,0.0113014493470986,0,0,0,0,-0.00955001176580343,0,0,0,0,-0.236427981638075,-0.0624155208363553,0,0,-0.0299166163878377,0,-0.0242643667947014,0,0,0,0,0,0.14058338939591,1.30534174187293,0,0,0,0.0474824219784753,0,0,-0.0852241749735905,-0.0901862508543806,0,1.1045355141908e-05,0.172943187470897,0.00401901675022011,-0.0427864528766276,0,0,0,0,0.181328247242258,0,-0.0432652723303751,0,0,0,0,0,0,0.103018571033913,0,0,-0.173976560889762,0,0,0,-0.0562415388767156,-0.13730263250998,0,0,-0.0264814331348473,0,0,0,-0.00240460179943407,0,-0.120194770866047,-0.0905334795310901,0,0.0714954748625837,-0.0320908295539177,0,0,0,0.0414213372339125,0,0
0,0,0,0,0,0,0,0.082420468004825,0,0,0,0,0,0,0,0.040790485624682,-0.0388126549607137,0,0,0,0.0170747946528809,0,0,0,-0.0552018987591639,0,0,0,0,-0.123511059139614,-0.0618472882864854,0,-0.059726922136852,0,0,0,0,0,0.0689529255150715,0,-0.0685709805990986,0,0,0,0.0236016621789188,0,1.13410307127178,0,-0.052999099658472,0,0,0,-0.0672707485255086,0,-0.0313831577181289,-0.154345163615499,0,0,0,0,0,0.0281378251550124,0,0.0508956932467682,0.0402883816254699,-0.0763057836469853,0.0175821632848126,0,0,-0.0331917340990418,0,0,0,-0.00578770182643018,0,0,0,0,0,0.0101730863780164,-0.0464474175528132,0,-0.0199623790781244,0,-0.127006831884061,0.0390859407006166,0,-0.0982410041184758,0,0.0366760078825005,0.0163016397353815,0,0,0,0,-0.0266905339670156,-0.0336790777351296,0,0,0
0,0,0,0,0,0,0.00539741422720878,0,-0.079106902477493,0,-0.139039448756948,-0.0915867416978334,0,0,-0.0800212892858635,0.0722356300626732,0,-0.0541756604550829,0,-0.0391365349861825,0,-0.0144325634289605,0,0,-0.273312806371627,0,0.00366358854070623,0,0,0,0.0257634337325975,0.051913918141557,0,0,0,0,0,0,0.146320168605134,0,-0.0610512551272825,0.0191297899627389,0,-0.0937530019051049,0.0328838690380627,0,0,1.32518864745739,0,0,0,0,0,0,0,-0.0165792025368126,0,0,0,0.255537725730745,0.0216715958178979,0.105587514656324,0,0.0799386390826791,-0.0315193400275368,0.0253846279356448,-0.0164465473903541,0,0,-0.159357850080377,0.128961463223379,0,0.015503854888014,0,0,0,0,0.0650847410599528,0,0,0.00898445029174029,0,0,0,0,0,0,0,0,0,0,0.0575753418231687,0,0,0,0,0,0,0,0
0,0.0566920406254921,-0.124289771501814,0,0,0,-0.000978582613310296,0.0344062425882324,0,0,0,-0.0706949160007955,0,0.00916629571343837,0.0947348721393974,0.00419142346282911,0,-0.0378932664396378,-0.0341771449574506,0,-0.0531949724331331,-0.0502460232650636,0,0,0,-0.0176896305019546,0,-0.095498313047762,0,-0.260944883247619,0,0,0,0,-0.0446127396310107,0,0,0,0,-0.0464618285930111,0,0,-0.0463558768495602,0,0,0,-0.052999099658472,0,1.51686901952088,-0.263396321730866,-0.153970195374287,0,-0.0400815798007022,-0.0675057672716522,0.0521610110849066,-0.129640159748111,-0.0555301783788136,0,0,-0.0484274448817103,-0.111036117537318,0,-0.0564281673815671,0,0,0.0572003698737317,-0.278642892130403,0,-0.0701618171420748,0,0.0506089252777046,0.142065136981713,0,0,-0.202480702949779,-0.00763150515164619,0,0,-0.256331157535199,0,0,0,-0.0221698045814271,0,0,0,0,0,0,0,0,0,0,0,0,-0.0345942268500124,-0.103673148701976,0,0.0620421474477581,0
0,0,-0.0801989377158226,0,0,-0.00173286744564476,0,0.0196447105558219,0,0,0,0,0,0,0.182555795031912,0,0,0,0,0,0,-0.159166198973041,0.0111598280189987,0,0,0.0544856093123579,0,0,0,0,-0.0673418510577695,0,0,0,0,0,0.0702225854622633,0,0,0,0,0,0,0,-0.0464597659270208,0.0474824219784753,0,0,-0.263396321730866,1.241472283641,0,0.0500093004023809,0,0,0,-0.0496631884151306,0,0,-0.0387824758661745,0,0,-0.112842014335266,0,0,0,-0.00211047008732246,0,0,0.0855962931920853,0,-0.0819123373972877,0,0,0,-0.128521074385675,0,0,-0.00458704405663483,0,-0.0204441662610547,0,0,-0.020650997384221,0,0,0,0,0,0,-0.00938168437629063,0,0,0,0,0,0,0,0,0,-0.110492864059592
0,0.133423938281454,0,-0.114287135707556,-0.161767785124038,0,-0.019652933882234,-0.11745267548266,0,0,0,0,-0.0935166511297374,0,-0.12832862162992,0,0,-0.00641237209855341,0,0,0,0,0,0,0.0883567933683634,0,0.0441435778932221,0,0,0,0.0289932389558702,0,0,0,-0.178661151089356,0,0,0,0,-0.0160780953530773,0,0,0,0,0,0,0,0,-0.153970195374287,0,1.2539754803855,0,0,-0.0726620616343519,0,0,0,-0.108618867643171,0.021749444824118,0.0131378595908874,0,-0.00255348908930174,0,0,0,0,-0.00521808768099003,0.0115317351790854,-0.133864320999538,0,0,0,0,0,0,0,0,0,0,0,0,0,-0.069490302659411,0.0701723763441318,0,-0.161128179926261,0,0,0,0,-0.0227612135866602,0,0,-0.0238012623313709,0,0,0,0.00626562172292008,0,0
