"X1","X2","X3","X4","X5","X6","X7","X8","X9","X10","X11","X12","X13","X14","X15","X16","X17","X18","X19","X20","X21","X22","X23","X24","X25","X26","X27","X28","X29","X30","X31","X32","X33","X34","X35","X36","X37","X38","X39","X40","X41","X42","X43","X44","X45","X46","X47","X48","X49","X50","X51","X52","X53","X54","X55","X56","X57","X58","X59","X60","X61","X62","X63","X64","X65","X66","X67","X68","X69","X70","X71","X72","X73","X74","X75","X76","X77","X78","X79","X80","X81","X82","X83","X84","X85","X86","X87","X88","X89","X90","X91","X92","X93","X94","X95","X96","X97","X98","X99","X100"
1.25169340081211,0,0.0675504126984768,0,0.00269693364105828,0,-0.00325954803689877,0.0100627714582998,-0.0666854762215119,0,0.00852090798447832,-0.0629600200183532,-0.0574954345721862,0,0.000882554298365775,0,0,-0.049581181454396,0,0,0,0,0,0.0414096438263586,-0.0644083019142224,-0.0403176999448895,-0.111702978232762,0,0,0,-0.0302492450859375,0,-0.122899756760483,0.0962160888846834,0,0,0,-0.0919115454996991,0,0,0.00114338663066487,0.0360227543431325,0,0.0230308691215866,0,0,0,0,0,0,0,0,0.0985794913238986,0,0,0,-0.100652568559863,0,0,0,0,0,0.0446795265966008,0,0.0212743559915063,-0.0533009778968379,0,0.0551164230083625,0,0,0.121619913978274,0,0,0.114363797044649,0.0447214186502775,0,0,-0.0257321037927989,0,0,0,0,0,-0.183747566552664,0.13837576480061,0,0,0.0526412167444864,0,0,0,-0.0567692569569817,0,0,0,-0.21354297602637,0,0.0304228322214731,0.0369372161334514,0
0,1.19761791228047,-0.0869379376651737,0,0.12550969058536,0,0,0,0,0,0,0,0,0,0.137936040684589,0,0,0,0,0,-0.000833127812488284,0,-0.109669348810934,0.118814762577537,-0.044163492138075,0,0,0,0,0,0,0,0,0,0,0,0,0,-0.0815748647235502,0,0,0,0,0,0,0.0824249820559168,0,0,-0.0364475338072365,-0.169091638707684,0,0.038501538430244,-0.00545734209509545,0.00498904043637202,0,0,0,0,0,0,0,0.0219969622791201,0,0.0293335686467538,0,0,0,0,0,0,0,0,0,0,-0.0520716846461412,0,0,0,0,-0.207838538835074,0,0,0,0,0.00989425645471631,0,-0.0663148656571076,0,0,-0.0692563056163481,-0.02113145793828,0.136126828150241,0.0266704886219928,0,0,0,0,0,0,0
0.0675504126984768,-0.0869379376651737,1.21811046606478,0.205360558909669,0,0,0,0,0,0,0,0.0610237408979716,0,0,0,0.133386122461844,0,0.00468200950899218,0,0,0,0,0,0.064960502555916,0,0,0,0,0,-0.0917088015864142,0.0663804567060197,0,-0.0648292739133857,0,0.0768753656480862,0,0,0,-0.0506339324660831,0,-0.035278428708873,0,0.0381484419693572,0.0263643630772093,0,0,0,0,0.0423368156221659,0,0.0494307899529021,0,0,0,0,0,0,0,-0.0663960037706031,0.100528456385324,-0.0285706249055466,0.0207716571276673,0,0,0,0.0834128716187407,0,0.0912373464906493,0,0,0,0,0.0601348445671829,0,0,0.0344931161285366,-0.0173526033635732,0.0101030437534969,0,0,-0.0175905701371124,-0.0795307718199969,0.148505583367382,0,0.0439748261998524,0,0,0,0.052988579708584,-0.0843757099808197,0,0,0,-0.0161521483536133,-0.0709412614159865,0,-0.0707395022611179,0.0465552712884725,-0.00530318177014872,-0.00815513144982312
0,0,0.205360558909669,1.19678902171057,0,0,0,0,-0.05495056343136,-0.0755161354152412,0,-0.0483759162217767,0,0,-0.0958934322740312,-0.0309074938019484,0,0,0,0,0,0,0,-0.0351360571633333,0,0,0,0,0,0,0,-0.0199183595632894,0,0,-0.0983277984762664,0,0,-0.0106050830475467,0,0,0,0,0,0,-0.0143587996487396,0.0900757328747052,0,0,0,0,0,0,-0.142371928001426,0,0,-0.25083318716749,0,0,0,0,0,0,0,0,0,0,0,0,0.0446688338458495,-0.0363410689945004,0,0,0,-0.0418947267396199,-0.0447648891419742,0,0,0,0,-0.0282335061847183,0.0547385560759976,0,0,0.0274686510493191,0,-0.0463417511124705,0,0,0,0,-0.0527379876262586,0,0,0,-0.0320120015025497,0,0,0,0,0
0.00269693364105828,0.12550969058536,0,0,1.25711789912865,0,-0.035689522542231,0.0190965725010235,0,0,0,0.0223113431799226,0,0,0.0844904318291765,0,-0.0888314161190961,0,0,0,0,0,0,-0.0542974018674804,0.0378412111834405,-0.0844137309528848,0,0,0,0,0,0,0,0.0505847056162851,-0.00625039625893484,-0.0340655008621509,0,0,0,0,0,0,-0.0165027338782092,0,0,0,0,0,0,0,0,-0.134432890669346,0,0,0,0.027918400250001,0.0834195863426688,-0.00844866532389661,-0.00828043999173135,-0.0351498067713283,0,0,0,0,0,0,0,0,0,0,0,-0.0406812414145603,0,0,-0.0569585998961385,0,0,-0.0533248664950392,0,0,0,0.0221811048679553,-0.000632034100134165,0,0.156415049404663,0,0.0485446191524762,0,-0.170546456885134,0,0,-0.213009147526748,-0.0543233550980778,-0.133574771217756,0,0.0302828716353889,0,0,-0.16735473087585,-0.0290692464163325
0,0,0,0,0,1.24603371617991,0,0,0.0394618161022883,0,0.0669556915352203,-0.00174975401373133,0,0,0,0.0181146572661161,-0.0141665921563307,0,-0.0856239851549591,0,0,0,-0.0358695799894875,0,-0.0212992549182377,-0.0552430659777669,0,-0.0961735132082248,0,0,0,0,0,0,0,0,0,0.0837018070637637,0.181327441633125,0,0,0.00302246346667184,0,-0.0563745160373752,0,0,0.0922063642054577,0,0,-0.145418779497329,0,0,0.0471114064927877,-0.0140243072685185,0,0,0,0,-0.104600400611191,0,0,0,0,0,0,0,0,0,-0.095013624925161,0,0.0704193977090969,0,0,0,0.185237480408045,0,0.0475450134483342,-0.0997212791679504,0,0,0,0.142306348130054,0,0,0,0,-0.00249237116649453,0,0,0,-0.0129529167977396,-0.123871502777173,0,-0.0570240352631084,-0.127510303427061,0,-0.0312483907314024,0,0,0
-0.00325954803689877,0,0,0,-0.035689522542231,0,1.22211474433507,0,0,0.109897148721136,0,0,-0.0172175797016947,-0.0265258406284905,0.07403067383893,0,0,0,0,0,0,-0.0206166092777263,0,0,0,-0.0551070949075636,-0.0908888257776502,0,0,-0.121489673721473,0,0,-0.0221369927908068,0,0,0,0.0160303132992557,-0.0641471179787862,0,0,0,0,-0.0696140503027853,0,0.034806134958085,-0.124875101720685,-0.00581352505356249,0.0374930663654307,0,-0.0567603537888555,0,0,0,0,-0.135091347039489,0,0.0550383201473849,-0.00045062726722315,-0.00228225645397331,-0.0125998800228491,-0.0236453037443447,0.131828772556374,-0.00402841981499657,0.0920676384062487,0,0,0,0,0,0,-0.0342589206373992,-0.00984234737550039,0,-0.00391304066278397,0,0,-0.0675531247757506,-0.219621679247748,0,0,-0.00951841941070848,0,0,0,0,0.0549110860260971,-0.016518211722994,0.0373953960654099,0,0,0.0332517555039538,0.0195942293835454,0,0,0,-0.124833622319442,0,0,0,0
0.0100627714582998,0,0,0,0.0190965725010235,0,0,1.3274572840668,0,0,0.0692298718999345,-0.0430196782158347,0,0,-0.0656520630095536,0,-0.198858044378819,0.0472209428287472,0,0,0,0,0.180777677804026,0,0,0.0117392466855079,-0.10179265970927,0.148773785680349,0,0,0,0,-0.0371264068062864,-0.112237510488174,0,0,0,0,-0.0522570508754112,0,0,0,0,0,0.0108880529696493,-0.0611611571453811,-0.1348873085335,0,0,0,0,0,0,0,0,0,0,-0.0152409598250777,-0.0720799811696078,0,0,0,0,-0.0428628867761977,0,0,0,0,0,-0.0348001276274047,0,0.128059695001009,0,0,0,0.012598232578518,0,0,0.313958704113657,0,0,0,0,0,0,0,-0.0143257255519984,0,0,0,0.200825180510602,0,-0.00666264551745936,0.00879244817598037,-0.0652529030126333,0,0.0123120009827133,0,-0.00790728453061605,0
-0.0666854762215119,0,0,-0.05495056343136,0,0.0394618161022883,0,0,1.30408962667755,0,-0.190031391646272,0,0,0,0,-0.00522270258321747,0,0,-0.0205710419265685,0.0098329402802829,0,0,0,0,-0.0528993399331556,0,0.0265908492736928,0,0,0.0567246116294988,-0.00914560513459464,0,0,0,0,0,0.0738974657636394,0,0,0,0,-0.0371725261406864,0,0,0,-0.0323726184603332,-0.0601839550949248,0,0.0624275231898593,0,-0.264237460278573,0,0,0,-0.0353144936891064,0,-0.113652344480834,0,-0.0204201310823981,0,0,-0.0121223918203594,0,0,0,0,0,0,0,0,0,-0.140270763552507,0,0,0.0613326617669623,0,0,-0.0403377872955935,0.0656688479110411,-0.0523166005163834,0,0.0612126286478999,0,0.00635985102854339,0.279438192290457,0,-0.0998984568299817,0,0,0,0,0,0,0,0,0,0,0.0355756844937365,0,0
0,0,0,-0.0755161354152412,0,0,0.109897148721136,0,0,1.14181010147687,0,0,0,0,0,0,0.0245374457411856,0,0,0.0370868721779716,0,0,0,0.0786586899162049,-0.144386432477931,0,0,0.0460444242290083,0,0,0.0427106302749581,-0.0344201811444719,0,-0.0826304007308366,0,-0.0122584815944324,-0.0522861126045042,0.040661598500368,0,0,0,0.10939465777689,0,0,0,0,0,0,0.206464103293064,0,-0.100170778905262,0,0,0,0.0441808282699392,-0.00372621230029534,0,0,0.0288516888102064,0,0,-0.0558286709208163,0,0,0,-0.039984566767372,0,0,0,0,-0.0145387251908279,0,0,0,0,0,0,0,0,0,0,-0.0490610534563229,0,0,0,0,0,0.0184366822189151,0,0,0,0,0,0,-0.0142090681013589,0,0,0,0,0
0.00852090798447832,0,0,0,0,0.0669556915352203,0,0.0692298718999345,-0.190031391646272,0,1.26719175501482,-0.0382855011978155,0,-0.011440164862248,-0.128271503057671,0.0437974780605364,0,-0.0545192490387198,0,0,0,0,0,-0.0755903074883356,0,0,0.184138301909526,0,0,-0.00972536224836244,0,0,-0.0707120842757566,0.0967691938854845,0,0,0,0,0.12311477066707,0,0,-0.0387995150317163,0,0,0.0277657715286943,0.134820046045027,0,0,0,0,0,0.0470617455366261,0,0.0666639914447918,-0.124339402665612,0,0.0626549875551985,0,0,-0.0602786966695465,0,0,0.0396044815322325,-0.0785993311671626,-0.0842154712329785,0,0.0488424642854361,0,-0.0182655276718597,0.040502854672359,-0.0893125783235418,-0.087283005478903,-0.0180128413496087,0,0,0.01551016004681,0,0,-0.0565433875860737,0.0123600059666979,0,-0.0170059274397898,0,0,0,0.0518384427319474,0,-0.047983164554593,0,0,0,0.024903765617354,0.0664000000713426,0,0,0.0770487421258438,0,0.0488986201387819,0,0
-0.0629600200183532,0,0.0610237408979716,-0.0483759162217767,0.0223113431799226,-0.00174975401373133,0,-0.0430196782158347,0,0,-0.0382855011978155,1.26219058216433,0,-0.0893975465977806,0,0,0,0,0,-0.0358659694525986,0,0,0,-0.0249463958990678,-0.0594369937128178,0,0,0,0.093646572355644,0,-0.111384172778881,0,0,0,-0.120138407888821,0,0,0,0,0,0,0,0,0,0,-0.0664292960405291,0,0,0.056250149589806,-0.045857006826257,0,-0.0317440818267293,-0.0635652040041274,0,0.00852453549663212,-0.00484161793581467,0,0,0,0,0,0.195140137262835,0,0,0,0,0,0,0,-0.0219600516062297,0,-0.0848690015575672,0,0.0287623225189009,0.0574380573978375,0.157392201164571,0,-0.0234797676268291,0,0,0,0,0,-0.0672637611116749,0,0,0,-0.184573872961371,-0.00162934305218915,0,0,0,0,0,0,-0.174949710588047,0.0612407541975801,0,0.0877691275821245,0
-0.0574954345721862,0,0,0,0,0,-0.0172175797016947,0,0,0,0,0,1.2951411318355,0,0.0509564199786588,-0.0339408966186728,-0.00921768403244337,0,0,0,0,-0.0132317236212361,0.0758146087033076,0.0129790965337567,0,0,-0.191323117512542,0,0,0.00155790746321082,-0.00149080674539706,0.165182041831229,0,0,0,0,0.0298226494063659,0,0,0,-0.19651120907469,-0.0867516715500641,0,0,0,0,0,0,0,0,0,-0.140967935857814,0,-0.00924875232317294,0,0.0567670491649372,0,-0.145844507746306,-0.0370859217157974,-0.0177264440418953,0.045468991717968,0,0,0,0,-0.100403779830083,-0.025014345892045,0,0,0,0,-0.00371184429184848,0,0,-0.0643092138457528,0,0,-0.0713344803007046,0,0,0,0,0.134287693140425,0,0,0,-0.0339030390656344,0.126586873219303,0,0,0,0,0,0.0177126983963368,0,0,0,0.0297577820725904,-0.0728424184021145,-0.0864724537996007
0,0,0,0,0,0,-0.0265258406284905,0,0,0,-0.011440164862248,-0.0893975465977806,0,1.19267948440641,0,0,0.0691299791526483,-0.0714637693067413,-0.0293806303754219,-0.18042677107956,0,-0.0810066690633712,0,-0.0304555433894383,0,0,-0.17331071997217,0,0,0,0,0,0,0,0,0,0,-0.0648789086833172,0,0,0.0332003298993659,0,0,-0.0951604746351322,0,0.1362828250086,0,0,0,0,0,0,0,0,-0.0629159375975716,0,-0.120216549229438,0,0,0,0.0495557723652948,0,0,0,0,0,0,0,0.00989345761168969,0,0,0,0.0386707888420758,0.118996684400851,-0.076698136002218,0,0,0,0,0,0,0,0,0,0.0466538171172064,0,0,0,-0.079117047004397,0,0,0,0,0,0,0,0,0.134020690048322,0,-0.00448101615153794
0.000882554298365775,0.137936040684589,0,-0.0958934322740312,0.0844904318291765,0,0.07403067383893,-0.0656520630095536,0,0,-0.128271503057671,0,0.0509564199786588,0,1.3505877481294,0.0445252744131978,-0.03691541967372,0,0,-0.0932741766008268,0,0,0,-0.0140264199252708,0,0,0.133322218737237,0,0,-0.013347891334764,-0.226338614929741,-0.0203886912691462,0,0,0.174971784685921,0.10210249446968,0,0,-0.0237603110961761,-0.0822397848315171,0,0,0,0,0,0.0566208000197748,-0.0836611930517133,0,0,0.0652262516028974,0,0,0,0.035029050608754,0,-0.198892488695493,-0.0984087840348625,-0.0108962986325493,0,0,0,-0.133766668703674,0,0,0,0,-0.00922609963750066,0.00979289573809057,0,0,0,0,0.0781053078658599,0,0.0933731774782179,0,0,0,0,0,0.0757807039594031,0,-0.0457820425014891,0.064100013520832,-0.186622806842066,0,0,0,-0.0135005628932788,0.106335606385426,0,0,0.0579654364447761,0.0574752940743118,0,0,0.0702717058760039,0,0,0
0,0,0.133386122461844,-0.0309074938019484,0,0.0181146572661161,0,0,-0.00522270258321747,0,0.0437974780605364,0,-0.0339408966186728,0,0.0445252744131978,1.15231919881916,-0.0405497708383397,0,0,0,0.00882258078802902,0,0.0725166070389103,0,0,0,-0.0014711344970267,-0.0351810489586769,0,0,0,0,0,0.0835231888261771,-0.00868237295387689,-0.0863329215318328,0,0,-0.106958568934923,0,0,-0.0191202018916362,-0.0520770172978256,0,0,0,0,0.0240908156116611,0,-0.0205928348764924,0,-0.0882194358188094,-0.0264337151038489,0,0,0.0717984427599013,-0.0285383619720144,0,0,0,0,-0.0774754468643156,-0.103203958509252,0,-0.0129084312751345,0,-0.00688033883796834,0,0,0,0,-0.0420856028000155,-0.0657481695285695,0,-0.0390130593400007,0,0,-0.014149321767734,-0.0114410133692239,0,0,0,0,0,0,0,0,0.00533643180547569,-0.0702179405412127,0.12057419165703,0,0,0,0,0,-0.0507945863321247,0,0,0,0
0,0,0,0,-0.0888314161190961,-0.0141665921563307,0,-0.198858044378819,0,0.0245374457411856,0,0,-0.00921768403244337,0.0691299791526483,-0.03691541967372,-0.0405497708383397,1.4649634200599,0.0502173749903492,0,-0.00607189977260867,0,-0.0358810043776731,-0.0386699771757048,0.25604382073009,0,0,0,-0.0451796362314097,0,0,0,0,0,0,0,0,0,-0.209600339362431,0,0,-0.0138454213024169,0,0,-0.144473431493892,0,0,0,0.0337717245266233,-0.003252168020158,-0.0381774443254386,0.0560093634148887,0,0,0,0,0,0,-0.079341125027478,0,0,-0.41358056219838,0,0,0,0,-0.212820831486167,0,0,0,0,0,-0.105721966605127,-0.0770566996066956,-0.060369000900228,0.102976502421614,0,0,0,0,0,0,-0.0407558237518129,0,0,0,0,0,0,-0.00908339472375785,0,0.155092903145357,0,0,0,0,0,-0.0328529206213816,0,0,0
-0.049581181454396,0,0.00468200950899218,0,0,0,0,0.0472209428287472,0,0,-0.0545192490387198,0,0,-0.0714637693067413,0,0,0.0502173749903492,1.16261869162079,0,0.0570228959772999,0,-0.0101875004379567,0,0,-0.0304695613804007,0,0,0.020640778774554,0.0385477669304567,-0.0400846548703235,0,0,0.150798978066402,0,0.0025115277890046,0,-0.147796864861974,0,0.0662999580334357,0,0,0,0.101749545696799,0,-0.101221236951068,0,0,-0.0158269319174918,0,0,0,0,-0.110592848625142,-0.00716321665111447,-0.0138408624371523,0,0,-0.0449244559935486,0,0,0,-0.0139439929255111,-0.0275852520819144,-0.0492070798279234,0,-0.0389538830234432,0,0,0,0,0,0,0,0,0,0,-0.137496138197582,-0.0585208777652146,0,0,0,0,0,-0.0708497744789831,0,0,0,-0.110147750765846,-0.00561312686469446,-0.0485704697576188,0,0,0,0,0,-0.0203517628515436,0,-0.0069932149077744,0,0
0,0,0,0,0,-0.0856239851549591,0,0,-0.0205710419265685,0,0,0,0,-0.0293806303754219,0,0,0,0,1.18579484593104,0.00586504892035414,0,0,0,0,0,0,0,0,0,0.0296686580888135,0.0695236419210241,0,0,0,-0.00130549471551529,0,0.0139914922294543,-0.0106649391552333,0,0,0,0,0,-0.255073322158836,0,0,0,0,-0.0283246463753644,0,0,0.0175099223375545,0,0,0,0.00970146949345594,-0.162996348711385,-0.00801516366046715,-0.180626190118114,0,0,0,0,0,0,-0.112947625287222,0,0,-0.0229693163675354,0,0,0,0.0220395781029829,0,0,0,-0.113050519519879,-0.0145563880445172,0,0,0,0,-0.0514188131414731,0,0,0,-0.0282978910130305,0.00131355854297553,0,0,0,-0.0180780008001816,0,0,0,0,-0.0773408139559998,0,0,0
0,0,0,0,0,0,0,0,0.0098329402802829,0.0370868721779716,0,-0.0358659694525986,0,-0.18042677107956,-0.0932741766008268,0,-0.00607189977260867,0.0570228959772999,0.00586504892035414,1.13815021839448,-0.0718574725998879,0,-0.00677704928852296,-0.0623909156335512,0.0723956510207888,0,-0.00569839454228423,0,0,0,0,0,0,0,-0.0589928125143098,0.00471101315598948,0,0.0198859074424021,-0.0517234205688189,0,0,0,-0.0510279422219869,0,0,0,0.0253096851027946,0.0282395888200055,0,0,0.0311390213414438,0.0276683888917879,0,0,0,0,0.0508697178735966,0,0,0.0186253421281724,0,0,0,0.0527499906003118,0,-0.0166512933878546,0,0,0,0,-0.118700421685659,0.00123796275446096,0,0.123499898427033,0,0.0456282028601509,-0.111157558498553,0,0.050599962989767,-0.0354030263348184,0.0190199625966693,0,0,0,-0.000317201727794751,0.0280040173052034,0,0,0,0,0,0,0,0,0,0,0.0259737868888009,0,0,0
0,-0.000833127812488284,0,0,0,0,0,0,0,0,0,0,0,0,0,0.00882258078802902,0,0,0,-0.0718574725998879,1.19732852849245,0,0.0809519135146459,0,0,0,0,0,0,0,0,0,0,0.0657350089503181,0,0.0751146131741826,0,0,0,0,-0.106354549495275,0,0,0,0.0776614663580071,0,0,0,0,-0.1066421838021,0,0,0,0,0,0,0,0.0112325866710209,0,-0.170505037931831,0,0,0,0.312643031172483,0,0,0,0,0,0,0,0,0.0790640519303751,0,0.0299775567904794,0,0,0.0116022738059899,0,-0.0180005895052524,0,0,-0.00446957844030807,0,0.0246974525728122,0.00614916386880686,0,0,-0.0370748266251349,0,-0.00650279813848128,0,-0.00298813674273573,0.00205113890485899,-0.00914394525176609,0.00893533813347846,0.0413179652886709,-0.0775919763407355,0,0
0,0,0,0,0,0,-0.0206166092777263,0,0,0,0,0,-0.0132317236212361,-0.0810066690633712,0,0,-0.0358810043776731,-0.0101875004379567,0,0,0,1.07101451388191,0.0355062505978594,0,0,0,0,0.0207637590855132,-0.0119375397070968,-0.0678098661412763,0,0,0,0.00843002842796248,0,0,0,0,-0.00281325550991241,0,0,-0.0384361162695899,-0.0126053892330526,0,0,-0.0677265555633509,0,0,0,0,0,0,0,-0.161920416243758,0,0,0.0170817203077007,-0.0189789440326804,0,0,-0.0684577472837382,0,0,0,0,0,0,0,0,0.0493021134820285,0,0,0,0,0,0,0,0.109433970723497,0,0,0,0,0,0,0,0,0,0.00587493531391231,0,-0.0253179173839564,0,0,0,0,0,0,0,0.0100818307837828,0,0.00272227503276795
0,-0.109669348810934,0,0,0,-0.0358695799894875,0,0.180777677804026,0,0,0,0,0.0758146087033076,0,0,0.0725166070389103,-0.0386699771757048,0,0,-0.00677704928852296,0.0809519135146459,0.0355062505978594,1.26040475998137,0,-0.0230243391811493,0,0,-0.044363713180384,0,0,0,0,0.0265176808054991,-0.0711120166393278,-0.0465034743076431,0,0,-0.00407375912792643,0.0294513846317357,0,-0.011195932791527,0,0,0,-0.0747935954062271,0,0,0,-0.138700333743966,0,0.0552554581019295,0.0210090660396668,0,0,0,0,0,0,-0.0195448822074119,0,-0.14612960977609,0,0,0,0.0768264116567943,0,0,-0.128044302478004,-0.0188754641300723,0,0,0.0675283202407563,-0.0432282824453413,0,0,0,0,0,-0.0818496448450534,0,-0.00518975120272331,0,0.110318047055751,-0.07399810399963,0,0,0,-0.0899776537350362,0,-0.0863156757934588,0,0,0,0,0.135372581446715,-0.150292563385398,0,0,0,0
0.0414096438263586,0.118814762577537,0.064960502555916,-0.0351360571633333,-0.0542974018674804,0,0,0,0,0.0786586899162049,-0.0755903074883356,-0.0249463958990678,0.0129790965337567,-0.0304555433894383,-0.0140264199252708,0,0.25604382073009,0,0,-0.0623909156335512,0,0,0,1.25444351299729,0.00908996759146879,0,0.0150830351623618,0,-0.116281911295167,0,0,-0.0743335561853822,0.0248951331215075,0,0,0,0,0,0,0.0306857630216097,-0.0203224910848541,0,0,-0.0560131369173999,0,0,0,0,0,0,-0.064558431493265,-0.111152009358108,0,-0.10475807903821,0,0,0,0,0,0.124044066514056,0,0,0,0,0,0,0,0,0,0.0976085507708723,0,0,-0.0437514730873398,0,-0.107195239725682,0,0,0,0.0147529613110878,0,0,0,0,0,-0.121181794535395,0,0,0,0,0,0,-0.0216499372144649,0,0,0,-0.051991974698629,0.0020241204415787,0,0.0113795259227462,-0.20974595624628
-0.0644083019142224,-0.044163492138075,0,0,0.0378412111834405,-0.0212992549182377,0,0,-0.0528993399331556,-0.144386432477931,0,-0.0594369937128178,0,0,0,0,0,-0.0304695613804007,0,0.0723956510207888,0,0,-0.0230243391811493,0.00908996759146879,1.28976332020023,0,0,0,0.106930450996498,0,0,0.0213487891874914,0,0,0,0,0,0,0,0,0,0.0920967509547608,0.00636490728623859,0,0,0,0,-0.0307627388559952,-0.0957968453431512,-0.0242967664961898,-0.200664970667951,0,0,0,0,0,0,0.0155528584849835,0,-0.137852473672751,0,0,0,0,0.00175648816680824,0,0,0,0,0,0.0649184450406024,-0.126562905795159,0,0.0348814224712719,0.108892047067892,0,-0.042555914863924,0,-0.139721722451437,-0.121039304205122,0,0,0,0,0,-0.166899030494756,0,0,0,0,-0.0166718182023867,0,0,-0.0783673029631271,0.0313443722498859,0,0,0,0.100431879858198,0
-0.0403176999448895,0,0,0,-0.0844137309528848,-0.0552430659777669,-0.0551070949075636,0.0117392466855079,0,0,0,0,0,0,0,0,0,0,0,0,0,0,0,0,0,1.22849275875831,0,-0.177588523480681,-0.00337042785366417,-0.0357970896649256,-0.211594838342798,0,-0.0792617524824339,0,0,0,0,-0.00345368354838942,0,0,0,0,0,0,0,0.133511688457819,0,0,0,-0.0190646022366807,0,0,0,0,0,-0.0604240473990775,0,0,0,-0.0857114599419086,-0.137001215806224,-0.0588011954150663,-0.0170533318727357,0,-0.0633304320489581,0,0,0,0,-0.0531772440119031,0,0,0.0531269185453858,0,0,0,0,0,-0.0891755724483314,0,0,0,0,0.0539351088176033,0,0,0,0.0162996202790447,-0.0375723054226062,0.117270590902336,0,-0.015774274574024,0,0,-0.0419749127760421,0,-0.151204836397388,0,0,0
-0.111702978232762,0,0,0,0,0,-0.0908888257776502,-0.10179265970927,0.0265908492736928,0,0.184138301909526,0,-0.191323117512542,-0.17331071997217,0.133322218737237,-0.0014711344970267,0,0,0,-0.00569839454228423,0,0,0,0.0150830351623618,0,0,1.25589348591499,0,0,0,0.0217818577786906,0,0,0,0,0,0,0,0,0,0,0,-0.048587513072962,0,0,0,0,0.0527220295007254,0,0,0,0,0,0,0,0,0,0,0,0,0,0,-0.100666909526583,0,0,0,0,0,0.0587859505748737,0,0,0,0,0,-0.00533274852663946,0,0,-0.0779569612280064,0,0,0,-0.0924010847247704,0.0012451839983434,0,0,-0.0962863085365508,0,0.134147259802346,0,0,-0.0777778594796695,0,0,0.0257880239683703,0,0,-0.0697750325901719,0,-0.0226911022348608,-0.032294413819036
0,0,0,0,0,-0.0961735132082248,0,0.148773785680349,0,0.0460444242290083,0,0,0,0,0,-0.0351810489586769,-0.0451796362314097,0.020640778774554,0,0,0,0.0207637590855132,-0.044363713180384,0,0,-0.177588523480681,0,1.25541472616995,0,0,0,0.028905954091278,0,0,-0.0728532214955821,0.0195547406245783,0.0443450860714722,-0.0639891667266553,0,0,-0.0187450301108366,-0.00523217129685295,0,0,0,0,0.0513976331555536,0,0,-0.00524574609151178,0,0,0,0,0,0,0,-0.0140306304169557,0.0652268316033421,0.0414681060522428,0,0,0,0.0006188407589007,-0.135949492502546,0.154399578562985,-0.00157267390517607,0,0,0,0.0218593706164334,-0.000232329546557434,0,0,0.150672717025315,0.0106753171889776,0,0,0,0,0,0,0.0494694192465264,-0.00215171265345331,-0.0116531030234393,0.0109340018730218,0,0,0,0,0,0,0.0132270726531906,0,0.00887339598225401,-0.0549131695074415,0,0,0,-0.289966364644699
0,0,0,0,0,0,0,0,0,0,0,0.093646572355644,0,0,0,0,0,0.0385477669304567,0,0,0,-0.0119375397070968,0,-0.116281911295167,0.106930450996498,-0.00337042785366417,0,0,1.1081990471928,0,-0.0452440857799052,0,0,-0.00679693394425729,-0.0928350550205921,0,0,-0.0615451844588498,0,0,0,0,-0.0229414165480732,0,0.016934974446766,0,0,0,0.142662503485588,0,0,0,0.000299905822153147,0,0,0,0.00893680500931887,0,0,0.00438937881322603,0,0,0,0,0,0,0,0.0210621498192287,-0.02933094313513,0,0,0,0,0,0,0,0,-0.0301999789144796,0,0,0,0,0,-0.0031153833858319,0,0.0609059789953976,0,0.032263332775575,0,0,0,0,0,0,0,0,0,0,-0.164818423455378,0
0,0,-0.0917088015864142,0,0,0,-0.121489673721473,0,0.0567246116294988,0,-0.00972536224836244,0,0.00155790746321082,0,-0.013347891334764,0,0,-0.0400846548703235,0.0296686580888135,0,0,-0.0678098661412763,0,0,0,-0.0357970896649256,0,0,0,1.4371551838282,0,0,0,-0.128177156976132,0.0447925047447487,0,0,-0.0157307326020742,-0.08548504373066,0,0,0,-0.0317052799923956,0.0962493161392986,0,0.135469107071261,0,0,0,-0.0523504615997941,0,0,0.0356289890809458,0,0,0,0.139784438550134,0,0,-0.074119326799553,0,0,0,0.0904759938005552,-0.00961092244347579,0,0,-0.0443335149543637,-0.023469872559302,0,-0.099711793773378,0,0,-0.0760225287695704,0,0,0,0,-0.254622702976628,0.100182342123065,-0.0138025602064581,0.0623216629147295,0,-0.0505548849061305,-0.29112071929282,-0.324214868879803,-0.0103890622787614,0,0,0,0,0,0,0,-0.0516609773084652,0.104754014456569,0,0,-0.0169103830760712,-0.0178428630752175
-0.0302492450859375,0,0.0663804567060197,0,0,0,0,0,-0.00914560513459464,0.0427106302749581,0,-0.111384172778881,-0.00149080674539706,0,-0.226338614929741,0,0,0,0.0695236419210241,0,0,0,0,0,0,-0.211594838342798,0.0217818577786906,0,-0.0452440857799052,0,1.25724636178107,0,-0.0754911417691005,0,-0.245669515954246,0,-0.0237790149090264,-0.00825886550164126,0,0,0.0209752615851802,0,0,0.0262312138591277,0,0,0,0,-0.140116278524949,0.0116016954873773,0,-0.00571251631923611,0,0,0,0,0,-0.011254921156458,0,0,0,0.03278291972785,0,0,0,0,0,0,0,0,0,-0.0618172604236273,0,0.0420359110310855,-0.071016781306187,0,0,0,0,-0.035855435015294,0,0,0,0,0,0.00425223023989691,-0.00369403758521517,0,0,0,0,0,0,0.120898547829657,0.0975736468305832,0,0.0397373307386358,0,0,0
0,0,0,-0.0199183595632894,0,0,0,0,0,-0.0344201811444719,0,0,0.165182041831229,0,-0.0203886912691462,0,0,0,0,0,0,0,0,-0.0743335561853822,0.0213487891874914,0,0,0.028905954091278,0,0,0,1.14192777872249,0,0,0,0,0,0,0,0,0,0,-0.117567450568025,0,0,0,0,0,0,0.0388600426324945,0,0,0,0,0.0191639419549526,-0.182896430016134,-0.0398836061255607,0,0,0.063906423131123,0,0,0,0,0,-0.0117750356184325,0,0,0,0.0175491621572465,-0.0175829852692881,0.118334651106016,-0.0561096825123908,-0.0854274481057591,0,0,0,0,0,0,0,-0.0181338081836906,-0.0504210692950864,0,0,0,0,0.103351362585815,0,0,-0.0462765411063151,0.0616612773134356,0,0,0,0,0,0,0,0
-0.122899756760483,0,-0.0648292739133857,0,0,0,-0.0221369927908068,-0.0371264068062864,0,0,-0.0707120842757566,0,0,0,0,0,0,0.150798978066402,0,0,0,0,0.0265176808054991,0.0248951331215075,0,-0.0792617524824339,0,0,0,0,-0.0754911417691005,0,1.20272998560442,0,0,-0.00571463946145374,0,0,0,-0.0411385131573593,-0.0176663132020701,0,0,0,0.043799765845379,0.00298705963242927,0,0,0,-0.0441174734685809,-0.131590005090164,0,0,0,-0.0194678382265856,0,0.0412240151989146,0,0,0,0,0,-0.0190145931143039,-0.0500995379702948,0.0339599488965295,0,0.21275657886949,0.0249213006959488,0,0,0.0088146108355561,0,0,0,0,0.0404787756740383,0.0677506478583713,0,0,-0.00229035210394836,0,0,0.0125162831190389,0,0.0787390784664293,0.128580191023451,0,0,0,0,0,0,0.116244820326557,0,0,0,0,0.0972872702811636,-0.0755041058464607,0
0.0962160888846834,0,0,0,0.0505847056162851,0,0,-0.112237510488174,0,-0.0826304007308366,0.0967691938854845,0,0,0,0,0.0835231888261771,0,0,0,0,0.0657350089503181,0.00843002842796248,-0.0711120166393278,0,0,0,0,0,-0.00679693394425729,-0.128177156976132,0,0,0,1.26271929597367,0,0.0545854385556456,0,0,-0.0638770875798315,0,0,0,0.000199494859437175,0.02596254111631,0,-0.0536612233075941,0,0,0,0.060350009833104,0,0,-0.116398305524915,0,0.000166775358616711,-0.296539549892321,0,0,0,0,0.0931795343014496,0,0,0.0188874933826139,0,-0.040768673295175,0.0354236014215432,-0.0366340651148872,0,-0.104319294509908,0,0.00771050450958353,0,-0.112057383436903,-0.00654309989119147,0.105145805903734,-0.030002335632179,0,0,0,0,0.149459703225294,0,0.0641867406736439,0,0,-0.0807727005747741,0,0.015135702167206,0,0,0.0117564823939994,0,0,0,-0.0946599122475118,0.04039617886468,0,0,0
0,0,0.0768753656480862,-0.0983277984762664,-0.00625039625893484,0,0,0,0,0,0,-0.120138407888821,0,0,0.174971784685921,-0.00868237295387689,0,0.0025115277890046,-0.00130549471551529,-0.0589928125143098,0,0,-0.0465034743076431,0,0,0,0,-0.0728532214955821,-0.0928350550205921,0.0447925047447487,-0.245669515954246,0,0,0,1.57425071541174,0,-0.212402443189644,-0.0770158829915366,-0.103696383522232,-0.135444388944187,0,0,0,-0.183014079178301,0,-0.438626224710191,0.0892382827131357,0,-0.139697675713444,0,0,0,0,0,0,0,-0.0371216497351604,0,-0.0773067131893481,0,-0.000192367944917069,0,0.0604600334488213,0.00387632946335512,0,0,0,0,0,-0.156521299144749,0,-0.0897551683694511,0,0,0,-0.0574284627883644,0,0,0,-0.0301854320151937,0.044704815849673,0,0,0,0,0,0,0,0.0435129636570226,0,0.118288799769702,0.255236744024461,0,0.0704418885036763,0,0,0,0,0,-0.00785507305576632
0,0,0,0,-0.0340655008621509,0,0,0,0,-0.0122584815944324,0,0,0,0,0.10210249446968,-0.0863329215318328,0,0,0,0.00471101315598948,0.0751146131741826,0,0,0,0,0,0,0.0195547406245783,0,0,0,0,-0.00571463946145374,0.0545854385556456,0,1.16728895840919,0,0,0,0,0,0,0,0.0785753275649628,-0.0489541245081332,0,0,-0.0575955365659891,0,0,0,0,0,0,0,0.0204668320254319,-0.042509952005813,0.0726697378670807,-0.0876854936403279,0,-0.105638672891163,0,0,0,0,-0.0676556391957517,0.0370933791928958,0.0471428675570859,0,0.0473147167372161,0,-0.165820417237815,0,0,0,0,0,0,0,0,-0.020148717389287,0,0,-0.00695699445723524,-0.0213504457515357,0,0.00651954250926859,0,0,0,0,0,-0.00456047755505547,0,0,0,-0.153957595304732,0,0,-0.130971817100056
0,0,0,0,0,0,0.0160303132992557,0,0.0738974657636394,-0.0522861126045042,0,0,0.0298226494063659,0,0,0,0,-0.147796864861974,0.0139914922294543,0,0,0,0,0,0,0,0,0.0443450860714722,0,0,-0.0237790149090264,0,0,0,-0.212402443189644,0,1.19478062658835,0,0,-0.107406850597994,0,0,0,0,0.0916779918095444,0,-0.0464266214011799,0,-0.00601308633476925,0.047347425249211,0,0,0,0,0,-0.0723565531758403,-0.0433685281880527,0.0585767606870297,0.15360707196772,0,0,0.0332257784999832,-0.0547227635732297,0,0,-0.0166618743050547,0,0,-0.0847262549045084,0,-0.0593153730548192,0,-0.0530682195555198,0,0,0,0,0,0,0.025339293813235,0,-0.0795782520551341,0,-0.0933062683587136,0,-0.0729026273555694,-0.0386114078512156,0,0,0,0,0.0120030333913277,0.0540807285514235,0,0,0,0,-0.102595065018655,0,0.0430065953399607
-0.0919115454996991,0,0,-0.0106050830475467,0,0.0837018070637637,-0.0641471179787862,0,0,0.040661598500368,0,0,0,-0.0648789086833172,0,0,-0.209600339362431,0,-0.0106649391552333,0.0198859074424021,0,0,-0.00407375912792643,0,0,-0.00345368354838942,0,-0.0639891667266553,-0.0615451844588498,-0.0157307326020742,-0.00825886550164126,0,0,0,-0.0770158829915366,0,0,1.22225942325569,-0.00686114130976433,0,-0.00390674044802455,0,-0.221586076854291,0,0,0,0,0,0,0,0,-0.0627143747658626,0,0,0,0,0,0,-0.0914119545640691,0,-0.0236721879765397,0,0.0805811265934786,0,-0.0939411224597921,0,0,0,0,0,0,0,0,-0.221411665050647,0,0,0.095264429970007,0.0497895257205854,0,0,0,0,0,0,0,0,-0.0317559019111815,0,0,0,0,0,0,0,0,0,0,0,0,-0.0271066461836521
0,-0.0815748647235502,-0.0506339324660831,0,0,0.181327441633125,0,-0.0522570508754112,0,0,0.12311477066707,0,0,0,-0.0237603110961761,-0.106958568934923,0,0.0662999580334357,0,-0.0517234205688189,0,-0.00281325550991241,0.0294513846317357,0,0,0,0,0,0,-0.08548504373066,0,0,0,-0.0638770875798315,-0.103696383522232,0,0,-0.00686114130976433,1.42591295035055,0,0,0,0.0354251619379027,0,-0.227935550989295,0,-0.0448979693002251,-0.0743621187312223,0,-0.098550900947186,0,0,-0.0876749550209565,0,0,0,-0.0481334784985331,0,0,0,-0.0723724384638697,-0.267450976372875,0,0.0197633572486703,0.129353332441074,0,0,0.00408471837354679,-0.0466711526654425,-0.0442634714498275,0,0,0.0305778787885485,0,-0.110949637494033,0,-0.0816707754399074,0.139002836861192,-0.0653843285712031,0,0.0450584659466187,0,-0.2596681527249,0,0,0,0,0,0,0.0296736934373474,0.00173121020818139,0,0,0,-0.0950010839527446,-0.0176359217315858,0,0,0,0
0,0,0,0,0,0,0,0,0,0,0,0,0,0,-0.0822397848315171,0,0,0,0,0,0,0,0,0.0306857630216097,0,0,0,0,0,0,0,0,-0.0411385131573593,0,-0.135444388944187,0,-0.107406850597994,0,0,1.08016189214647,0.0189859177418201,0,0,0.0653942570654626,0,0,0,0,-0.0109280838119929,0,0,0,0,0,0,0,-0.0314283278806279,0,0,0,0,0,0,0,-0.0640526362438388,0.0802316431472526,-0.0454455147185327,0.0248968117826972,0,0,0,0,0,0.0936151945751642,0.0564914957465463,0,0.0248357791672924,-0.0215604567651251,0,0,0,-0.0878349020683718,0.0204883415909261,-0.0252758893788176,0,0,-0.000140193396314331,0,0,0,0,0,0,0,0,0,0,0,0,0
0.00114338663066487,0,-0.035278428708873,0,0,0,0,0,0,0,0,0,-0.19651120907469,0.0332003298993659,0,0,-0.0138454213024169,0,0,0,-0.106354549495275,0,-0.011195932791527,-0.0203224910848541,0,0,0,-0.0187450301108366,0,0,0.0209752615851802,0,-0.0176663132020701,0,0,0,0,-0.00390674044802455,0,0.0189859177418201,1.14934031794157,-0.00274069985841662,-0.0137253547475852,0,0,-0.0704999533880393,0,0.010898103906145,0.0711769350330865,-0.00986561589340566,0,0,0,-0.0923189744481819,0,0,0,0,0,0,0,-0.00927170899015583,-0.0349418116355325,0,0,-0.0385903951920252,0,-0.0113057459751719,0,0,0,0,0,-0.033124799008514,0.11642092278245,0,0,0.00734029835126595,0,0,0,-0.00185475989335352,0,0,0,0,-0.131152354010995,0.0405064927121156,0,0,-0.150897355072201,0,-0.0100124079212907,0,0,0,0,0,0,-0.027361625217531
0.0360227543431325,0,0,0,0,0.00302246346667184,0,0,-0.0371725261406864,0.10939465777689,-0.0387995150317163,0,-0.0867516715500641,0,0,-0.0191202018916362,0,0,0,0,0,-0.0384361162695899,0,0,0.0920967509547608,0,0,-0.00523217129685295,0,0,0,0,0,0,0,0,0,0,0,0,-0.00274069985841662,1.15023151146548,0,0,0,-0.0222799473859003,0,0,0,0,0.0775094655015032,-0.025310722949129,0,0,0.0521909740438001,-0.0222796011778597,0,-0.111626509234621,0,0,0,0,-0.00197490621737511,0,0,0,-0.0254148613416621,0,0,0,0,0,0,0,0,0.0706763859892413,0.0176474227664012,-0.0307105641998678,0,0,0,-0.0012164330260178,0,0.107387636019398,-0.239549121662528,0,0,0.0766167224052571,0,0.058112676887262,0.00838871403838608,0,0,0.00392704820336499,0,0,0.0280917028608634,0,0,0
0,0,0.0381484419693572,0,-0.0165027338782092,0,-0.0696140503027853,0,0,0,0,0,0,0,0,-0.0520770172978256,0,0.101749545696799,0,-0.0510279422219869,0,-0.0126053892330526,0,0,0.00636490728623859,0,-0.048587513072962,0,-0.0229414165480732,-0.0317052799923956,0,-0.117567450568025,0,0.000199494859437175,0,0,0,-0.221586076854291,0.0354251619379027,0,-0.0137253547475852,0,1.17705999508858,0,0.136264790485839,0,0,0,0.0155753759160517,0,0,-0.0394450202088697,0,0,0,0.114387633912586,0.101181751443668,0,0,0,0,0,-0.0466663600867952,0,0,-0.055538215703555,-0.111527720609832,0,0,0,0,0,-0.0184943280276058,0,0,0,0,-0.0227287360558959,0.0375999702930545,0.00382487445122719,0.0602108831338356,-0.0260552633449017,0,0,0,0,0,0,0,0.0430914521891652,-0.00397265848078782,0,0.0194931525346575,0,0,0,0.0788657711416181,0,0,0
0.0230308691215866,0,0.0263643630772093,0,0,-0.0563745160373752,0,0,0,0,0,0,0,-0.0951604746351322,0,0,-0.144473431493892,0,-0.255073322158836,0,0,0,0,-0.0560131369173999,0,0,0,0,0,0.0962493161392986,0.0262312138591277,0,0,0.02596254111631,-0.183014079178301,0.0785753275649628,0,0,0,0.0653942570654626,0,0,0,1.30001004594598,0,0,-0.130560028611012,0.0147892843953607,-0.0107374353095675,-0.0237182114677049,-0.150386020817694,0,0,0,0,0,0,0,0,0.0131232039894179,0,0,0,-0.135213617904632,0,0,0.232984598293808,-0.0996646706858102,0.0206441178615508,0,-0.000761170156713684,0,0,0,0,0,0.0345068924991227,-0.0045668237855066,0,0,0,0,0,0.0377893509557732,0,0,-0.0690008798597142,0.10775246433533,0,0,0.00759562488176919,0,0,0.070656927333065,0,0.070383374679241,0,0,0.0763563798734694,0
0,0,0,-0.0143587996487396,0,0,0.034806134958085,0.0108880529696493,0,0,0.0277657715286943,0,0,0,0,0,0,-0.101221236951068,0,0,0.0776614663580071,0,-0.0747935954062271,0,0,0,0,0,0.016934974446766,0,0,0,0.043799765845379,0,0,-0.0489541245081332,0.0916779918095444,0,-0.227935550989295,0,0,0,0.136264790485839,0,1.19429003794423,0,0,-0.0355365977067047,-0.11119121194103,0,0,0,-0.0736272335455172,-0.0590635272513184,0,0,0,0,0.0225714812361894,0.0797012152207972,0,-0.0537971642464375,0,0,0,-0.0270981439698631,0,0,0,0,0,0,0,0,0,0,-0.0866374459676855,0,0,0,0,0,0,-0.051660007141952,0,0,0.0492993312787761,-0.0155919601224108,0,0,0,0,0,-0.0591610646481955,0,0,-0.0251823256598001,0,0.0130172328917787,0
0,0.0824249820559168,0,0.0900757328747052,0,0,-0.124875101720685,-0.0611611571453811,-0.0323726184603332,0,0.134820046045027,-0.0664292960405291,0,0.1362828250086,0.0566208000197748,0,0,0,0,0,0,-0.0677265555633509,0,0,0,0.133511688457819,0,0,0,0.135469107071261,0,0,0.00298705963242927,-0.0536612233075941,-0.438626224710191,0,0,0,0,0,-0.0704999533880393,-0.0222799473859003,0,0,0,1.53731459844416,0,0,0.0583674003744074,0,0,-0.0254757715685512,0,-0.178312381831186,0,0.073211168329636,0,0,-0.214441075474703,0,-0.193200854361784,0,0.0943730341033912,0,0,0,0,0,0,0,0.0104917723591544,-0.00670226563440624,0.0551096597937474,0,0.0893241268316409,0,0,0,0,0,0,0.0531140513402743,0,0,-0.242046670984371,0,0,0,0.0451596647106714,0,0.11279223830153,0,-0.0596270300573276,0,0,0,0,0,0.130382697620514,0
0,0,0,0,0,0.0922063642054577,-0.00581352505356249,-0.1348873085335,-0.0601839550949248,0,0,0,0,0,-0.0836611930517133,0,0,0,0,0.0253096851027946,0,0,0,0,0,0,0,0.0513976331555536,0,0,0,0,0,0,0.0892382827131357,0,-0.0464266214011799,0,-0.0448979693002251,0,0,0,0,-0.130560028611012,0,0,1.16640386573969,0,-0.00462962981391309,-0.132700223538089,0,-0.0184167139829315,0,0,-0.0858662756425617,0,0,0,0.087237613017736,-0.108217975786734,-0.034575451674373,0,0,-0.0433574670280917,0,0.048662588157436,0,0,0,0,-0.0213536585465439,0,0,0,0,0.10626774093301,0,0,0,0,0,0,-0.108266447920996,-0.0476828962579119,0,-0.155506034622722,0,0,0.00263526944995415,0,0,0,0,0,0,-0.0377034879644078,0,0,0,0
0,0,0,0,0,0,0.0374930663654307,0,0,0,0,0,0,0,0,0.0240908156116611,0.0337717245266233,-0.0158269319174918,0,0.0282395888200055,0,0,0,0,-0.0307627388559952,0,0.0527220295007254,0,0,0,0,0,0,0,0,-0.0575955365659891,0,0,-0.0743621187312223,0,0.010898103906145,0,0,0.0147892843953607,-0.0355365977067047,0,0,1.12800004936791,0,0,0,0,-0.0214076072251244,0,0,0.000956372467803555,-0.13112205268476,0,0,-0.0389813094627078,-0.0234993976254582,-0.0269724085347875,0,-0.0375966426063925,0,0,0.0411874566083891,0,-0.0379336466354997,0,0,0,0,0,0,-0.00077780886128841,-0.112758072995357,0.0180810478001009,-0.00487536019844693,0.0323694923282326,0,0,-0.00146307440391479,-0.0167690094633078,-0.237290469522269,-0.0256013266306081,0,-0.0041146286558995,0,0,0,-0.0263798891749865,0,0,-0.00291525730641953,0,0.0168571355519591,0,0.0399927300737346,0
0,-0.0364475338072365,0.0423368156221659,0,0,0,0,0,0.0624275231898593,0.206464103293064,0,0.056250149589806,0,0,0,0,-0.003252168020158,0,-0.0283246463753644,0,0,0,-0.138700333743966,0,-0.0957968453431512,0,0,0,0.142662503485588,0,-0.140116278524949,0,0,0,-0.139697675713444,0,-0.00601308633476925,0,0,-0.0109280838119929,0.0711769350330865,0,0.0155753759160517,-0.0107374353095675,-0.11119121194103,0.0583674003744074,-0.00462962981391309,0,1.50842499622552,0,-0.0758665451234914,0,0,0,0,0,0,0,0,0,-0.121917985909239,-0.0530765092362947,-0.021370164324264,0,-0.0326694570847804,0,0,0,-0.00337086038114881,0,-0.0409319887436492,0,-0.0195309533126714,0.250705236180488,-0.462308896732319,0,0,0,-0.035222499690942,0,-0.168181851742384,0,0,0.0422465094032948,0,0,0,0,0.0126038335487285,0,0,0.125454380970093,0,0.056634431219245,0,0,0,-0.0507742778912522,0,0.143284137980711
0,-0.169091638707684,0,0,0,-0.145418779497329,-0.0567603537888555,0,0,0,0,-0.045857006826257,0,0,0.0652262516028974,-0.0205928348764924,-0.0381774443254386,0,0,0,-0.1066421838021,0,0,0,-0.0242967664961898,-0.0190646022366807,0,-0.00524574609151178,0,-0.0523504615997941,0.0116016954873773,0.0388600426324945,-0.0441174734685809,0.060350009833104,0,0,0.047347425249211,0,-0.098550900947186,0,-0.00986561589340566,0,0,-0.0237182114677049,0,0,-0.132700223538089,0,0,1.19630916938808,-0.020718940215384,-0.172503893995166,0,0,-0.0757176711342145,0,0,0.0450761366131095,0,0,-0.0178752144201355,0,0,0.0800914647199161,0,0.0182912992166137,0,0,0,0.0925632495015846,0.0113740162247572,-0.0149197355064424,0.00633624287174042,0,0.0959058932537252,0,0,0,-0.0651909568936554,0,0,0,0,0,0,0,0,0,0,0.112830283327854,0,-0.017927027434506,0,0,0,0,0,0,0,0
