"X1","X2","X3","X4","X5","X6","X7","X8","X9","X10","X11","X12","X13","X14","X15","X16","X17","X18","X19","X20","X21","X22","X23","X24","X25","X26","X27","X28","X29","X30","X31","X32","X33","X34","X35","X36","X37","X38","X39","X40","X41","X42","X43","X44","X45","X46","X47","X48","X49","X50","X51","X52","X53","X54","X55","X56","X57","X58","X59","X60","X61","X62","X63","X64","X65","X66","X67","X68","X69","X70","X71","X72","X73","X74","X75","X76","X77","X78","X79","X80","X81","X82","X83","X84","X85","X86","X87","X88","X89","X90","X91","X92","X93","X94","X95","X96","X97","X98","X99","X100"
1.2620035352,0,-0.191733304027234,0,0,0.0409732558552484,0,0,0,0,0,0,0.00799915570513872,0,0.140507624143746,0,0,0,0,0.139815234706036,0,0,0.0439623315629931,0,0,0,0,0,0,0,0,0,0,0,0,-0.0946800659851564,-0.0823205236768938,-0.128915345364643,-0.116432610932382,0,0,0,-0.0135303127997582,0,-0.00467968912659728,0,0,0,0,0,0,0,-0.0463451736231618,-0.179485337308065,0,0.101851254407476,0.0037058387163373,0,0,0.0632131528182421,0,0,0,0.0601822077655008,0.0580398169702789,0.0287153984625566,0,0,0,0.0273293395772219,-0.0123252454593131,0,0,0,-0.215781798694098,0,0,0,0,0,0,-0.0543074383728974,0,0,0,0,0,-0.0369987907954708,0,0,0,0,-0.0286175162027923,0,-0.0521294332858541,-0.167902083448915,0.0369106191029136,0.0304443183720079,0,0
0,1.3356463739451,0,0,0,0,0,0.157281915849265,0,0,-0.0342689425234241,-0.0411047841916878,-0.0347695434897058,0,0.00132570044509085,0,-0.124658997022078,0,0,0,0,-0.0383155598525592,-0.0228884429744613,0,-0.0568496224039136,0,-0.189085316960825,0,0,0,0,0,-0.208818956357985,0.0634489752019964,-0.0241992618701712,0,0.0418225882749995,0,0,0,-0.00377005919348528,0,0,0,0,0.0749553678284967,0,0,0,0.154360162362463,-0.0604935929105435,0,0,0,0,0,0,0,-0.0439332390054662,0,0,0,0,0,0.0446727291666012,0,0,-0.0547960058132109,0,0,0,0,0,-0.0818004629110015,0,0,0.019125066714365,-0.146339281298244,-0.242241003466062,0,0,0,-0.00692928438985939,0,0,0,0,0,0,0,0,0,0,0.0106414589111597,0,0.0224486717403725,-0.120310791150801,0,0,0
-0.191733304027234,0,1.40568662570218,-0.0451353766831337,0,0,0,0.0187028831721001,0,0.0506542465883461,0,-0.0152707281689622,0,-0.0302749148589695,0.00207636424721863,0,-0.235179211096128,0,0,0,0,-0.182067794225098,0,0,0,0.0465677468652133,0,-0.0933703297125411,0,0,0,-0.0604067573805845,0,0,0,0,0,0,0.213032210618852,-0.133770429325621,0,0.123935449910462,-0.0499101922240296,0.131621868253914,0,0,0,0,0.0198479475453468,0,0,-0.0554131117562008,0,-0.179426903636198,0,0,0,0,-0.01025122754538,-0.0208411146355944,0.011389780286609,0.051801462147259,0,0.0819393327658714,0,0,0,-0.00801456220338908,0,0,0,0,0,-0.132969276692582,0,0,-0.0133448383525869,-0.115689495532805,0,0,0,0,0,0,0,0.0141336427460914,0.155751070319534,0,-0.119287432526971,0,-0.0596394323446352,0,0,0.00235470084979585,-0.144004972530214,0,0,0.0390244472189106,-0.0353920036897156,0
0,0,-0.0451353766831337,1.26022662527722,0,0,0,0,0,-0.0177385372243332,0,0,0,0,0,0,0.0212454142692782,0.0087742473045261,0,0,0,0,0.0172411000575578,0,0,0.00400163403949497,-0.0131808557301893,-0.123954342538083,0,0,0,0,0,0,0,0,0,0,0.0630395768127151,0,0,0.19369150000254,0,0,0.161212090402417,0,0.0960906349369103,0,0.020278643481021,0,0,-0.0609510871538237,0,0,0.0554966613800482,0,0,0,0.00923149990215378,0,0.0244495251032593,0,-0.167663882602141,0.00991529246252276,0,-0.215793951438239,0,0,0,0,0,0,0.116915224474288,-0.084105268731097,0,0,0,0.0599454427446,0,0,0,0.0690680855954108,0,0,-0.0363839437106717,0.0250494274819849,0,0,0,0,0,0,0.0119755160776532,-0.0115005558895009,0.0564077703304113,0,0.162593293086765,-0.102533707320767,0,0
0,0,0,0,1.14805623379604,0.0748283279176195,0,0.0317895989730443,0,0,0,0,-0.00605681952167751,0,-0.065545114564314,0,0,0.0155140371752804,0,-0.0213641401112117,0,-0.013795167692805,0,0.0566061724838291,-0.0412077784610624,0,0,-0.177364145781821,0,0,0,0,0,-0.0747939003519817,0.0547710591405217,0,0,0,0,0.0443324068216761,0,0,0,-0.112822366502781,0,0,0,0.0359327079146754,0,0,0,0,0,0,0,0.0658614365868423,0,0.023050648124379,0,-0.00473661919925534,-0.0905148141052703,0,0,0,0,0,0,0,0,0,0,0,-0.100309519993305,-0.145123379935468,0,-0.0585381193869871,0.0837248972131213,0.0507450403462394,-0.0230324944287048,0,0,0,0,0,0,0,0,0,0.0554875881081028,0,0,0,0,0,0,0,0,0.00438508171296211,-0.129760527589299,0
0.0409732558552484,0,0,0,0.0748283279176195,1.17266628704421,0,0,0,0,-0.0391261088591118,0,0,0,0,0,-0.0100228045726797,0,0,0,0,0,0,-0.000501140983611156,-0.0970053188901859,0,0,0.00791947136410138,-0.0333559505459135,-0.000980740005554119,0,0,-0.0241289847932973,0,0,0,0,0,0.0449959697973054,0,0,-0.0216899307341462,0,0,0,-0.0500533879025778,0,0,0,0.0525924369049899,0,0,0,0,0,-0.0112810016849311,0,0,0,0,-0.157764268908668,0,0,0,-0.129462166162479,0,0,0,0,0,0.0509033691752552,0,0,0,0.141055901515981,0,0,0,0,0,0,0,0,0,0,-0.0073264376497522,0,0,0,0,0,0,0,0.0855156362128952,0,-0.122034102179451,0,0,0,-0.240200504840128
0,0,0,0,0,0,1.13871713602464,0.0854289230646341,0,0,0,-0.00833171235689945,0,0,0.0898070304485742,0,0,0,-0.0442262352000657,0,-0.030266547861371,0.0197103867247197,0,0,0,0,0,0,0,0,-0.0474499622223456,0,0.00300174058358087,0,0.0924527906117626,0.0160394922453688,0,0,-0.072541889621578,-0.0169167977960281,-0.0451718557742329,0.0772858598372972,0,0,-0.169318076047827,-0.0371962686518784,0.0144487794377867,0,0.0967382426173679,0,0,0.100695395257846,0,0,0,0,0.0248138715715613,0,0,0,0,0,0,-0.0599818313197862,0,0,-0.0660999546741366,0,0.0103242542990882,0,0,0,0,0,0,-0.0179207795868448,0,0,0,0,0,0,0,0,-0.0879475226176736,-0.0112664094894438,0.115537815517321,0.00177776234632594,0,0,-0.00977947190409293,-0.0133824851227443,-0.128532175738333,-0.0264549674306458,0,0,0,0.0112261340427181,0,0
0,0.157281915849265,0.0187028831721001,0,0.0317895989730443,0,0.0854289230646341,1.39486918070002,0,0.081295879375077,0.279167204031059,0.01217049312426,0,0,0,-0.015117364150469,0,0,0,0,0,0.0664397610501713,0.0272125647604135,0,0,0,0.177646668254919,-0.093050490404434,0,0,0,-0.167000049612961,0,-0.041773927098172,0,0,-0.0449978680413301,0,0,0,0,-0.0326362443966407,0,0,0,0,-0.000878626522176696,0,0,-0.116295482514953,0,0,0,0,0,0,0,0,0,0,-0.139381438797219,0,-0.0341290535557149,0,0,0,-0.115943725075234,-0.115145740371168,0,0,0,0,0.0436463584879868,0.0339150141123601,0,0,0,0,0,-0.0898952375180894,0,0,0,0.06530012056821,0,0,0,0,0.0260425304274434,0,0,0,0,0,0,-0.221331448409279,0,0,0.112323212602303,-0.00686955639752997
0,0,0,0,0,0,0,0,1.24109999932337,0,0.0593187857716103,0,0,-0.00214691848349978,0,0,0,-0.0310112621917437,-0.0533112819140112,0,0,0,0,0,0,-0.063783867549952,0,-0.0572800889056206,0,0,0,0,0.107683699800975,-0.044120214290573,-0.0527934029555391,-0.0224227571653895,0,0,0,-0.0563786639221015,-0.185640019939731,0.177722214337553,-0.212783444327416,0,0,0,-0.0509016063516033,-0.0659894957546117,0,0,-0.0914436078449525,0,0,0.0207668020560384,0,-0.0287051705467357,0.0472015561715435,0,0,0,0,0,0,0,0,0,0,0,0,0,0,0,0,0,0,-0.0374181363226481,-0.00909216036618825,0,0,-0.159189569488708,-0.0320180033901187,0,0,0.122946667073382,-0.0370742054714755,-0.0418106500876154,0,0,0,0.0858973645053268,0,0,0,-0.0954843043038734,0,0,0,0.0932664715782441,0.0587482139312337,-0.0315382306963353
0,0,0.0506542465883461,-0.0177385372243332,0,0,0,0.081295879375077,0,1.28301338915989,0,-0.0155665131272941,-0.0402508958093798,0,0.0479612693457383,0.130507474372072,0,0,0,0,0,0,-0.101652476160693,0,0,0,0,0,0,0,-0.0692463829627612,0.0432783446166264,0,-0.0716513612098341,0,0,0,0.0574471121273336,-0.00909178458352836,-0.0472324134936585,-0.25506476774252,0,0,-0.0371078271914772,0,-0.0122004549165903,-0.051296876236306,0,0,0,0,0,0,0,0,0,0,0.0961737562789989,0,-0.0424269374339913,0,-0.0956616810281376,-0.00988191053054435,0,0,0,0,0,-0.100906797363803,0,-0.0509787591263744,-0.0524458685431435,0,0,-0.0616143784468898,0,0.208433313408822,0.0801915321200325,0,0,0,0,-0.0414327481697517,0,0,0,0,-0.0142517999522826,0.0470435772249265,0,0,0,-0.0880788263299078,0,0.11121326876685,-0.140118940374486,0,-0.072277768173688,0,-0.14656117140516
0,-0.0342689425234241,0,0,0,-0.0391261088591118,0,0.279167204031059,0.0593187857716103,0,1.4126504904199,0,0,-0.0930507944184244,-0.0926106076664583,-0.0138741404250882,-0.0200796886805802,0.0955323137284008,-0.143785429323881,0,0,0,0,0,0,0,0,0,-0.0703422517310407,0,0.034186519245122,0.112599893194872,0,0,0.0505795045369144,0,0,0,-0.121393862614441,0.112811704742055,0,0,0,-0.0352771834743144,0,-0.0558786952044746,0,0,0.239012601871726,0.00631562978589483,0,0,0,-0.106513691646428,0,0,-0.0306775356571335,-0.000523737608620778,0.0120005995574192,0,-0.0148990388026288,-0.0707888710287469,0,0,0,0,0,0,-0.102085513968268,-0.042129466950946,-0.20347993912858,0,0,-0.17835809403607,0,0,0,0,0,0,0,0,0,0,0,0.120458973844383,0,0,0,0,0,0,0,0.0104991637051196,0,0.0895602491321374,0,-0.0808735564311302,-0.020835462412159,0
0,-0.0411047841916878,-0.0152707281689622,0,0,0,-0.00833171235689945,0.01217049312426,0,-0.0155665131272941,0,1.07761558827768,0,-0.0260095655401617,0,0,-0.0451762200395085,0,0,0,0,0,-0.00490425444203269,0,0.0268474687953701,0,0,0.0187693061028367,0,0,0,0,0,0,0,-0.0756576666512948,0.137948313390566,0,-0.0967972414575547,0,-0.0310859398366941,0,-0.0576304329898965,0,0,0,0,0,0.0385778242533589,0,0,-0.0113700924293784,0,0,0,0,0,0,0,0,0.0115607058295671,0,0,0,0,0,0,-0.00189766547213045,0,-0.160645587235264,0,0,0,0,0,0,0,0,0,0.0296227274536621,0,0,0,0,-0.0180896720958992,0,0,0.0151978052030291,0,0,0,0,-0.018594763306466,-0.0150816830501203,0,0,0,0,0,0
0.00799915570513872,-0.0347695434897058,0,0,-0.00605681952167751,0,0,0,0,-0.0402508958093798,0,0,1.29589622523157,-0.0448792080758942,0.0783182705915922,0.250111153376779,0,-0.108269527656028,0,-0.116043778210375,0,0,0,0.106526677874086,0,0,0,-0.0206592100950578,-0.0239895723577313,0.0581201739620664,0,0,0,0,-0.0622486801117886,0.0537147609034654,0.0435838649093721,0,-0.0837002017533188,0,0,0,0.220089085631618,0,0,0,0,0.0223996362880793,-0.0537396377311163,0,0,0,0.0291145672814213,0,0,0.104698784644515,0,0,-0.0447885320765559,0,0,0,-0.0468343951567479,0,0.0500435501655796,0,0,-0.0032329330633967,0,0,-0.0572330528674065,-0.0273003327332457,0,0,-0.0949148881512034,0,0,0,-0.0747024364879091,0.0455506185450355,0,0,-0.0644129681903531,0,-0.0252217397727184,0,-0.207051703027801,0.00509767644758276,0,0,0,0,0,0.0276986898941315,0,0,-0.0891028039045164,0,0,0
0,0,-0.0302749148589695,0,0,0,0,0,-0.00214691848349978,0,-0.0930507944184244,-0.0260095655401617,-0.0448792080758942,1.13668832281236,-0.113356912806063,0.0140536722477847,0,-0.14589305596113,0,0,0,0,0,0.0165619506158807,0,0,0,0,0,0.042472941390377,0.0333213984146852,0,0,0,0,0,0,0.0425384763845154,0,0,0,0,0,0,0,0,0,0,0.0259891902154614,-0.0447545468419802,0,0,0,-0.0579225295894708,0,0,0,0,0,0,0.00199235797957846,0,0.0933394146669463,0.0096116331488913,0,0,0,0,0,0,-0.0208098804216796,-0.0294624244567625,0,0,0,0,0.0503527403577736,-0.042898334123253,0,-0.0301128734408648,0,0,-0.0783919560959565,0,0,0.0281386189740474,0,0.0349428341003937,0,0,0,0,0,-0.0266277196007863,-0.191510810043397,0.0360386688446972,0,0,-0.025327346437282,-0.102140738972465
0.140507624143746,0.00132570044509085,0.00207636424721863,0,-0.065545114564314,0,0.0898070304485742,0,0,0.0479612693457383,-0.0926106076664583,0,0.0783182705915922,-0.113356912806063,1.29430672712723,0,0.0262769611541336,0,0,0,0,-0.120402666700057,0,-0.170215197506814,-0.0331167106421801,0,0,-0.0951171324805585,0,0,0,0,0,0,0,0,-0.176425593401317,0.0246603282284878,-0.125050564761593,0.0618979957372379,0,0.0142564029647352,-0.0303791211994337,0,0,-0.0414480544522008,0.0362405974692037,-0.00159055041414315,0.0813415747157899,0,0,0,0,0,0,0,0,0,0.00911553740687866,-0.101115784414539,0,-0.0569382254516058,0,0,0,0.16956839838686,-0.0519490655710744,0.174988646064518,0,0,0,-0.0911671946578506,0,0.148339547825754,0,0,0.0200018848414592,0,0,-0.105476912283323,0,0,0,0,0,0,-0.00559742939918021,0,0,-0.0440648647045612,0.0530424683702742,0,0,0,0,0.0652246530144324,0,0,0,0
0,0,0,0,0,0,0,-0.015117364150469,0,0.130507474372072,-0.0138741404250882,0,0.250111153376779,0.0140536722477847,0,1.18663016762162,0,0.0450616899268925,-0.0827353911980022,0,0,0,0.0125777063252523,0,-0.0562716936485401,0,0,0,0,0,0,-0.00675032470322439,0.0172017111532293,0,0,0,0,0,0,0,0.0159854882566189,0,0,0,0.0598731887002445,0,0,0,0,0,0,0,0,0,0.0260985144951086,0,0.0975298627724366,0,0.0321103889444035,-0.121392538631607,-0.0554357154331458,0,0.0946230510375185,0.0335031942147179,0,0,0,0.0400423779234899,-0.0220513167225618,-0.0368456517071917,0,0.0344228751084726,0.0188302503370979,0,-0.128670394278217,0,0.0359559860513423,0,0,0,0,0,0,0,0,0,0,0,0,0,-0.0482082845220931,-0.0487909626962448,0,0.0395432490675636,0,0,0,0.0222459568799176,0,0
0,-0.124658997022078,-0.235179211096128,0.0212454142692782,0,-0.0100228045726797,0,0,0,0,-0.0200796886805802,-0.0451762200395085,0,0,0.0262769611541336,0,1.4528059730898,0.0436872950663369,0,0,0,0,0,0,0,-0.0694516477109087,0,-0.0728692534339248,-0.0931774367416188,0.237346624235387,0,-0.000778527001540121,0,-0.0553622399078847,0,0,0,0,-0.0343564701583708,-0.0407197850981175,0,-0.0245338368216413,-0.066643972439502,-0.0674880574614455,-0.128391636429251,0,0,0,0,0,0,0,0.123023577005856,-0.0266139214904233,0.0861134316610448,0,0,0,-0.0984066913730527,0,-0.108113568896977,0.0433584681885882,0,0,-0.00703651016207469,0.0786665885510898,-0.000586159303586557,-0.0553076549674928,-0.041587114983634,0,0,0,-0.183980890365402,0,0,0,0,-0.274238038445308,0,0.0456835022551313,0,-0.170691048666894,0,0.0539856185759312,0,-0.0216583014794953,0,0,0,0,-0.0151049823861028,-0.151534075070268,-0.0579148284509647,0.0515537519067766,0,0,-0.0728404541143475,0,0,0
0,0,0,0.0087742473045261,0.0155140371752804,0,0,0,-0.0310112621917437,0,0.0955323137284008,0,-0.108269527656028,-0.14589305596113,0,0.0450616899268925,0.0436872950663369,1.25205313182384,0,0,-0.07897054551759,0,0,-0.0604379941627791,0,0,0,0.155422773479271,0,0,0,0.0186497369088848,0,0.0371847526134514,0,0,0,-0.0105044462802794,0,0,0.0251651485069238,-0.0310471004980781,0,0,0,0,0,0,0,-0.0431955564178155,0,0,0,0,-0.161975336078952,0,0,-0.0717714212187426,-0.019330345271652,0,0,0.139331555436048,0,0,0,-0.0484460087856217,0,0,0.00945076958611701,0,0.0308708726616814,0,-0.113454661171214,0.0656314023545339,0,0,0.0972996817046877,-0.0960137378981167,0,0,0,0.115065664847453,-0.162467786167821,0,0,0,-0.0611156322235641,0,0.0278821098555291,0,0,0,0,-0.121778899134356,0.00202192304469728,-0.0197241772706858,0,0,0.0324460910148598,-0.0151087439570025
0,0,0,0,0,0,-0.0442262352000657,0,-0.0533112819140112,0,-0.143785429323881,0,0,0,0,-0.0827353911980022,0,0,1.19123124131218,0,0.0178179824335585,0,0,0,0,-0.134673667365348,0,0,0,-0.181283529641167,0.106057198486913,0,0,0.000717023154857268,0,0.00888808564211376,0,-0.0411847935894223,0.0222888522458169,0.0320360606080295,0,0,-0.112445114750058,0,0,0,0,0,0,0,0,0,0,-0.0610630129698521,0.129670960737593,-0.0031523848227773,0.0860695349960562,-0.00921253555256843,0,0,-0.0312613952811327,0.0620414772950667,0.0385696596066643,0,-0.0472863107747391,0,0,-0.0112467025608865,0.0354457044643727,0,0,0,0,0,0,0,0,0,-0.0246831100885915,0,0,0,0,0.0222030240650989,-0.0521230039308466,0,0,0,0,0.0878461449611753,0.000646093778877588,0,0.192988149631136,0,0,0,0,0,0,0
0.139815234706036,0,0,0,-0.0213641401112117,0,0,0,0,0,0,0,-0.116043778210375,0,0,0,0,0,0,1.13412548993872,0,0,0,0,0,0,0,0,0,0,-0.0607584809416,-0.0316695698190431,0,0,-0.0777358708707378,0,0,0,0,0,0,0,0,0.0412673385626361,0,0.138478763128699,0,0,0.152739219905345,0,-0.0191787512113649,0,0,0,0,-0.0155363197823035,-0.0629010143948716,0,0,0,0,0,0.0310387085008905,0,0,-0.0446967349768018,0,-0.12437837329832,0,0.0278380581085059,-0.0170466313114137,0,0,0,0,0,0,0,-0.0102848840453738,0,-0.00893700660302699,0,0,0,0,0,0,0,0,0,0.030296759608563,0,0.0644500340839622,0,0.00719270097327431,0,0,0,-0.0886063708257062,0
0,0,0,0,0,0,-0.030266547861371,0,0,0,0,0,0,0,0,0,0,-0.07897054551759,0.0178179824335585,0,1.08682511669839,0,0,0,0,0,0,0,0,0,0,0.0791340528404997,0,-0.0780600773651479,0.0414154605921343,-0.0118313076363472,0,0,0,-0.0693822316713787,-0.057645279683312,0,0,0,-0.0450644037891939,0.00153814244296328,0.0139308990207148,0,-0.00605794376556157,0,0,-0.0414741363304925,0,0,0,0,0,0.0341532194193496,-0.0983588613717442,0,0,0,0,-0.0921955680997727,0,0,0.129725706022377,0,0,0,0,0,0,0.0709618338785743,0,-0.0115238268912931,0.0406553260769569,0,0.0286409123880585,0,0,0,0,0,0,0,-0.0020949394865344,0,0,0,0,0,0,0,0,0.0431413664855641,0,0,-0.0308958238588453,0
0,-0.0383155598525592,-0.182067794225098,0,-0.013795167692805,0,0.0197103867247197,0.0664397610501713,0,0,0,0,0,0,-0.120402666700057,0,0,0,0,0,0,1.19877222168382,0,0,0,0,0,0,0,0.0227534970294348,0,0,0,-0.050621735411396,0,0,0,0,0.049538852150945,0,0,0,-0.120969937609803,0,0,0.0676982167998693,0,0,0,0,-0.0292899898931378,-0.143156969014853,-0.00169538060945533,0,0,0,0,0,-0.00810743282030101,0,0,0,0,0,0.0109733999312625,0,-0.138296252410178,0,0,0,0,0,-0.0964063298679163,0,0,0,0,0,0,0,-0.0903277345075253,0,-0.142789135108573,0,0,0.0640202815898113,0,0.0712457196291108,0,0,0,0,0,-0.0390514841576219,0.158135730389594,0,0,0.0318953678083755,0,-0.0744258825285029
0.0439623315629931,-0.0228884429744613,0,0.0172411000575578,0,0,0,0.0272125647604135,0,-0.101652476160693,0,-0.00490425444203269,0,0,0,0.0125777063252523,0,0,0,0,0,0,1.12113365960912,-0.0476588449551239,0,0,-0.0764245091905457,0,0,0,-0.00321352596099434,0,0.0234099976407623,0,0,0,0,0,-0.0301834539244465,0,0,0,0.142046695417546,0.0759125076232492,-0.0505973774092689,0,0,0,0,-0.0542653099958401,0,0.129938098577488,0,0,0,-0.106468892951888,0,0,-0.0580365095987243,0,0,0,0,0,0,0.002827020484706,0,0,0,-0.029243768973091,0,0,0,-0.0422956314124554,0,0,0,0,0,0,0,-0.00264072414889717,0,0,0,-0.0230514783966591,0,0,0,-0.0431518321010609,0.0631008369490242,-0.0889524239874585,0,0,0,0,0,0,-0.14135432222885,0
0,0,0,0,0.0566061724838291,-0.000501140983611156,0,0,0,0,0,0,0.106526677874086,0.0165619506158807,-0.170215197506814,0,0,-0.0604379941627791,0,0,0,0,-0.0476588449551239,1.21870987134607,-0.101080040560878,0,0.0395926791675449,0,0,0,0,-0.148445938657315,-0.0251636720790229,0,0,-0.0724385937693746,-0.0529493239438582,-0.0377923821091384,-0.0197405418349402,-0.0309913856563796,0,0,0,0,0,0,0,0,0.0928404930805507,-0.0654876956372588,0,0,0,0.00897947485249641,0,0,0,-0.152790192717207,-0.0254457855288822,0,0,0,-0.0201076501440443,-0.00364851559690384,0,0,0,0,0,0,0,-0.123536704537388,0,-0.134785059800788,0,0,0,0,0,0,0,0.0509545558439422,0,0.137887969575818,0,0,0,0,0,-0.0685468059673861,0,0,-0.0871296391725147,0,0,-0.00868413733392295,0.0618816406003409,0.0359318414218319,0,0
0,-0.0568496224039136,0,0,-0.0412077784610624,-0.0970053188901859,0,0,0,0,0,0.0268474687953701,0,0,-0.0331167106421801,-0.0562716936485401,0,0,0,0,0,0,0,-0.101080040560878,1.17012042833899,0.0826995524056398,0,-0.0266376667147226,0,-0.090507902571744,-0.135071723355533,0.0261706185316124,0,-0.0589901821392613,0,0,0,0,0,0,0,0,0,0,0,0,0,0,0,0.127981602479341,0,0.0308308164896136,0,-0.0184512132919104,0,0.0361051495330779,0.0401924283949934,0,0,0,0,-0.176463365845963,0,0,0,-0.0268311803338431,0,0,0,0,0.00538830075805693,0,0,0,0,0,0,0,0,0,0,0.0971209132465554,0,0.0916567787461696,0,0,0,0,0,0,0,0,0,0,-0.108978486837834,0,0.0500022273446012,0.0459734198872737,0.0951901643502302,0
0,0,0.0465677468652133,0.00400163403949497,0,0,0,0,-0.063783867549952,0,0,0,0,0,0,0,-0.0694516477109087,0,-0.134673667365348,0,0,0,0,0,0.0826995524056398,1.28079418999593,-0.131730847992305,0.0284066655423078,0,0,0,-0.0412587985129089,0.0396832114627131,0.00215753907657973,0,0,-0.0783163008626085,0,-0.0319704052384298,0.0130638675809289,0,0,-0.00458713532767392,0,0,0,0,-0.0703701243643423,-0.0158647813330127,-0.0310252421602833,0,0,0,0,-0.0801276554889456,-0.0534363202763669,-0.115773305928721,-0.239654819570666,0,0.057404085163289,0,0,0,-0.150128352910144,0,0,0,0,0,0,-0.0596566218918082,0,0,0,-0.179585241076487,0,0,-0.0112392415045191,-0.0918305652208492,0,-0.00614395555166026,-0.00309178296460358,0,-0.0733485324849326,-0.181837698498366,0,0,0,0,0.0118150083144058,0.039644126751878,0,0,-0.0308795232453239,0,-0.00096019492182842,0,0,0,0
0,-0.189085316960825,0,-0.0131808557301893,0,0,0,0.177646668254919,0,0,0,0,0,0,0,0,0,0,0,0,0,0,-0.0764245091905457,0.0395926791675449,0,-0.131730847992305,1.28983398749464,0,-0.0196267841345485,0,0,0,0,0,-0.0284423812403054,-0.0954524526321138,0.00200330444697418,-0.0151368507896194,0,-0.0776835436671281,0,-0.260606653097298,0,0,-0.162861678129549,0,0,0,0,0,-0.108888141090623,0,0,-0.0647389846157305,-0.00383233592689591,0,0,-0.0108192291555241,0,0,0.0459186396845453,0,0,-0.0474168096618624,0,0,0,0.120081959288855,0,0,0,0,0.0506429643987889,0,0,0,0,0.0438132874847439,-0.0071451297444582,0,0,0,0,-0.0999449891526518,0,0,-0.00121877122654001,0,-0.0830790087830089,0,0,-0.0222358627289307,0,0,0,0,0,0,0.0387768372128428,0
0,0,-0.0933703297125411,-0.123954342538083,-0.177364145781821,0.00791947136410138,0,-0.093050490404434,-0.0572800889056206,0,0,0.0187693061028367,-0.0206592100950578,0,-0.0951171324805585,0,-0.0728692534339248,0.155422773479271,0,0,0,0,0,0,-0.0266376667147226,0.0284066655423078,0,1.20934582330054,0,0,0.0607178035067556,0,0,0,0,0,0,0,-0.0675132398324496,0,0,0,0,0,0,0,0,0,0,0,0,0,0,0,0,0,0,0,0,0,0,-0.0495088450888933,0,0,0,0,0,-0.0122263054239783,-0.0404264973195452,0,0,-0.0337117639926102,0,0,0,0,0,0.0389513758222052,0.0417979841126658,0,0.129555043591038,0,-0.0457441151767844,0,0,0,-0.155026744885092,0,0,0.0817472456724621,0,-0.204479938605636,0,0,0,0,0,0,0,0
0,0,0,0,0,-0.0333559505459135,0,0,0,0,-0.0703422517310407,0,-0.0239895723577313,0,0,0,-0.0931774367416188,0,0,0,0,0,0,0,0,0,-0.0196267841345485,0,1.18725442194301,0,0,0,0,0,0,-0.166886414344487,0,0,0,-0.0574330733741641,-0.0053948395826357,-0.172284716196206,0,-0.00388551430460545,-0.090544652361566,0,0.0403144729919721,0,0,0,0,0,0,0,0.0048522541933352,0.119407653293005,0,0,0,0,0,-0.0664471805941105,0,0,0,0,0,0,-0.000126173502625435,-0.00666819987277135,0.0142896739630046,0,0,0,0,-0.0382883961924261,-0.161908944231037,-0.076761939006467,0,-0.100281710152804,0.0461731247888523,0,0,0,0,0.0357403581166299,0.129040103381622,-0.0180985436366054,0,0,0,0,0,0,0,0,-0.0145228836469957,0,0,-0.0368162566350405
0,0,0,0,0,-0.000980740005554119,0,0,0,0,0,0,0.0581201739620664,0.042472941390377,0,0,0.237346624235387,0,-0.181283529641167,0,0,0.0227534970294348,0,0,-0.090507902571744,0,0,0,0,1.39225228371702,0,0.0689984186522097,-0.0951873376214557,0,0,0,0,0,0.0325834027205569,-0.109684829873606,-0.18837591989445,-0.0176362529215168,-0.00707199203278062,0,0,0,0,0,0,0,0,0,0.0929412673786244,0,0,0,0,0,0.00862900327290517,-0.10323405166914,-0.0109824597077833,0,0,0,0,0,0,0,0,0,0,0,-0.0990164565721031,-0.259507773757108,0.0137549762431202,-0.0438819867633862,0,0,0,0,0,0,0.128023014718064,0,0,-0.0588785223809836,-0.196095571781398,0,-0.3153572972972,0.115510351708757,0,0,0,0,0,0,0,0,0,0
0,0,0,0,0,0,-0.0474499622223456,0,0,-0.0692463829627612,0.034186519245122,0,0,0.0333213984146852,0,0,0,0,0.106057198486913,-0.0607584809416,0,0,-0.00321352596099434,0,-0.135071723355533,0,0,0.0607178035067556,0,0,1.16368111601948,-0.0351278442903005,0,0,0,0,0,0,0,-0.0214816783062045,0,-0.0351010872874602,0,0,0,0,0.132127378921916,0,0.190637547741842,0,0,0.00352372419370158,0.0350567488298176,0,0,0,0,0,0,0,0,0,0,0,-0.0266277028086154,0,-0.204229802640008,0,0.0285764968607937,0,0,0,-0.00257285932431734,0,-0.0799622497816218,0,0,0,0,0,0,0,0.0747932427935839,0,0,0,0.0743152414319735,0,0,0,0,-0.0282980719610351,0,-0.00825928324336772,0,0,-0.00688032890832427,0,0,0
0,0,-0.0604067573805845,0,0,0,0,-0.167000049612961,0,0.0432783446166264,0.112599893194872,0,0,0,0,-0.00675032470322439,-0.000778527001540121,0.0186497369088848,0,-0.0316695698190431,0.0791340528404997,0,0,-0.148445938657315,0.0261706185316124,-0.0412587985129089,0,0,0,0.0689984186522097,-0.0351278442903005,1.15648743035306,0,0,-0.00880114487108902,0,0,0,0,0.0483706780191751,0,0,0,0,0,0,0,0,0.0232058327069028,0,0,0,0.0122249074524621,0,0,-0.129444935279558,0.0780360819584199,0,0,-0.0413374118506889,0,0,0,0,0,0,0,-0.00849327719342645,0.0225090487210737,0.0408541299821267,0,0,0,-0.031410981600683,0,0,0,0,0,0,0.0226617218824534,0,0.00896306831683676,0,0,-0.0874772558201716,0.0473078065386299,0.0282119202952684,0,-0.0898157630468083,0,0,0,0,0,0,0,0,-0.0119052327676284,0.0227663518631582
0,-0.208818956357985,0,0,0,-0.0241289847932973,0.00300174058358087,0,0.107683699800975,0,0,0,0,0,0,0.0172017111532293,0,0,0,0,0,0,0.0234099976407623,-0.0251636720790229,0,0.0396832114627131,0,0,0,-0.0951873376214557,0,0,1.18671056682773,0,0,0,0,-0.153755973368328,0,0,0,0,0,0.00570167077854866,0,0,0,0,0,0.00981818577114194,0,0,0,0,0,-0.234410849970052,-0.0385593661366944,0,-0.00535853735208152,0,-0.00815098407166367,-0.180657083792297,0,0,0,0,0,0,0,0.00119524634276976,0,-0.00270709611415174,0,-0.00905869445019606,0,0,0,0,0,0,0,0.0208499818018095,0,0,0,0.0566902155010073,0,-0.0766642022886952,-0.0189621588849157,0,-0.00614111556175992,0,0,-0.00487983162304288,0,0.00783223909684046,-0.0668044008129093,-0.0257281803318389,0,0
0,0.0634489752019964,0,0,-0.0747939003519817,0,0,-0.041773927098172,-0.044120214290573,-0.0716513612098341,0,0,0,0,0,0,-0.0553622399078847,0.0371847526134514,0.000717023154857268,0,-0.0780600773651479,-0.050621735411396,0,0,-0.0589901821392613,0.00215753907657973,0,0,0,0,0,0,0,1.25382974878853,0.10290849407846,0,0,0,0,-0.106295199779326,-0.0147143210320849,0,0,-0.0365007759099076,0.0738311470005558,0.0715082801218792,0,0,0,0,-0.0518131831996793,0,-0.0715295135957166,0.06701583885252,0,0.00488164663012798,0.0826361520735376,0,0,0,-0.00197299780504765,0,0,0,0,0.136798003172942,0,0.0236705988769873,-0.00756270839216897,-0.120911652001321,0.0121027598375398,0,-0.0626702467487866,0,0,0,0,0,0,0,0,0,0,0,-0.14894783966486,0,0,-0.133166298662658,0.178982277764022,-0.0406598155315465,-0.163196614315475,0,0.120930530458859,0,-0.13452165691876,0,0,0.0176369647308644,0,0
0,-0.0241992618701712,0,0,0.0547710591405217,0,0.0924527906117626,0,-0.0527934029555391,0,0.0505795045369144,0,-0.0622486801117886,0,0,0,0,0,0,-0.0777358708707378,0.0414154605921343,0,0,0,0,0,-0.0284423812403054,0,0,0,0,-0.00880114487108902,0,0.10290849407846,1.33546369094868,-0.0320943253700524,0.0120984118225255,0,-0.123227248358554,0,0,0.218335965704918,0,-0.0522291493381623,0,0.0785356391821891,0,0,0,0,0,0.0689917993802668,0,-0.00187460041920279,0.125107399367864,-0.168517769368923,0,0.158685853048538,0,0.0479487799802555,0,0,0.125706021257296,0,0,0,0.149129610794044,-0.0455264633485806,0,0.00615305492056367,0,0,0.0320190651275257,0.119937819446547,0,-0.0783473874798292,-0.133043377407008,0,0,0.151224412554768,-0.0904150279015505,0,0,0,0,-0.0131314614965472,0.182604845839078,0,0,0,0,0.0121695002246207,0,0,0,0.0154507299935469,0,-0.0658731071167048,0.0360093803012394,0.0573792526914637
-0.0946800659851564,0,0,0,0,0,0.0160394922453688,0,-0.0224227571653895,0,0,-0.0756576666512948,0.0537147609034654,0,0,0,0,0,0.00888808564211376,0,-0.0118313076363472,0,0,-0.0724385937693746,0,0,-0.0954524526321138,0,-0.166886414344487,0,0,0,0,0,-0.0320943253700524,1.28716579016773,0,0,0,0,0,0,0,0,0,0,0,-0.0360012599444034,0,0,0,-0.0630361441088766,0,0.18900837756558,0,0,0,0,0,0,0,0,0.0729948380730899,0,0,0,0,0,0,0,0,0,0,0,0.38825706974961,0,-0.0508406791072806,0.0976342911861282,0,0,0,0,0,0,-0.152005340876098,-0.0904823143741149,0,0,0,0,0.159633497222298,0,0,-0.0169097770509547,0,0,0,0,0,0
-0.0823205236768938,0.0418225882749995,0,0,0,0,0,-0.0449978680413301,0,0,0,0.137948313390566,0.0435838649093721,0,-0.176425593401317,0,0,0,0,0,0,0,0,-0.0529493239438582,0,-0.0783163008626085,0.00200330444697418,0,0,0,0,0,0,0,0.0120984118225255,0,1.20489279365743,0,0,0,0.0547001481429935,0,0,0.0485118696307567,0,-0.00149023024302051,0.0562792026580525,-0.102698293345493,0,0,0,0,0.0292717124668788,0,0,-0.173791899735219,0,0,0,0,-0.0880283943000698,0,0,0,0.0580890069034354,0,0,0,0.0791174542963404,0,0.0482043202012057,0.0626871124751467,0,0,-0.195221295301871,-0.00923368733375497,0,0,0.00882745060063144,0,-0.0112742398072306,0,0.00732201861222605,0,0,0,-0.0198775077677913,0,0,0.162997046854677,0,0,0,0,0,0,0,0.0241214651379796,0,0
-0.128915345364643,0,0,0,0,0,0,0,0,0.0574471121273336,0,0,0,0.0425384763845154,0.0246603282284878,0,0,-0.0105044462802794,-0.0411847935894223,0,0,0,0,-0.0377923821091384,0,0,-0.0151368507896194,0,0,0,0,0,-0.153755973368328,0,0,0,0,1.16252768959975,0.0273850052638282,0.0751833192687775,0,0,-0.0824702745423978,0,-0.0175296172493617,-0.102689103948232,0,0,0.0404621680950464,0,0,0.0326858818230076,0,0,0,0,0.0696977910159921,0,0,0.103157029332408,0,0,0,-0.0327461220439296,0,0,0,0,0,0.0129247010753019,0,0,-0.198440066136154,0,0,0,0,0,-0.0584023381141513,0.0424805138492875,0,0.100701538646616,0,0,0,0,0,0.0941742993048581,0,0,0.0970156882346419,0,0,0,0,-0.0333710037539244,0,0,0.0149128731516296,0
-0.116432610932382,0,0.213032210618852,0.0630395768127151,0,0.0449959697973054,-0.072541889621578,0,0,-0.00909178458352836,-0.121393862614441,-0.0967972414575547,-0.0837002017533188,0,-0.125050564761593,0,-0.0343564701583708,0,0.0222888522458169,0,0,0.049538852150945,-0.0301834539244465,-0.0197405418349402,0,-0.0319704052384298,0,-0.0675132398324496,0,0.0325834027205569,0,0,0,0,-0.123227248358554,0,0,0.0273850052638282,1.30081674536413,0,0,0.0987449978187085,0,0,0,0,0.0830811760567343,-0.119101287823498,-0.0581680882986218,0,0.00387485160487206,0,0,0,0,0,0,-0.0585247978719832,0,0,-0.162678519127272,-0.134233151074754,0,0,0,0,-0.0507572932090326,0,0,0.0500816976109101,-0.00356503011413796,-0.117188276389329,0.0530971198424072,0,0,0,-0.106041496562069,-0.021442438424503,0.118085634601588,0.163907545713613,0,-0.0339836962611439,-0.010170644470737,0,0,0,-0.0773288279438138,0,0,0,0,0,-0.10567210072842,0,0,0,0,-0.0551006057443323,0,0
0,0,-0.133770429325621,0,0.0443324068216761,0,-0.0169167977960281,0,-0.0563786639221015,-0.0472324134936585,0.112811704742055,0,0,0,0.0618979957372379,0,-0.0407197850981175,0,0.0320360606080295,0,-0.0693822316713787,0,0,-0.0309913856563796,0,0.0130638675809289,-0.0776835436671281,0,-0.0574330733741641,-0.109684829873606,-0.0214816783062045,0.0483706780191751,0,-0.106295199779326,0,0,0,0.0751833192687775,0,1.13785936336188,0,0,0,0,0,-0.027245120087115,0,0,-0.0397141775057217,-0.0405284151162207,-0.015717037060447,0,-0.0577106262392822,0,0.0538676168745059,0,0,0,0,0,0,0,0,0,0,0,0,0,0,0.0505847821771154,0,-0.002736843135466,0.0064846026919799,0,-0.0296421147932826,0,0,0,0.059424497496207,0,0,0,0,0.0830513556610845,0,0,0,0.0969206843037953,-0.098012730760497,0,0,0.00193605946071047,-0.0682930562546681,0.0261767544252387,-0.0080225214294726,0,0,-0.00805298152641967,0,-0.0159029526395134
0,-0.00377005919348528,0,0,0,0,-0.0451718557742329,0,-0.185640019939731,-0.25506476774252,0,-0.0310859398366941,0,0,0,0.0159854882566189,0,0.0251651485069238,0,0,-0.057645279683312,0,0,0,0,0,0,0,-0.0053948395826357,-0.18837591989445,0,0,0,-0.0147143210320849,0,0,0.0547001481429935,0,0,0,1.2481211912811,0,0,0,-0.0338619966105973,0,0,0,0.115757663070227,0,-0.0340630528128658,0,0,0,0,0,0,0,0,0,0,-0.136175807873627,0,0,-0.0229432751809977,0,0,0,-0.0305221687376093,0,-0.103468593021434,0,0,0,0.0305155750630093,-0.0143626527579659,0,0,-0.10468159812998,0,0,0,0,-0.119888007548995,0,0,0,0,0,0,0,0,0,0.117540916516645,-0.0922126391941441,0,-0.0202691225100251,-0.0014728281488782,0,0
0,0,0.123935449910462,0.19369150000254,0,-0.0216899307341462,0.0772858598372972,-0.0326362443966407,0.177722214337553,0,0,0,0,0,0.0142564029647352,0,-0.0245338368216413,-0.0310471004980781,0,0,0,0,0,0,0,0,-0.260606653097298,0,-0.172284716196206,-0.0176362529215168,-0.0351010872874602,0,0,0,0.218335965704918,0,0,0,0.0987449978187085,0,0,1.27694757836006,0,-0.0253033100557025,-0.0750871230699965,0.0750861021876292,0,0,0,0,0,0,0,0,0,0,-0.0305819113020407,0,0.0329198360371038,0.0264660571125177,0,0,0,0,0,0,0,0,0,-0.0849503183576325,-0.0700815347552929,0,-0.0500067491451276,0,0.00341094635870873,0,0,0,0,0.0098286780852176,0,0,0,0,0,0.00404544737557601,0,0,0,0,0,0,0,0,0,0,0,0,0.077963134174115,0
-0.0135303127997582,0,-0.0499101922240296,0,0,0,0,0,-0.212783444327416,0,0,-0.0576304329898965,0.220089085631618,0,-0.0303791211994337,0,-0.066643972439502,0,-0.112445114750058,0,0,-0.120969937609803,0.142046695417546,0,0,-0.00458713532767392,0,0,0,-0.00707199203278062,0,0,0,0,0,0,0,-0.0824702745423978,0,0,0,0,1.25139504744503,0,-0.0208132445101496,0,0,0,-0.00768252529401586,0,0,0,0.0531202903346778,0,0,-0.0743717719140285,0.0120580205867655,0,0,-0.0340333661597897,-0.0725718242976368,0,0,0.018784320195909,0,0,-0.111063960903515,0,0,0,0,0.0219550154474161,-0.00951702729528148,0,-0.0751455384978162,0,0,0,0,0.0278056892639376,-0.02661803586688,0,0,0,0,0.0153926056741223,0.095448204996014,0,-0.0100975756381594,0,0,0,-0.0520307832039845,0,0,0,0,0,0,-0.0538039215410587
0,0,0.131621868253914,0,-0.112822366502781,0,0,0,0,-0.0371078271914772,-0.0352771834743144,0,0,0,0,0,-0.0674880574614455,0,0,0.0412673385626361,0,0,0.0759125076232492,0,0,0,0,0,-0.00388551430460545,0,0,0,0.00570167077854866,-0.0365007759099076,-0.0522291493381623,0,0.0485118696307567,0,0,0,0,-0.0253033100557025,0,1.16723033721004,0,0,0,0,-0.0298488175847926,-0.144408891150248,0,0,0,0.0320339129966644,0,0,0,0,0,-0.0692728726301352,0,0,0,0.0991058709151737,0,0.0431310905294201,0,0.00378836462361537,-0.0891511507188744,0,0,0,0,0,0,-0.200685012133701,0,0,-0.0031797666245988,0.000942724030148569,-0.0095212640455517,0,0,0,-0.1364070896165,-0.0101935429280494,0.141342868001174,0,0,0,0,0,0,0,0,0.0341444023195815,0,0,0,-0.0343318671683236
-0.00467968912659728,0,0,0.161212090402417,0,0,-0.169318076047827,0,0,0,0,0,0,0,0,0.0598731887002445,-0.128391636429251,0,0,0,-0.0450644037891939,0,-0.0505973774092689,0,0,0,-0.162861678129549,0,-0.090544652361566,0,0,0,0,0.0738311470005558,0,0,0,-0.0175296172493617,0,0,-0.0338619966105973,-0.0750871230699965,-0.0208132445101496,0,1.24898535087266,0,0,0,-0.0934356257060594,0,0,0,0,-0.0462166312747749,0,0,0,0,0,0.070126968624115,0.12012866968386,0,0,0,0,0.131969027746626,0,-0.127401892852732,0,0,0,0,0,0,0.0508183325760717,0,0,0,0,0,0,0,-0.00288625553197471,-0.0171388493264476,0.0328438958732215,0,0,0,-0.062082135979003,0,0,0,0,0,0.0294697502527126,0,0,0.0083266019495717,0,-0.116367990222091
0,0.0749553678284967,0,0,0,-0.0500533879025778,-0.0371962686518784,0,0,-0.0122004549165903,-0.0558786952044746,0,0,0,-0.0414480544522008,0,0,0,0,0.138478763128699,0.00153814244296328,0.0676982167998693,0,0,0,0,0,0,0,0,0,0,0,0.0715082801218792,0.0785356391821891,0,-0.00149023024302051,-0.102689103948232,0,-0.027245120087115,0,0.0750861021876292,0,0,0,1.35241355447783,-0.0352555765907134,0,0,0,0,0.0444698047906192,0,0.0156028215089482,0,0.228818944777423,0,0,0,-0.0405356691579533,-0.183445536667002,0,0,-0.27829471946869,-0.108705105788608,-0.0857876556690596,0,0.119352809261075,-0.0635188906100615,0.102436547410966,0,-0.100117904411315,0,0,-0.00362902831210586,0,-0.0564730796710274,0.0242686540650872,0,0,0,0,0.0234860868818641,0.0536956529463154,0.0220809170611485,0,0,0.0577505982218105,0,0,0.0342146775225473,0.00398381616591117,0,0,0,0,-0.219657130375907,-0.0428393670190524,0,0
0,0,0,0.0960906349369103,0,0,0.0144487794377867,-0.000878626522176696,-0.0509016063516033,-0.051296876236306,0,0,0,0,0.0362405974692037,0,0,0,0,0,0.0139308990207148,0,0,0,0,0,0,0,0.0403144729919721,0,0.132127378921916,0,0,0,0,0,0.0562792026580525,0,0.0830811760567343,0,0,0,0,0,0,-0.0352555765907134,1.13961621701293,0,0,-0.153958627359467,0,0,0,0,0,0,0,0,0,0,-0.00813807742414227,0,0,0,0,0,0,0,0,-0.00816142528549759,0.000825173805633167,0,0,0,0,-0.00481329749665479,0,0.256787801750574,0,-0.0600925151651024,0,0,0,0,0,0,0,0,0,0.00417080820628199,-0.0963876501959325,0,0,0,0.00226924835151388,0,0.00517595431177568,0,0.0183484253266239,0
0,0,0,0,0.0359327079146754,0,0,0,-0.0659894957546117,0,0,0,0.0223996362880793,0,-0.00159055041414315,0,0,0,0,0,0,0,0,0,0,-0.0703701243643423,0,0,0,0,0,0,0,0,0,-0.0360012599444034,-0.102698293345493,0,-0.119101287823498,0,0,0,0,0,0,0,0,1.20039359822632,0,0,0,0,0.143094047864495,0,0,0.11666968223785,0,0,0,0,0,0.031979762632693,0,-0.0613561943742252,0,0,0,0,0,0,0,0,0,0.00101545763054731,0,0,-0.0322793674775661,-0.235164045314182,0.0812786355791825,0,0,0,0.0505182376305119,0.0333905757386147,0,0,0,0,0,0.0155755859324367,0,-0.00240408200368085,-0.204184491379492,-0.0142198772320118,0,0,0.0278659871965396,0,-0.0192734638641153,-0.023179611672121
0,0,0.0198479475453468,0.020278643481021,0,0,0.0967382426173679,0,0,0,0.239012601871726,0.0385778242533589,-0.0537396377311163,0.0259891902154614,0.0813415747157899,0,0,0,0,0.152739219905345,-0.00605794376556157,0,0,0.0928404930805507,0,-0.0158647813330127,0,0,0,0,0.190637547741842,0.0232058327069028,0,0,0,0,0,0.0404621680950464,-0.0581680882986218,-0.0397141775057217,0.115757663070227,0,-0.00768252529401586,-0.0298488175847926,-0.0934356257060594,0,0,0,1.37822838640839,-0.0439476818282511,0,-0.0461999702988314,0,0,0,0,0,0,-0.168182625518958,0.143702630194566,-0.259819419927844,0,0,0,0,0,0,0.0335202484110358,0,0.0846728902230542,0,0,0,0,0,0,0,0,0.0882499483541269,0,0.0593147224447231,-0.00604449992852732,-0.202492174174622,-0.0465881093826541,0,0,0,-0.0392117720572189,-0.124605953131409,0,0,0,0,0,0,0,0,0,0.00642849016850239,-0.102067856456718
0,0.154360162362463,0,0,0,0.0525924369049899,0,-0.116295482514953,0,0,0.00631562978589483,0,0,-0.0447545468419802,0,0,0,-0.0431955564178155,0,0,0,0,-0.0542653099958401,-0.0654876956372588,0.127981602479341,-0.0310252421602833,0,0,0,0,0,0,0.00981818577114194,0,0,0,0,0,0,-0.0405284151162207,0,0,0,-0.144408891150248,0,0,-0.153958627359467,0,-0.0439476818282511,1.18065733141705,0.0792854338304908,0,0,0,0,0,0,0,0,-0.052519003773754,0,0.106949301032215,-0.119446018150771,0.0331179346151783,0,0,0,0,0.0445319677798213,0,0.0207255012250818,-0.0557497501500515,0,0,0,0,0,0,0,-0.0521232683135742,0,0,0,0,0,0,0,0,0,0,0,0.0110486583807451,-0.0106995543968258,0,0,0,0,0,0,0
0,-0.0604935929105435,0,0,0,0,0,0,-0.0914436078449525,0,0,0,0,0,0,0,0,0,0,-0.0191787512113649,0,-0.0292899898931378,0,0,0,0,-0.108888141090623,0,0,0,0,0,0,-0.0518131831996793,0,0,0,0,0.00387485160487206,-0.015717037060447,-0.0340630528128658,0,0,0,0,0,0,0,0,0.0792854338304908,1.21452604499541,-0.0841157751442605,-0.00034098377333798,0,-0.137347677219131,0,0,0,-0.0365094780257388,0,0,0,0,-0.13004356200143,0,-0.187175905808738,0,0.0313550543454826,0.0695207359738853,0,0,0.0163762325896785,0,0,-0.0400232337871963,0,-0.0756170813801234,-0.0933891816414,-0.0729233185514983,0.00230460452082315,0,0,0,0,-0.153343255772783,0,0,0.0740151637785963,0,0,-0.0195447887511611,0,0,0,0,0.0447682661453611,0,0,0,0.0468817032358756
0,0,-0.0554131117562008,-0.0609510871538237,0,0,0.100695395257846,0,0,0,0,-0.0113700924293784,0,0,0,0,0,0,0,0,-0.0414741363304925,-0.143156969014853,0.129938098577488,0,0.0308308164896136,0,0,0,0,0,0.00352372419370158,0,0,0,0.0689917993802668,-0.0630361441088766,0,0.0326858818230076,0,0,0,0,0,0,0,0.0444698047906192,0,0,-0.0461999702988314,0,-0.0841157751442605,1.17103868411807,0,-0.0198996618171052,0,0,0,0,0,0,0,0,-0.152855930958651,0,0.0330990693036758,0,0,0,0,0,0.00761740530932363,0,0,0,0,-0.112347858455025,-0.0947969269374384,-0.0197242947149588,0.0613236565174031,0,0,0.0411286081805416,0,0,-0.0345619288859008,0,-0.0803240653551766,0.025104376432044,0,0,-0.0267403734893428,0,0,0,0,0,0,0,-0.0822176199233899,0.119450161488205
