"X1","X2","X3","X4","X5","X6","X7","X8","X9","X10","X11","X12","X13","X14","X15","X16","X17","X18","X19","X20","X21","X22","X23","X24","X25","X26","X27","X28","X29","X30","X31","X32","X33","X34","X35","X36","X37","X38","X39","X40","X41","X42","X43","X44","X45","X46","X47","X48","X49","X50","X51","X52","X53","X54","X55","X56","X57","X58","X59","X60","X61","X62","X63","X64","X65","X66","X67","X68","X69","X70","X71","X72","X73","X74","X75","X76","X77","X78","X79","X80","X81","X82","X83","X84","X85","X86","X87","X88","X89","X90","X91","X92","X93","X94","X95","X96","X97","X98","X99","X100"
1.22101807190857,0,0,-0.0743791445911135,0,0,0,0.0122152205547916,0,0.0298250478765811,0.00494502963510251,0,-0.127277348792628,0,0,0,0,0,0,0,0,0,0.13840392156261,0,0,0,-0.0426105587399946,0.0936436917655085,0,0,0,0.070033107796239,0,0.00692372115873817,-0.162394856271807,0,0,0,0,0,0,0,0,0,-0.0756812891171776,-0.052852799608237,0.00126321565593048,0,-0.126713558770809,0,-0.0798875222050135,0,0.00718048542066786,0,0,0.0449228089948009,0,0,0,-0.0117440996465531,0,0,0,0,0,0,0,0,0.218008387858789,0,0,-0.0259274553328453,0,0,0,0,0,0.0449601614886759,0,-0.0234568308350496,0,0,0,-0.128793827946864,0,0,0,0.00826861511648446,0,-0.136904905319381,0,0,0,0,0,-0.0493877747665355,0,0,-0.0523268562504691,0.0220931166384687
0,1.23094501207423,0,0,-0.0282326011775261,0,0,0.000292621515434938,0,0,0,0.0850855681403346,0,0.0573457502374179,0,0,0.224239795162153,0,0.0121061483922501,0,0.0309360731435232,0,-0.0423855346166094,0,0.0469658010857387,0,0,0,-0.00363008864983985,-0.137958755483418,-0.0113457974921118,0,0,0,0,0.129503221618985,0,-0.0930613875868715,-0.0663038882180861,0,-0.00430778114464638,0.0864181710691779,-0.0842516661592056,0,0.0558987004538375,0,0,-0.0390080431668297,0.0259681793073577,0,-0.0695955126576061,0,-0.148368326810486,0,0,0.116930527951419,0,0,0,0,0.0402240771278766,0,0,0,0,0,0,0,0.143068326643318,0,0,0,0,0,-0.0551688999283602,0,0.00680334506862356,0,0.0761490015652011,0,0.0418842495318266,0.175651357452286,0,-0.0240572076012196,0,0,0.0370353618548526,0,0,0,0,0,-0.0867493790456414,0,-0.030650309350918,0,0,0,-0.0210602428965774,0
0,0,1.20564380367203,0,0.037738860251466,0,0,0,0,0.0467563751801835,0,0,0,-0.0286245031191155,-0.0636231584382712,0,0,0.0986606235387604,0,-0.0232511033801106,-0.0161107198902673,-0.173537417449531,0,0,0,0,0,0.126389587438016,0,-0.0943106759449859,-0.00500544608436457,0.0776472040175891,0,0,0.0644818669566664,0.109964150380113,0,-0.0277965650258907,0,0,0,0,0,0,0,0,0,0.0102097850408966,0,-0.0520793808657626,0,0,-0.10332135965194,-0.109360773110953,-0.0793123347935832,0,-0.1079257368707,0,-0.132319714028396,0,0.0486039885014564,0,-0.0158257576867336,0,0,0,0,0,0,0,-0.0544822063228655,0,0,0,0,0,0,0.0414169059630649,0,0.000904902848357179,-0.0489961837807556,0.0771513375940144,0.0492212723653181,0.136007366085181,0,0,0.0252265470973225,-0.0171784324616225,0,-0.106221772061309,0,0,0,0,-0.0237939949078175,-0.0580064089651393,0,0.0709617965182959,0,0.0105766419864487
-0.0743791445911135,0,0,1.17923835579976,0,0,-0.128362932523329,0.0642162555701439,0.0540881538899125,0.0254869833477602,0,0,0,0,0.0580305715797466,0,0,0,0,-0.00486603718036518,0,0,0,0,0,-0.0776406306115601,0,0,0,-0.0799523700566963,0.0544215298130702,0,-0.108443326301778,0,0,0,0,0,0,0,0,0.123606460208378,0,0,0,0,0.038068033741094,-0.0372421327650882,-0.119772703069579,0,0,0,0,0,-0.0045291173334242,0,0,0,0,0,0,-0.0234194876232521,0,0,0,0,0,0,0,0,-0.00067912866320597,0,-0.052394034149574,0,0.186424705121123,0,0,0,0,0.0383761657426081,-0.082175137339927,0.0794773585830054,0,0.112445147926763,0,0,-0.00467855621775045,0.0579813440959495,-0.0164294359610546,0,0.053822658707387,0,0.0557736885924136,0,0.0211441498944072,0,0,0,0,0
0,-0.0282326011775261,0.037738860251466,0,1.11952687122975,0,0,0,0,-0.000208349640420971,0,0.102401147323633,0.00486508778902657,0,0,0,-0.0272055299605952,0,0.00372112780306854,0.162473732629544,0,0,0,0,0.0235292339089053,0,0,0,0,0,0,-0.0350966980896198,0.0323475034136064,0,-0.0452980068589729,0,0.00161450651352529,0.0183036155983565,0,0,0,0,0,0,0,0,-0.141028417498692,0,0,0.0336929242598882,0,0,0,0,0.0556041040210743,-0.148405320136959,0.0969314437389909,0,0,-0.0155761485127081,0,0,0,-0.0610619943138409,0.0169749730700202,-0.0131259087020727,0,0,0.0699339234571792,0,0,0,0,0,0,0,0,0,0,0,0,0.0211318226290882,0,0,0,0,0,0,-0.0721148736322307,0,0,0,0,0.0680281876398559,0,-0.0696518818925521,0,0,0,0
0,0,0,0,0,1.21291221698114,0,0.0219722656828134,0,0,0,-0.1336466512746,0,0,0,-0.0899551633198566,0,0,0,0,0,-0.0474991659325267,0.0381292799009567,0,0,-0.0821980182690571,0,0,0,0,-0.0938783002421177,0,0.111988441135194,0.0191259942975066,0,0,-0.0581854357286396,0,0,0.207374331727873,-0.0306759110463123,0,0,0,0.083673699575985,0,0,0,0,0,-1.00545705623439e-05,0,0,0,0,-0.113816460868221,0,0,0,0,0,0,0,0,0,0.0505275194329082,0,0,0,0,0,0,0,0,0.205753013449166,0,0,0,-0.055619173456232,0,0,0,-0.101478974312304,0,0,0,0,0,0,-0.143874207192558,0,0,0.00816729606884739,0,0.0818078858986428,0,0,0,0,0
0,0,0,-0.128362932523329,0,0,1.19624663796837,0,0,0,0.0234161250168431,0,0,0,0.128508290292946,0,0,0,0,0,0,0,0,0,-0.0310380700251893,0,0,0.0103936210543344,0,-0.04790751647188,0,-0.0011979695551027,0,0.0451778536147676,0,0,0,0,-0.193568093527809,-0.00414512120431901,0,0,0,0,0,-0.110112185322351,0,0,-0.0951600171061654,0.0608724855471439,0,0,0,0,0,0,0.0856725952436775,0,0,0,0,0,0,0,0,0,0,0,-0.00377106810355765,0,-0.00533412305364238,0.0660688399094038,0,0,0,0.249057335757972,0.00574059869633664,0,0,0,0,0.0747327523587111,0,-0.0379765045501409,0,0,0,0,-0.0145085366353697,-0.0144759934524196,0,0,0,0,0,0,0,0,0,0
0.0122152205547916,0.000292621515434938,0,0.0642162555701439,0,0.0219722656828134,0,1.30940197562355,-0.0633095619246627,0,0,-0.0365546961046496,0,0,0,0,-0.0431123377365813,0,0,0.239264558107179,0,0,0,-0.0916151778975339,0,0.0143657425339343,0,0,0,0.21688876165403,0,0,0,0,-0.0790020777956172,0,0,0,0,0.00495571599722828,0,0,0,0,-0.0420069611905132,0,0,0,-0.0756527372902182,-0.066893422575123,0,0,-0.000359945905891838,-0.163674864139781,-0.0353671495794357,0,0,-0.0445851755961212,-0.0423926075382636,0,-0.00507950932167379,0.0430354244724944,0.0880961572006518,0,0,0,0,0,0,0,0,0,0,0,0.125396247801428,0,0.0591583147188224,0,0.0420185482667183,0,0,0.169521291829691,0,0,0,0,0.0518740058065287,-0.110843620639135,0.0783798670786548,0,0,0,0,-0.238529106736593,0,0.0750817805616694,0,0,0.0987512971671561,0
0,0,0,0.0540881538899125,0,0,0,-0.0633095619246627,1.16503019818701,0,-0.0411808227355574,0,0.0519383151329988,0,0,0,0,-0.00655640037976713,0,0,0,0.222853586141366,-0.118821585275139,0,0,0,0,0,0.0310436100343903,0.0278135358121128,0,0,0.0604816157279179,0,0,-0.0609108347999572,0.0372931527309402,0,-0.033329397812697,0,0,0,0,0,0,0,-0.0462271929254874,0.0737507497547724,0,0,0,0,-0.093657425710099,0,0,0,-0.0555756649981814,0,-0.0682114990849609,-0.0433984686177599,0,0,0,0,0,0,0,0,-0.0491694024560893,0,-0.103305038893843,0,0,0,0,0,0,0,0,0,-0.105876971069278,0,0,0.174809413079503,0.0659339838731158,0,0,0,0,0,0,0.0314703668666617,-0.0495279499273734,0,0,0,-0.0220816460029992,0,0,0
0.0298250478765811,0,0.0467563751801835,0.0254869833477602,-0.000208349640420971,0,0,0,0,1.15414695024586,0,0,0,0.00471613360397537,0,0,-0.0398442831367389,0,-0.0119251765936535,0,0,-0.0267243815422735,0,-0.0103103550096329,0,0,0,0,0,0,0,-0.0123572351694799,0.0205595970708068,-0.0762563394904975,-0.0218286937215716,0,0,0,0.133930890626212,0.0166286851229015,-0.094841773060439,0,0,0.0913304853678549,0.050466838649547,0,0,0.0922537951661867,-0.0117706350323496,0,0,-0.068190714835873,0,0,0,0,0,-0.122161124234783,-0.0250096269116875,0,0.0130754382590153,-0.0484086726150782,0,0.044486148208963,0,0.0212348502606158,0,0,0,0.00852948858043106,0.0897745592902693,0,0.0277833936689173,0,-0.108717711061662,0,0,0,-0.0264912891618763,0,-0.076434748876905,0,-0.0669062582703234,0,0,0,0,0.121665472174586,0,0,-0.0451657610503173,0,0,0.0168572469931133,0,-0.0990842414951392,0,0,0,0
0.00494502963510251,0,0,0,0,0,0.0234161250168431,0,-0.0411808227355574,0,1.20306088349986,0,0.00325166798230635,-0.0281095471855209,-0.0579654437019627,0,0,0,0,0,0,0,0.0102211731156004,0,0,0.0268841222152479,0.126235392862901,0,-0.0286131872149097,0,0,0,0.0336960091606482,0,-0.104222244773751,0,-0.0384529468920968,0,0,0.0748588054302866,0,0,0,-0.00324348563037368,0,0.0891052693971654,0.190886760633962,0,0,-0.0716125043132773,0,0,0,0,-0.0220625783227227,0,-0.0669731037034613,0.0526464579280015,0.0991049186423034,0.0772518492459934,0.0374160869487019,0,0.0311064356668384,0,0.108826786777783,0,-0.0415563283126462,0,-0.00647406159302769,-0.0466883990926166,-0.011212811325757,0.0748217220087974,0.0433845908977865,-0.00369945323456465,0,0.0773767716442337,-0.0735602950510624,0,0.101033465748094,0.034880776504236,0,0,0,0.0638500378447719,0,0,0.107825742111442,0.0506188869904546,0,0.0236564720809613,0,0,0,0,0,0,0,-0.0454720483780695,0,0
0,0.0850855681403346,0,0,0.102401147323633,-0.1336466512746,0,-0.0365546961046496,0,0,0,1.1952325474844,-0.0341540654249084,0.0641886223583988,0,0,0,0,0,0.0619447435101831,0,0.0252910419633724,0,0,0,0,0,0,0,0,-0.00468590845227639,0.0552531746747058,0,0,0,-0.0864598705049226,-0.0389484370029557,0.0323316548393922,0,0,-0.0270430299678801,-0.0742687535789571,0.055979156798475,0,0,0,0,-0.0635760108805818,0,0,0,-0.00936707254056934,0,0,-0.0318235196902788,0,0,0,0,0,0,0.0527475050330372,0,0,0,0,0,0,0,0,0,0,0,0,0.0670817001647634,0,-0.0132540227237426,0,0,0,0,0,-0.0177366326767148,0,0,-0.123520466000323,-0.0509371062060542,-0.0877224678460925,0.00268078408150889,0,0,0,0,0,0.0748915783151172,0,-0.22917733748074,0,-0.0588072935548111,-0.0035725255045944
-0.127277348792628,0,0,0,0.00486508778902657,0,0,0,0.0519383151329988,0,0.00325166798230635,-0.0341540654249084,1.26822284761547,0,0,-0.108748783907022,0,0,-0.0270614591823838,0,0,0,0,-0.250989747610163,0,0,0,0,0,0,-0.0678969379025394,0,0,0,-0.0149411853741558,0,0,0,0,0,0,0,0,0,0,0,0,0,0.0372498966950519,0,0,0,0,-0.0720281382258925,0.0547097296795032,0,0,0,0,0,0,-0.0452679191207657,0,0,-0.154913051487166,0,-0.0236547050886411,-0.224585006984641,0,0,0.0629735690384079,0,0,0,0,0,0,0.0449849879030547,0.0151224605327312,0,0,0,0.0622435530737028,0,0,0.0142784161550965,0,0,0,0,-0.0881742431520538,-0.129386643490201,0,0,0,0,0,0.0296654609995906,0,0
0,0.0573457502374179,-0.0286245031191155,0,0,0,0,0,0,0.00471613360397537,-0.0281095471855209,0.0641886223583988,0,1.1659984557887,0,-0.103547315729784,0,0.00470152520881313,0,0,0,0,0,-0.00777173853567925,0,0,0,-0.0846891286046397,0,0,0,0,0,0,-0.128228760283715,-0.030564736582522,0,0,0,0,0,-0.0480277257091209,0,0,0,0,-0.0719188370384091,0,0,0,0,0,0,0,0,0,0,0.0894331368049616,0,0,0,0,0,0,0,-0.115762625969501,0,0,0.127671120607753,0,0.100369111459968,0,0,-0.079151779033266,0,0.044484068134617,-0.0280831996503728,0,0,0,-0.0288908745997036,0,0.035712591776677,0.0456616099889539,0,0.20577749920279,-0.017784156090848,0,0,0,-0.00455893695039468,-0.0056624072569047,-0.0162650381530794,-0.0282242325133146,-0.0169874129149815,-0.0289859675679813,0.046585511551296,0,0.042218671474085,0
0,0,-0.0636231584382712,0.0580305715797466,0,0,0.128508290292946,0,0,0,-0.0579654437019627,0,0,0,1.29746124183191,0,0,0,0.0231474225314528,0,0,0,0,0,0,0.121692051208958,0,0,-0.0756492411809399,0.136170218081216,0,0.193644378146475,0,0,0,-0.0212852813645402,0,0,0,0,0,0,0,0.0600100438789606,0,-0.0763260958729442,0,0.00952205941477186,0,0,0,0,0,0,0,0,0.0594529883851528,0,0,0.345538204255382,0,0,0,-0.0601370524711658,-0.102875211823892,-0.0554152660266833,0,0,0,0,0,-0.0555447930440683,0,0,0,0,0,0,0,-0.131660390643106,0,0,-0.0179299784854815,0,-0.0787495314983238,0,0.048153064042608,0,0,0,0,-0.0269321552894123,0,0,-0.000777562373707617,-0.175524328861503,-0.0634809861507021,-0.0081310564885732,0,0
0,0,0,0,0,-0.0899551633198566,0,0,0,0,0,0,-0.108748783907022,-0.103547315729784,0,1.27338650534309,0,0.0461004430318331,0,-0.187133911815377,0.00748655229774637,-0.0631199290826314,0,-0.0533279867479172,0,0,0,-0.0622861675744376,0,0,-0.0935413122446787,0,-0.00193437255976769,0.0244336453878349,0,0,-0.0926284536761367,-0.0529126129676492,0,0,0,0.0264975126604952,0,-0.053746045432314,-0.128710017777621,0,0,0,0,0,0.0120023860698162,0,0,-0.0783988852458382,0,-0.10256010182122,0,0,0,0,0,0,0,0,0,0,0,-0.131692549092057,0,0,0,0,0,0,0.0288756390916184,0,0,0.0297578938559342,0,0,0,0,0,0,0,0,0,0,0,-0.0131421679928501,0,-0.0946686233964612,0,-0.123985450976774,0,-0.02870231554382,0.0182112653865062,-0.057999042305148,0.09856792061797,-0.0584512394188617
0,0.224239795162153,0,0,-0.0272055299605952,0,0,-0.0431123377365813,0,-0.0398442831367389,0,0,0,0,0,0,1.5367721922527,0,0,-0.122350988050346,0,0,0,-0.136837654088044,0,0,0,0,0.00529096402243612,0,0,0,0,0,0,0.0782300946041925,0,0.213784254217432,0.0286965639500533,0,0,0,-0.033423768917559,-0.0137260781670607,-0.0232779715847411,0.0187546600243903,-0.246532932842698,0,0,0,0,0,0,0.0686914951017026,-0.142564250745235,-0.0460193814927456,0.128054689870957,-0.0785334912035089,0,0,0,0,-0.0783031305809985,0,0.094553835628315,0,-0.138176279030228,0,0,0,-0.0110243017382689,0,-0.119836582803693,0.0662802814323191,0,0,-0.126442214811258,0,0,0,0,0.300698960037802,0,0,0,0,0,0.0565760499014448,0,0,0,-0.059385463875724,0,0,-0.0178121720389658,-0.372843430574715,0,0,0,0.028148805091517
0,0,0.0986606235387604,0,0,0,0,0,-0.00655640037976713,0,0,0,0,0.00470152520881313,0,0.0461004430318331,0,1.15217257275467,0,0,0,0.0137571390283717,0,0.0389410302712759,0.0520502951454248,0,0,0.0889566352423308,0,0,0,-0.0334914945055521,0,0.061999032716733,-0.0285404327808679,0,0,0.0382364733393579,0,-0.0351312649189715,0,0,0,0,-0.120894895282609,0,0,0,-0.0564324459691733,0,-0.115070007244267,0,0,0.0583594294974702,0,0,0,0,0,-0.0837935932165568,0,0.0430564258225182,-0.196306292813887,0,-0.158354671289919,0.032715859801904,-0.00333346470222502,0,-0.0438859994025685,0,0,0,0,0,0,0,0,-0.0368803437911055,0,-0.00335548284420177,-0.0243345709319515,0,0,0,0,0,0.00740975642931115,0,0,0,0,0,0,0,0,0,0.0251014120894018,0,-0.00865515269951594,0
0,0.0121061483922501,0,0,0.00372112780306854,0,0,0,0,-0.0119251765936535,0,0,-0.0270614591823838,0,0.0231474225314528,0,0,0,1.1926425587151,-0.104384255518643,0,0,0,0,0,-0.0872525115202257,0,0.0589364221852048,0,0,-0.020057044490886,-0.0669920803974778,0,0,0,0,0,0,0,0,0,-0.0110170073766417,0,0,0,0,0,0.0754865443068539,-0.096114132724811,0,0,0.0600145654487748,0,0,0,0,0,0,0,0,-0.192322278888688,0.0216469821557642,0,0,-0.0215241916707976,0,-0.0618615294098384,-0.0992198923236838,0,0,0,0.0104161734660374,-0.0196503376781529,0,0,0.0067988667773648,0,0,-0.201796348150076,0,0,0,0,0.029371942210509,0,-0.0518676544835034,-0.134775643899666,0,0.0038738193291734,0,0,-0.111055813387845,0,0.0820040764663487,0,0,-0.0224948335290391,0,-0.00554685704591451,0
0,0,-0.0232511033801106,-0.00486603718036518,0.162473732629544,0,0,0.239264558107179,0,0,0,0.0619447435101831,0,0,0,-0.187133911815377,-0.122350988050346,0,-0.104384255518643,1.29308227638306,0,0,0,0,-0.109869996852225,0.0331408522769676,0,0,0,0,0,0,0,0,0,0.0339260944763134,0.0245665455345882,-0.101186036240247,0,-0.0787770616865672,0,0,0,0,-0.0236069390534805,0,-0.0175115824573944,0,0,0,0,0,-0.0142234261518573,0,0,0,0.0517377209845529,-0.0849165168574035,0,0,0,0,-0.0144186588541878,0,-0.0177425311350989,0.0761644596712582,-0.0217387313917733,-0.00285570477108411,0,0,0,0,0.0788416173439469,0,0.041924859232613,0,0,0,0,0.00974672709696672,0,0,0,0.0714956068954452,0,0,0,0,-0.0576433692506957,0,0,-0.0634395138251722,-0.164334316448624,0,0,-0.159836805429945,-0.0925825570241238,-0.039716013553118,0,-0.0302418738692242
0,0.0309360731435232,-0.0161107198902673,0,0,0,0,0,0,0,0,0,0,0,0,0.00748655229774637,0,0,0,0,1.11376033468015,0.00385074169451089,0,0.0059678540045537,0,-0.101753575365427,0,0,-0.0578190957269394,-0.00105463535667515,0,0,0,0,-0.0262296017864179,0,0.044435995620985,0,-0.0289331896613288,-0.0712761208763108,-0.054494751194781,0,0.092693821880221,0,0,0.203882569970836,0,0,0,0,0,0,0,0,0,0,0,0.115148220833821,-0.0452710230494038,0,0,0,0,-0.00443580824100348,0,0,0,0.020586514254411,-0.0864505108097616,0,0,0,0,0,0,0,0,0.0171965495344915,-0.00718228492390858,0,-0.108327792372853,0,0,0,0,0,0,0,0,0,0,0,0.0199514103741934,0,0,0,0,0.0465253797217459,0,0
0,0,-0.173537417449531,0,0,-0.0474991659325267,0,0,0.222853586141366,-0.0267243815422735,0,0.0252910419633724,0,0,0,-0.0631199290826314,0,0.0137571390283717,0,0,0.00385074169451089,1.20008383188619,0,-0.119527304019813,0,0,0,0,0,0,0,-0.144999815906741,-0.0180554362357727,0,0.0512797002130222,-0.119146244770438,0,-0.0185137796387814,0,0,0,0,0,0,0,0,0,0,0,-0.00804041086079878,0,-0.0846474029129147,0,0,0,0,0,0.0444050381391616,0.0498489962531974,0,0.035242289337992,0,0,0,0,0,0.0399145936954509,0,0,0,0.0125673114171996,0,0,0,0,0,0,0,0,-0.0169470816810128,0,0,0,-0.00522760281935392,0,0.0274285242052466,0.0167587686918776,0,-0.100300034520382,0,-0.133745105494252,-0.0137018730843672,-0.0240434707295789,0,-0.0712861716889381,-0.0497732112881884,0,-0.0285950865408697,0,0
0.13840392156261,-0.0423855346166094,0,0,0,0.0381292799009567,0,0,-0.118821585275139,0,0.0102211731156004,0,0,0,0,0,0,0,0,0,0,0,1.19567461778739,-0.145027114440694,-0.120394532691002,0,0,0,0,-0.00672018316338992,0.0450933431348846,0,-0.126208011473788,0,0,-0.0166622486569676,0,0,0,0,0,0,0,0.110868668306658,0.0120551495168685,0,0,0,0,0.0852413555002658,0.0123034569646676,0,0,-0.0173949934728,0,0,0,-0.0187467614699369,0,0,0,0.0443819353365231,0,0,0,0,0,-0.103984170367251,0,0,0,0,-0.209082696975815,-0.0192454600259681,-0.0676972066171202,0,0,0,-0.0651555172502347,0,-0.0792023315057707,-0.0613766503943974,0.0330284514603857,0,0,0,0,0,0,0,0,0.0469519308243892,0,0,0,0,0,0,0,-0.00932247389579398
0,0,0,0,0,0,0,-0.0916151778975339,0,-0.0103103550096329,0,0,-0.250989747610163,-0.00777173853567925,0,-0.0533279867479172,-0.136837654088044,0.0389410302712759,0,0,0.0059678540045537,-0.119527304019813,-0.145027114440694,1.24922345499768,0,0,0,0,0,0.0558690576550163,0,0,0,0,0,0,0.0501121518920696,0,0,0,0,0,-0.0509716564627417,0.117380470490978,0,0,0,0.0628007488256711,0,0,0,0,0,-0.0100260678051258,0,0,0,0,0.0412192264011635,0,0,0.0419912932035647,0,-0.0749221412958317,-0.18479916288773,0,0,0,0,0.0311680962164556,0,0,0,0.0225989506201085,0,0,0,0,-0.0291056144001995,0,0,0,0,0,0.0455826679360139,0.0687090469736403,-0.0394985206405373,-0.082976886787861,0,0,-0.0214733872048216,0,0,0,0,0,0,0,0,0
0,0.0469658010857387,0,0,0.0235292339089053,0,-0.0310380700251893,0,0,0,0,0,0,0,0,0,0,0.0520502951454248,0,-0.109869996852225,0,0,-0.120394532691002,0,1.09834650505614,0,0,0,0,0,0,-0.014451606925616,0,0.0387410283392901,0.0296408797329435,-0.00807233558191835,0.0782669661252095,-0.124258136081778,0,0,0.000862607419811984,0,0,0,0,0,0,-0.0812695588717637,0,0.00609236709656049,-0.062207490475711,0,0,0,-0.0382348558570934,0,0,-0.0703098043848668,0,0,0,0.0133151427900089,0,0,0,0,0,0,0,0,0,0,-0.019613660569675,0,-0.00456029185530601,0.145132450865337,0,0,0,0,0,0,0,0.00649011514657338,-0.0364955705858793,0,0,0,0,0,0,0,0,0,0,0,0,0,-0.0112652148821877,-0.0034728486465232
0,0,0,-0.0776406306115601,0,-0.0821980182690571,0,0.0143657425339343,0,0,0.0268841222152479,0,0,0,0.121692051208958,0,0,0,-0.0872525115202257,0.0331408522769676,-0.101753575365427,0,0,0,0,1.21880375231613,0,0,0,0,0,0,0,0,0,0.0303780253102408,0.0641342858195934,0,0.0688978015794725,0,-0.0186378048488932,0,-0.0156250218004744,0,-0.0196383133695628,0.190081526042563,0,0,0,0.144280551096519,-0.0708604794465394,0,0,0,0,-0.0231423793518577,0,0,0,0,0,0.00692169365294457,0,0,0,0,0.0833164830559335,0,0,0,0,0,-0.243939633250892,0,0,0,0,0,0,0,0,0.10794190815233,-0.0449635865578348,0.028129738147842,0,0,0,0,0,0,0.00844362014063508,0,0,0.105159055614882,0,0.020532834501686,-0.010714026194233,0,0,0
-0.0426105587399946,0,0,0,0,0,0,0,0,0,0.126235392862901,0,0,0,0,0,0,0,0,0,0,0,0,0,0,0,1.09517015903498,0,-0.0209070725107217,0,0.0168611147775995,0,0.0537168460312385,0,-0.0219427330466891,0,0,0,-0.0589669206362802,0,0,0,-0.0337815928820043,0,-0.0155066816003537,0,0,0,0,0,0,0,0.0506523919270419,0,0.0165402504500024,0,0.0533493259495993,0,-0.0194225025758896,0.0320211879746718,-0.0171426469403392,0,0,0.0616826437235055,0.0359367505348407,0.027745566678941,0.0535364274235574,-0.0249226764588244,0,0,0.00461642663524285,0.0113499012631512,0,0,0,0,0,0.0276963683130823,0,0,0,0,0,-0.022572086966811,-0.123959713256229,0,0,0.132743774983198,0.0456605726014996,0.103744240283082,0,0,0,-0.0442069593513081,0.0229313995094646,0,0,0,0,0.00148473488507328
0.0936436917655085,0,0.126389587438016,0,0,0,0.0103936210543344,0,0,0,0,0,0,-0.0846891286046397,0,-0.0622861675744376,0,0.0889566352423308,0.0589364221852048,0,0,0,0,0,0,0,0,1.26678868812273,0,0,0,0,-0.0366380628391538,-0.125653243574149,-0.277883469332995,-0.0167964317958749,0,-0.0473084742208915,-0.047067156899174,0.144378108399389,0,0.131948507896767,0,0,0,0,0,-0.0593764988226135,0,0,0,0,0,0,0,0,0,-0.00887484139936475,0,-0.219876546504413,0,0,0,0,0,0,0,-0.032237634629574,0.0216693423932509,0,0,0,0,0.0331155495143164,0,-0.0566146632144298,-0.0159973269186361,0,0,0,0,0,0,0,0.0844738188203486,0,0.137269530977288,0.0580518793088153,-0.0133107231488223,0.0388440874911041,0,0,0,0,0,0,0,0,0,0
0,-0.00363008864983985,0,0,0,0,0,0,0.0310436100343903,0,-0.0286131872149097,0,0,0,-0.0756492411809399,0,0.00529096402243612,0,0,0,-0.0578190957269394,0,0,0,0,0,-0.0209070725107217,0,1.09982954652126,-0.0283475671070703,0,0,0,0,-0.0209621822551996,0,0,0,0,0,0,0,0,0.062710936704028,0,-0.0200571339249633,0,0,0,0,0,0,-0.121425715585587,0.00828190418826578,-0.00512029240184845,0,0,0,0,0,0,-0.0506384604836272,0,-0.0157792279792736,0.0044768029009903,0,0.00300448794358424,0,0,-0.0888927061289665,0,0,0,0,0,0,-0.0368216307494152,0,0,0,-0.0410890575264524,0.016989053284149,0,0,-0.0303178137154251,0,0.136504583722195,0.0113268113453099,0,0.0211323867098497,0,-0.0408941389193509,0,0,0.0144374197629439,0,0,-0.0431502865605318,-0.161924862834597,0
0,-0.137958755483418,-0.0943106759449859,-0.0799523700566963,0,0,-0.04790751647188,0.21688876165403,0.0278135358121128,0,0,0,0,0,0.136170218081216,0,0,0,0,0,-0.00105463535667515,0,-0.00672018316338992,0.0558690576550163,0,0,0,0,-0.0283475671070703,1.45098162870724,0,0,0,0,0,0,0,0,0,-0.087917362692972,-0.0283002931656753,-0.1049022852967,0.223515039982281,0,0,-0.0212261155967841,-0.149332245531228,0.0285618955729594,0,0,0,0,0.0529215849550165,0,0,0.111800111518303,0,0,0,-0.0207066645219203,0,0,0,0,0,-0.100425288572125,0,0,0,0,-0.0263941527198838,0,0,-0.26276783108045,0,0,-0.0331939842752844,0.302859327579303,0.083557385816045,0,0,0.132356167456948,0,0,0,-0.0132443585854413,0,0.133549950832502,0,0,0.064382862541298,0,-0.100285532105953,0,0,0,-0.00866901709058662,0,-0.123077555613526,0
0,-0.0113457974921118,-0.00500544608436457,0.0544215298130702,0,-0.0938783002421177,0,0,0,0,0,-0.00468590845227639,-0.0678969379025394,0,0,-0.0935413122446787,0,0,-0.020057044490886,0,0,0,0.0450933431348846,0,0,0,0.0168611147775995,0,0,0,1.20746413876394,0,0,0,0,0,-0.012464765558365,0,0,0,-0.0721608388755586,0,0,0,0,-0.037079895080986,0,0,0,0,-0.0226520986222535,-0.144409281810497,0,-0.0320043411732883,0,-0.127177029855482,0,0,0,0.0102704206349932,0,0,0,0,0,0,0.0676352443544803,0,0.00227880620273475,0,0,0,0,0,0,0,0.0950266778016289,-0.188986590086614,0,0,0,0,0,0,0,0,0,0,0,0,-0.168734554839069,0,0,0,0,-0.0414933072021263,0,0,0,-0.0195038651555412
0.070033107796239,0,0.0776472040175891,0,-0.0350966980896198,0,-0.0011979695551027,0,0,-0.0123572351694799,0,0.0552531746747058,0,0,0.193644378146475,0,0,-0.0334914945055521,-0.0669920803974778,0,0,-0.144999815906741,0,0,-0.014451606925616,0,0,0,0,0,0,1.2733129028457,0,0,0,0,0.0491661772941066,0,0.136877249949492,-0.0935953532833136,-0.0382827083908287,0,0,-0.0119122834272596,-0.0227911333593888,0.058809525765385,0,0,-0.0613409959564081,0.272680068716346,0,0,0,-0.0268545127401581,0,0,0,0,-0.125169958363233,0,0,0,0,-0.0194138299135819,0,0.0283513421882325,-0.0259413850007012,0,0,0,0.0160554720057267,0,0,0.0391712861405812,-0.14382676246194,0.0525542363297838,0,0,0.0658569519521671,0,0,0,0,0,0,0,0.0358498431841308,0.114000953588786,0,0.0191937081089666,0,0,-0.12415061889407,0,0,0,0,0,0,0
0,0,0,-0.108443326301778,0.0323475034136064,0.111988441135194,0,0,0.0604816157279179,0.0205595970708068,0.0336960091606482,0,0,0,0,-0.00193437255976769,0,0,0,0,0,-0.0180554362357727,-0.126208011473788,0,0,0,0.0537168460312385,-0.0366380628391538,0,0,0,0,1.20040857012456,-0.100685887525929,0,0,-0.0132775409416973,0,0,0,0,0.0886962940716115,0,-0.100786996647091,0,0,0,0,0,0,0,0,0,-0.0983094475884507,-0.0431001066412868,-0.0141283481233238,-0.0543292178317987,0,0,0,-0.0603615235601155,0,0,0,0,0,0,0.0239790429709441,0,0,0,0,-0.00882244307238268,0,0,0,0,-0.163904134821156,0,0,-0.0363355577956836,0,0,0,0,0,0,0,0,-0.0145230267072709,-0.197095712240341,-0.198068379387848,0,0.0104234507887414,0,0,0.109565238755749,0,0,0
0.00692372115873817,0,0,0,0,0.0191259942975066,0.0451778536147676,0,0,-0.0762563394904975,0,0,0,0,0,0.0244336453878349,0,0.061999032716733,0,0,0,0,0,0,0.0387410283392901,0,0,-0.125653243574149,0,0,0,0,-0.100685887525929,1.27303227155759,0,0,0,0.0363622756764577,0.0936444464385424,0.0533814171059023,0,0.0210707429097188,0,0,0.0550027716154629,0.0263854618048739,0,0,0,-0.050217603213216,0,0,0,0,0,0.0228528269634241,0,0,0,0,0,-0.0558583201469942,0,0.00571212301163402,0.0699926639257391,0,0.0895370396035296,0,0.00750872273907252,0,0.0348019465319821,0.0468981399144246,0.0797368165129109,0,0,-0.0542751226367685,-0.0468739730639873,-0.01279873566799,-0.188807654888767,0,0,0,0,-0.0255515476547956,-0.0474702647051792,0,0,0,0.149030600323634,0.0791840638466631,0.0607700305724982,0.184495483076712,0,0.0355569839459062,0,0.0607665881951916,-0.109314762587659,0.192068004176488,0.0527244952198948,0
-0.162394856271807,0,0.0644818669566664,0,-0.0452980068589729,0,0,-0.0790020777956172,0,-0.0218286937215716,-0.104222244773751,0,-0.0149411853741558,-0.128228760283715,0,0,0,-0.0285404327808679,0,0,-0.0262296017864179,0.0512797002130222,0,0,0.0296408797329435,0,-0.0219427330466891,-0.277883469332995,-0.0209621822551996,0,0,0,0,0,1.37247116525737,0,0,0.00128599578293092,-0.0821202182142998,0,0.00382430423864393,-0.126568789941461,0,0,0,0.00541057762898544,0,0.0196201821644481,-0.0829486565454211,0,-0.0641396032425311,0,0,0,-0.246347247924091,0,0.0645760696670664,0,-0.0634851776335842,0,0,0,0.0178475075588653,0.0626064673790409,0,-0.0405834240021925,0,0,0.080800031511378,0.196750190281738,0,0,0.0138850660265038,0,0,0,0,0,0.0311206132866354,0,-0.054445445754531,0.0608175363036903,0,-0.0202245530915239,0.060658319601147,0,0.0530910096708948,0.178676628417592,0,-0.0142914297218127,0,0,0,0,0.0258206411210376,0,0,0,0,-0.0468041689192188
0,0.129503221618985,0.109964150380113,0,0,0,0,0,-0.0609108347999572,0,0,-0.0864598705049226,0,-0.030564736582522,-0.0212852813645402,0,0.0782300946041925,0,0,0.0339260944763134,0,-0.119146244770438,-0.0166622486569676,0,-0.00807233558191835,0.0303780253102408,0,-0.0167964317958749,0,0,0,0,0,0,0,1.16794964108444,0,0.051987366033703,0,0,0.0096973525445572,0,0,0,0.0297162136282596,0,0,0.0219651715178815,-0.107304378741127,0,-0.00630510723447075,0,-0.0751972600455989,0,0,0,0,-0.0445228001177813,0.0536326284389725,-0.0738359949408526,-0.0507539155216292,0,0.0970019691116002,-0.0331425723194284,-0.00475265445716483,0,0.0921322251172553,0.0387950717422619,0.0447995123079888,0,0,0,0,-0.159591446233878,0,0,0,0,0,-0.0414529464423282,0.0377113181074987,0,-0.0619516141460583,0,0,0,0,0,-0.00349637665697,0,0,-0.0819597027510021,0,0,0.0207691142347018,0,-0.00741783743929327,0,0,-0.0120484539636498
0,0,0,0,0.00161450651352529,-0.0581854357286396,0,0,0.0372931527309402,0,-0.0384529468920968,-0.0389484370029557,0,0,0,-0.0926284536761367,0,0,0,0.0245665455345882,0.044435995620985,0,0,0.0501121518920696,0.0782669661252095,0.0641342858195934,0,0,0,0,-0.012464765558365,0.0491661772941066,-0.0132775409416973,0,0,0,1.27421623043889,0,-0.0379783937996633,0,0,0,0,0,0,-0.0673417657337462,0,0,0.113701749627924,0,0,0,0,0,-0.15170549685741,-0.0302722631383288,0,0.0783958869822136,0,0.00429762228459158,0,0.0485552941840911,0,0,0,0,0,0,0,0,0,0,0,-0.03974263669443,0.179363038577971,0.170223135268164,0.152420681437015,0,0.258223988164184,0,0.0116983929891874,0.0563178701199174,-0.0379243470156539,0.0557335666889447,0.0475724283076566,0,0,0.211581189162542,0,0,0,0,0,0,0,0,0,0,0.0218654992888338,0
0,-0.0930613875868715,-0.0277965650258907,0,0.0183036155983565,0,0,0,0,0,0,0.0323316548393922,0,0,0,-0.0529126129676492,0.213784254217432,0.0382364733393579,0,-0.101186036240247,0,-0.0185137796387814,0,0,-0.124258136081778,0,0,-0.0473084742208915,0,0,0,0,0,0.0363622756764577,0.00128599578293092,0.051987366033703,0,1.26945904284592,-0.0535757544948757,0,0,0,-0.0691251786527706,0,0,0,0,0.0273366382155392,0,0,0,0,0,0,-0.00906916093389585,0,0,0,0.0460390646724516,0,0,0,0.109635062032543,0,-0.0268149863715392,0,0,0,0,-0.182558413678784,0,-0.0600265680198031,0,0,0.0734044682310636,0,-0.0109715011134742,0.12446530791969,0,0.0430792949417298,-0.0219530034128889,0,0,0.125569846193935,0,0,0,-0.143191395340226,-0.0042666985550034,0,0,0,-0.0177005963392475,-0.136528210573181,0,0.127205457445058,0,-0.0113743619935924,0,-0.0306421653842835
0,-0.0663038882180861,0,0,0,0,-0.193568093527809,0,-0.033329397812697,0.133930890626212,0,0,0,0,0,0,0.0286965639500533,0,0,0,-0.0289331896613288,0,0,0,0,0.0688978015794725,-0.0589669206362802,-0.047067156899174,0,0,0,0.136877249949492,0,0.0936444464385424,-0.0821202182142998,0,-0.0379783937996633,-0.0535757544948757,1.47585513924053,0,0,0,0,0.0585595334687333,0,0,-0.209734456019058,0,-0.21377494851649,0,0,0,0,-0.0206045431333694,0,0.0366387284121701,0.0452704145781055,0,0,-0.049591103571805,-0.349485733021366,0.00912840032727444,0,0,-0.0337416329466682,0,0,0,0,0,0,0,0.0125472861858489,0,0,0,0.149012636197253,0,0.0514520058130843,0,0,0,0,0,-0.0117313103697216,0.179987884082724,-0.105907341385745,-0.0228064916448166,-0.0106584191386545,-0.129524323369649,-0.168270784898945,0,-0.110559205015784,0,-0.110102291189578,-0.0620044860620146,0,0,0,0
0,0,0,0,0,0.207374331727873,-0.00414512120431901,0.00495571599722828,0,0.0166286851229015,0.0748588054302866,0,0,0,0,0,0,-0.0351312649189715,0,-0.0787770616865672,-0.0712761208763108,0,0,0,0,0,0,0.144378108399389,0,-0.087917362692972,0,-0.0935953532833136,0,0.0533814171059023,0,0,0,0,0,1.17573306325373,0,0,0,-0.0907123471290137,0,0,0,0,-0.0488507888030342,0,0,0,-0.00582395935491858,0,0,0,0,0.152370060657738,0,0,0,0,-0.123861596563297,0,0,0,0,0,0,0,0,-0.0692063330702321,0,0.0805027718608023,0,0.00112648923237525,0,0,0,0,0,0,0,0.0944901812790871,0.00826925192643487,0,0,0,0,0,0,0,-0.00353072833508067,0,-0.0361537194184641,0,0,0,0,-0.000408759565945754
0,-0.00430778114464638,0,0,0,-0.0306759110463123,0,0,0,-0.094841773060439,0,-0.0270430299678801,0,0,0,0,0,0,0,0,-0.054494751194781,0,0,0,0.000862607419811984,-0.0186378048488932,0,0,0,-0.0283002931656753,-0.0721608388755586,-0.0382827083908287,0,0,0.00382430423864393,0.0096973525445572,0,0,0,0,1.1269620388041,0,0,0.0128694533042793,0,-0.276413306799561,-0.122964082482237,0,0,0,0.0526620449869304,0,0,0,0,0,0,0,0,0,0,0,-0.0592390307977711,-0.0503033260198,0,0.00349152970957497,0,0,-0.00881420759383832,0,-0.00799907097603653,0,0,0,0,-0.040795757089568,0,0.00641992240778698,0,0,0,0,-0.0112370043796109,-0.0169439630176262,0,0,0,0.0305428601402449,0,0,0,0,0,0,0,0,0,0,0,-0.00235057349958879
0,0.0864181710691779,0,0.123606460208378,0,0,0,0,0,0,0,-0.0742687535789571,0,-0.0480277257091209,0,0.0264975126604952,0,0,-0.0110170073766417,0,0,0,0,0,0,0,0,0.131948507896767,0,-0.1049022852967,0,0,0.0886962940716115,0.0210707429097188,-0.126568789941461,0,0,0,0,0,0,1.22717321798748,0,0,0,-0.10294374159852,0,0,0,0.0141376643438598,0,0,0,-0.177210357432664,0,0,0,0,-0.187199647281551,-0.0755387244298419,0,0,0,0,0,0,-0.0551451214557626,-0.0929202569033765,-0.0599670837333787,0,0,0,0,0,-0.163599523342228,0,-0.018261325820797,0.0755654210579606,0,-0.0340245479637549,0,0,0,0,0,0,0,0,0,0,0,0,-0.00753032338343552,0,0.0207232126712989,-0.0346351481419993,0,0,0,-0.0721139811335304
0,-0.0842516661592056,0,0,0,0,0,0,0,0,0,0.055979156798475,0,0,0,0,-0.033423768917559,0,0,0,0.092693821880221,0,0,-0.0509716564627417,0,-0.0156250218004744,-0.0337815928820043,0,0,0.223515039982281,0,0,0,0,0,0,0,-0.0691251786527706,0,0,0,0,1.14175516515568,0,-0.133456627715572,0,0,0,0,0.0837310597179126,0,-0.0535148980266484,0,0,-0.0171867271904397,-0.0111440269632487,0,-0.00809571022862394,0,0,0,0,0,0,0,0,0.00551090087181807,0,0,-0.0169287227763464,-0.00982414539598351,0,0,0.0605367112085477,0,0.101900865338249,0,0,0,0,0,0.0801395977572744,0,0,-0.00703436354486146,0,0,0,0,0,-0.0596304837656875,-0.0469602597546655,0,0,0,0,0,0,0,0
0,0,0,0,0,0,0,0,0,0.0913304853678549,-0.00324348563037368,0,0,0,0.0600100438789606,-0.053746045432314,-0.0137260781670607,0,0,0,0,0,0.110868668306658,0.117380470490978,0,0,0,0,0.062710936704028,0,0,-0.0119122834272596,-0.100786996647091,0,0,0,0,0,0.0585595334687333,-0.0907123471290137,0.0128694533042793,0,0,1.20726381297135,0.0452377036905228,0.159624822575135,0.0759448059100129,-0.050970155391236,0.0305691439150261,0,0,0,0.0128320814825044,0,0,-0.0413333183582006,0,0,0.0742954167090309,0.00313313647392341,0,0,0.0824048149120628,0,0.10154492394328,0,0,0.0232399746982427,0.126781588928846,0,0,0,0,0,0.0971061735864931,0.0350504346849491,0,0.0788533691050618,0,0,0,0,-0.137224754901472,0.0142835683430054,0,0,0,0,-0.0268112131974211,0,-0.0307597383280684,0,-0.0164751127395526,-0.0354315866905811,0.0506611202969104,0,0,0,0,0
-0.0756812891171776,0.0558987004538375,0,0,0,0.083673699575985,0,-0.0420069611905132,0,0.050466838649547,0,0,0,0,0,-0.128710017777621,-0.0232779715847411,-0.120894895282609,0,-0.0236069390534805,0,0,0.0120551495168685,0,0,-0.0196383133695628,-0.0155066816003537,0,0,0,0,-0.0227911333593888,0,0.0550027716154629,0,0.0297162136282596,0,0,0,0,0,0,-0.133456627715572,0.0452377036905228,1.13597515321193,-0.0438662924656913,0,0,0,0,0,0,0,0,-0.0209034577421501,-0.0690552393130266,0.0396938922467921,-0.0386616194019191,-0.132385622408792,0,0,0,0,0,0,0,0,0,-0.103366567664534,0,0,0,0,0,0.00401887516163961,0,0,0,0.00395187436338197,-0.059398421214797,0,0,0,0,0,-0.00386982367470583,0,0,0,0.0313374408919569,0,0,0,0,-0.0602582453715991,0,0,0,0.0149832800141315,0
-0.052852799608237,0,0,0,0,0,-0.110112185322351,0,0,0,0.0891052693971654,0,0,0,-0.0763260958729442,0,0.0187546600243903,0,0,0,0.203882569970836,0,0,0,0,0.190081526042563,0,0,-0.0200571339249633,-0.0212261155967841,-0.037079895080986,0.058809525765385,0,0.0263854618048739,0.00541057762898544,0,-0.0673417657337462,0,0,0,-0.276413306799561,-0.10294374159852,0,0.159624822575135,-0.0438662924656913,1.47305962964215,-0.00946251686751488,0,-0.0487114077056413,0.0581329847751734,0.0662946155932975,0,0,0,0,0,-0.0373610760339852,0,-0.13310013183685,-0.187454323553645,0,-0.194497150549825,0,0,-0.0464791559461022,0,0.0111215628439583,-0.0260986949113935,0,0.0992078244971814,0,0,-0.00605373988568466,-0.0629381964428518,0.276308927565325,0,0,0,-0.0232060180631198,0,0,0,0,-0.0096907450675962,0,-0.0790730043995843,0.228422790181816,0,0,0,0,0,0,-0.0301016588292179,0,-0.0265387944014515,0,0,-0.0977246344724027,0
0.00126321565593048,0,0,0.038068033741094,-0.141028417498692,0,0,0,-0.0462271929254874,0,0.190886760633962,0,0,-0.0719188370384091,0,0,-0.246532932842698,0,0,-0.0175115824573944,0,0,0,0,0,0,0,0,0,-0.149332245531228,0,0,0,0,0,0,0,0,-0.209734456019058,0,-0.122964082482237,0,0,0.0759448059100129,0,-0.00946251686751488,1.29829750028978,0,0,0,-0.0691899579513464,0,-0.120907563795822,0.104867495477268,-0.0167545768888179,0.045832782883386,0.00907702842588786,0,0,0,-0.020748785758792,0,-0.0720130863259738,0,0,0,0,0,0,0,0,0,0,0,0,0,0,-0.110882263048366,-0.0728732416934506,0,0.0227093012863625,0,0.0284432484274244,0,0,0,-0.00277528824345195,0.0879070750306822,0,0,0,0.00154615339708143,0,0,-0.00307998765109283,0,0,0.0308746292684842,-0.0342465735971477,0
0,-0.0390080431668297,0.0102097850408966,-0.0372421327650882,0,0,0,0,0.0737507497547724,0.0922537951661867,0,-0.0635760108805818,0,0,0.00952205941477186,0,0,0,0.0754865443068539,0,0,0,0,0.0628007488256711,-0.0812695588717637,0,0,-0.0593764988226135,0,0.0285618955729594,0,0,0,0,0.0196201821644481,0.0219651715178815,0,0.0273366382155392,0,0,0,0,0,-0.050970155391236,0,0,0,1.09002872051283,0,0,0.034441618393545,0,-0.0262686995156143,0,0,0,0,0,0.00140155534620615,0,0,0,0,0.01585177547711,0,0,0,-0.127486063243595,0,-0.0756074057519625,0,0.0415523670597175,0,0.00907591552899423,0,-0.145820068092283,0.0415469553041759,0,0,0,0,0,0,-0.00965962548370167,0,-0.0526750145627017,0,0,0,0,0.0427250976799962,0,0,-0.0184917261126952,0,-0.045133370547583,0,0,0,0
-0.126713558770809,0.0259681793073577,0,-0.119772703069579,0,0,-0.0951600171061654,-0.0756527372902182,0,-0.0117706350323496,0,0,0.0372498966950519,0,0,0,0,-0.0564324459691733,-0.096114132724811,0,0,0,0,0,0,0,0,0,0,0,0,-0.0613409959564081,0,0,-0.0829486565454211,-0.107304378741127,0.113701749627924,0,-0.21377494851649,-0.0488507888030342,0,0,0,0.0305691439150261,0,-0.0487114077056413,0,0,1.3472529632757,-0.0504338400479054,-0.0286636527471957,0,0,0,-0.0238786985466001,0.00543828841900733,0,0,0,0,-0.122910394522196,-0.0217843148579784,0,0,-0.139634189709895,0.0213641631823377,0,-0.0249582305592543,0.0488682448817176,0.00389930224387621,0,-0.0299940071943953,0,0,0,-0.0155138130254098,0,0.120456144988098,-0.0321076022714339,0,0.0367298338868895,0,-0.270749457759669,0,-0.0398541488798464,-0.0280042051398141,0,0,0,0,0.102667912457341,0,-0.0244031796446537,0,-0.0268423358173935,-0.0109547188629774,-0.0776980109011681,-0.10753263710821,0,0
0,0,-0.0520793808657626,0,0.0336929242598882,0,0.0608724855471439,-0.066893422575123,0,0,-0.0716125043132773,0,0,0,0,0,0,0,0,0,0,-0.00804041086079878,0.0852413555002658,0,0.00609236709656049,0.144280551096519,0,0,0,0,0,0.272680068716346,0,-0.050217603213216,0,0,0,0,0,0,0,0.0141376643438598,0.0837310597179126,0,0,0.0581329847751734,0,0,-0.0504338400479054,1.19880722147594,0.0148838493387862,0.117700330638425,-0.0238843196714217,0,-0.0540063122106989,0,0,0,0.0376597817331331,0,0.0590315288154235,-0.0115748396340888,0,0.00204858714846491,0,-0.0457256063691786,0,0,0,0,0,0,0.0171995070094361,0,0,0,0,0,-0.0690461619259021,0.0407255710432883,0,0.0476524378535735,-0.062613148702696,0.00309806253682424,0,0.0855609308936339,0,-0.00778775456679823,0,0,0.0523179602146931,0,0,0,0,0,0,-0.062702092899453,0,0
-0.0798875222050135,-0.0695955126576061,0,0,0,-1.00545705623439e-05,0,0,0,0,0,0,0,0,0,0.0120023860698162,0,-0.115070007244267,0,0,0,0,0.0123034569646676,0,-0.062207490475711,-0.0708604794465394,0,0,0,0,-0.0226520986222535,0,0,0,-0.0641396032425311,-0.00630510723447075,0,0,0,0,0.0526620449869304,0,0,0,0,0.0662946155932975,-0.0691899579513464,0.034441618393545,-0.0286636527471957,0.0148838493387862,1.1161377581973,0,0,0,-0.0139030477512937,0,0,-0.0283619807684614,0,0,-0.110101598105186,0.162322317428618,0,0,0,0,0,0,0,0,0,0,0,-0.049129078882218,0,-0.0301676122918505,0,0,0,0,0,0.00800380230952168,0,0,0,0,0,0.0432401045941716,0,-0.00197727627516802,-0.0467271463914744,0,-0.0645949282863052,0,0,0,0,0,0,0
