"X1","X2","X3","X4","X5","X6","X7","X8","X9","X10","X11","X12","X13","X14","X15","X16","X17","X18","X19","X20","X21","X22","X23","X24","X25","X26","X27","X28","X29","X30","X31","X32","X33","X34","X35","X36","X37","X38","X39","X40","X41","X42","X43","X44","X45","X46","X47","X48","X49","X50","X51","X52","X53","X54","X55","X56","X57","X58","X59","X60","X61","X62","X63","X64","X65","X66","X67","X68","X69","X70","X71","X72","X73","X74","X75","X76","X77","X78","X79","X80","X81","X82","X83","X84","X85","X86","X87","X88","X89","X90","X91","X92","X93","X94","X95","X96","X97","X98","X99","X100"
1.22117665859548,0,0,-0.0733753902286515,0,-0.0876509008520199,-0.0635890991462589,0,-0.116884477915805,-0.00995361932728837,0,0,0,0,-0.153537646441931,0.053127143847594,0,0,-0.0389523559363098,0,0,-0.0282989772994386,0,0.0731014153005135,0,-0.055712572097706,0,0,0.0970683161438634,0,0,-0.0343398463715127,0,-0.200886420602988,0.0785816106480296,-0.0853279919541128,0,0,0,0,0,0,0,0.110881654690032,0,-0.0909344275611211,0,0,-0.106208487384956,0,0,0,0,0,0,0,0,0,0,0.0577263268242012,0,0,0,-0.0386676100336657,-0.107562421050913,0,0,0,0,0,0,0,0,0.142168927041742,0,-0.0574973076174969,0,0,0,0,0,-0.0537307123959448,0,0,0,0,0,0.068757201180819,0,0,0,0,0,0,0,0,0,0,0,0
0,1.25519712170836,0,0,-0.0278506841622511,0,0,0,0,0,0,0,0,0,-0.0460410020497697,0,0,-0.0192181645647003,-0.107240521993315,0,0,-0.0108981850979168,0,-0.133567235150125,0,0,0,0,-0.0713097567963711,0,0,0,0,0,0,-0.013740670239546,0,0,-0.135955648798027,-0.192090318427869,0,0,0,-0.0195649099958436,0.0519188085932112,0,0,0,0.0109583602775132,-0.00103921138029411,-0.00451125749355697,0,0,0,0,0,0.0396667439179648,0,0,-0.112382232866934,-0.156173721510919,-0.0447429488455431,0,0,0,-0.0986312062060461,0,-0.0497582560985804,0,0,0,0,0,-0.214510774792049,0,0,-0.0731446091960382,0,0,0.187904666945185,0,0,0.0306306648957899,0,0,0,0,0,-0.0375384887771,-0.0432614738180416,0,-0.0732600602544337,0,0,0,0,0,0,0,0
0,0,1.4343696598343,0,0,0,0,0,0,0,0,0.0231721557916655,0,0.0728885549462755,0.0723223181839892,0,-0.0428916186795203,0,-0.0015034626027243,0,0,0,-0.0297223171530244,0,-0.000797527422032754,-0.129780974999093,0,0,-0.031406828586382,-0.0921342479142916,0,-0.0910587250080202,0,-0.0121934216827177,0,0,0,0,0,0,0,0,0,0,-0.00519723884885327,0,-0.031131660041157,0,0,0,0,0,0,0.0400770835744236,-0.00903828147727753,0,0,-0.0298673745803564,0,0,0,0,0,-0.00869216200547564,0,0.00838387651694397,0,0,-0.0450921933172011,0,0,0,0,-0.331315515031053,0,0,0,-0.153105619608943,-0.0779448050476896,0,0,-0.109739010862741,0.0129778119160214,-0.171601609364472,-0.129311550213347,0,-0.0507531297035377,-0.290912300230846,0,0,0,-0.0190346355108535,0,0,-0.0471624636278226,0,0,0,0,0
-0.0733753902286515,0,0,1.14180529077636,-0.112816518318894,0,0,0,0,0,0,0,0,0,0,0,0,0,0,0,0,0,0,0,0,-0.0496178521438123,0.031855896283209,0.0563828769722426,-0.0197351899602963,0,0.0457794405573414,0,0,0,0,0,0,0.144498203178075,0,0,0,0,0,0.0359709353278455,-0.00294150681940054,0,0,0,0,0,0,-0.084899669294726,-0.134534919181608,0,0,-0.028283371109953,0,0,-0.0590468405209519,0,0,0,-0.0268751844319461,0,0,0,0,0,0.0105124648828986,0,0,0,0,0,0,0,0,0,-0.0774371096461273,-0.125271120836849,0,-0.106184278790294,-0.0202632253295518,0,0,-0.0383222295351141,0,0,0.0846895567083279,-0.090984852206988,-0.0551978082724411,0,0,-0.0159470717602784,0,0,0,0,-0.124799955041673,0
0,-0.0278506841622511,0,-0.112816518318894,1.22440880396331,-0.0512988144786567,-0.0280263127414477,0.143561709474444,0,0,0,-0.00683098531487897,0,0,0,0.0163526122118183,-0.0501038992585816,0,0,0.000760092407199744,0,0,0,0,0,0,0,-0.22220080530851,0,0,-0.0809372088417794,0.129023234119928,0,0.0675450485425189,0,0.019379865407586,0,0.026571811953522,0,0,0,0,0,-0.0830922112198331,0,0.177574212191365,-0.0507795472571335,0,0.105958079210629,0,0,0,0,-0.0100638229056315,0,0,0,-0.0855961319168185,0,0,-0.0109430127051438,0,0,0,-0.0603567644288203,-0.10882599103351,0,0,0,0,-0.0161723985654113,-0.0712340586050381,0,0,0.0212264919629675,0,0,0,0,0,0,0,0,0.0956682791190015,0,0,0,0,0,0,0,0,-0.107275086695909,0,0,0,0.125624646620317,0,0,0
-0.0876509008520199,0,0,0,-0.0512988144786567,1.30206939811485,0,-0.0399201611812734,0,0,0,0,0,0,0,0,0,-0.0459069693990947,0,0,-0.0686746027480536,0,0,0,0.0251581603284735,0,0,0,0,0,0,0.0440890440053879,-0.215012035446663,-0.263132447668685,0.0522217267279917,0,0,0.0141015911136081,0,0,-0.100462428626796,-0.0786332813559262,0,0,-0.153913235080662,0,0,0,-0.0733682615126115,-0.0605005739907729,0,0,-0.195698218935691,0,0,0.0321145874347281,-0.00953229887174024,0,0.000175545053777856,0,0.0593304153343292,0,0,0,0,0,0,0,0,0,0,-0.12875775263553,0,0.0477624771069882,0,-0.0539910940109989,0,0,0,0,-0.0103973952678165,-0.00270559218703044,0,0,0,0,0,0.0278672655184643,0.0246202341364316,-0.037318190464828,0,0,0,0,0,0,0,0,0,0
-0.0635890991462589,0,0,0,-0.0280263127414477,0,1.37556696409853,0.0326067312260261,0,0,0.00172167524604995,0.115391851347608,-0.0500304401683213,0,-0.00417690873979359,0,0,0.00824914611978618,0,0.15141941159741,0.180033433357178,0,0,-0.070344063011457,0,0,0.0310389259625917,0,0,0,0,0,0,0,0.0212928406310163,0,0,0,0,0,0,0.0647414342261223,0,0,-0.117216410439878,0.0570508708296932,-0.00057299525513078,0,0,0,0,0,0,-0.0129391432157994,-0.142955435523954,0,0,0,0.0575335139439534,0,0,0,0.280557860798607,-0.2511220176305,0,0.105021225308294,0,0,0,0.00887885931938625,0,0,-0.105060647820972,-0.219922701898721,-0.00813321517552656,0,0,0,0,0,0.0557123413012771,0.0472004219369981,-0.072737766331252,0,0,0,0,0,-0.0459176986460201,0.06462385500514,0,0,0,-0.00142940306284712,0.212018197501739,-0.0101882324290439,0,0,0,0.0853191343412368
0,0,0,0,0.143561709474444,-0.0399201611812734,0.0326067312260261,1.15297316310247,0,0,0,0,0,0.00186004846153859,0,-0.000548156976972218,0,-0.00676363079490765,0,0.114829024620204,0,0,0.0341671226215949,0,0,0,0,0,0.115316250622688,0,-0.124663580859471,0.115223382284987,0,-0.0185975110687931,0,0,0.073345922881143,-0.0262472029302963,-0.0155592135368133,0,0,-0.0377288505150583,0,0,-0.0501647302654391,0,0,0,0,-0.0279536620890991,0,0,0.0664757911765422,0,0.0420115550052154,0,0,-0.000894025233269668,-0.0457284727784337,0,0,-0.00422201599082673,0,0.0627365282603128,0,0,0,0,0,0,0,0.101748111845794,0,0,0,0,0.0528988783187092,0,0.00247372162737927,-0.0425026100536135,-0.0166704883693509,0.130090739916306,0,0,0,0,-0.0566612686370948,0,0,-0.089706540006975,0.0291481851520059,-0.000764753993177685,0,-0.054938958689814,0.00726467216135287,0,0,0,0,0
-0.116884477915805,0,0,0,0,0,0,0,1.34315655729501,0,0,-0.266702713768887,-0.0316824307385555,0,0,0,0,0,0,0,0,0,-0.0366301856699918,0,-0.0479715311202304,0,0,0,0,0,0,-0.0532403112008383,-0.0563034487699224,0,0,0,0.0280662754284051,0,0.0845877973027418,-0.0972670830042595,0.11630347276133,0.114310095088662,0,0,-0.0267635998619505,0,-0.192881097408428,0,0.00151490875170888,0,0,0.0292803569070669,0.0120205608608133,-0.107887242540112,0.0378274561093229,0,0,0,0,0,0,0,0,-0.108027703023429,0,-0.16738439703809,0,0,0,-0.0914901471793715,0,0,0,0.0106473796890627,0,0,-0.0973277417290381,0,0,-0.0631828962868145,-0.0166727701613092,0.0282352914400723,0,0,0,0,0,0.0809676246945679,0,0,0,0.0030844995758803,0,0.0604863746177742,0,0.0462430671108711,0,-0.203020638110618,0,0
-0.00995361932728837,0,0,0,0,0,0,0,0,1.11050589569089,0,0,0,0.0428611438173682,0,0,0,0,0,0,-0.0226287658427145,0,0,0,0,-0.0641034421918888,0,0.0744061052470779,0,0,0,0,0,0,-0.00435481392265646,-0.172217586706848,0,0,-0.0283672287703051,0,0.0338239124411826,0,0,0,-0.0412812832363148,-0.208366472962253,0,0,0,0,0.0420916477821907,0,0,0,0,0,0,0,0,0,0,0.0418664297265208,-0.0217403876747173,0,0,0,0,0,0,0,0,0.0581932025625163,0,0,0,0,0,0,0,0,-0.00986714979381012,0,0,0.0131080227843403,0,0.133847173126172,0,0,0,0,0,0.0014035200477711,0,0,0,0.0706862146119134,0,0,0,0
0,0,0,0,0,0,0.00172167524604995,0,0,0,1.24682214421416,-0.024731974853145,0,0.168956618785273,0,-0.0084271066001293,-0.119516778670997,0,0,0,0,0,0,0.0468518576570267,0,0,0,0,0,-0.152086081389784,0,0,0.0445896578012596,0,0,0.0525844334993833,-0.247783351583405,0,0,-0.0745063003268706,-0.0945534101594497,0,0,0.0970044634583311,0,-0.0811433725103955,0,0,-0.0135533213845753,0,0.0456742350493472,-0.0789579348336201,0,0,0,0,0,0.0257419363014689,0,0,0,0,0,0,0,-0.0215078029468783,-0.039236536895404,0,0,0,-0.0609706971774461,0,0.0141827504915966,0,0.0433663151960478,0,-0.0940739769887775,0,-0.0512247970611504,0.0544190915508387,0,0,0,0,0,0,0,0.000865155231059348,0,0,0,0.00191631823567566,0,0,0.00666549554697359,0,0,0,0.132244542653033,0
0,0,0.0231721557916655,0,-0.00683098531487897,0,0.115391851347608,0,-0.266702713768887,0,-0.024731974853145,1.27988745226174,0,0,0,0,0,0,-0.0315403768796209,0,0,-0.162662915487132,0,0,0,0,0,0,-0.0208757976096623,-0.0402816508348104,-0.11110553795818,0,0,0.0222707109458037,0,0,0,0,0,0,0,-0.0632956190210088,0,0,0,0,-0.0103285863649754,0,0,0,0,-0.119114073091107,0,0,0,0,0,0,0,0,-0.0449347533109247,0,0,0,0,-0.0715584618270077,0,0,0.0653341760880608,0,0,-0.0127525521408298,0,0,-0.168825177229232,-0.0271081314611457,0,0.0379120721273019,0,0,0,0.0931675796309587,0,0,-0.0288108512141412,0,0,0.160426719537781,0.14392565536369,0,0,0,-0.00203127905549893,0.0376761172583638,0,0.0141899764147732,0,0,0,0
0,0,0,0,0,0,-0.0500304401683213,0,-0.0316824307385555,0,0,0,1.23207651912455,-0.0363803662316871,0,0,0,0,0,0,0,0,0,0,0,0,0,0,0,0,0,0,0,0,-0.172251970183846,0,0,0,0,-0.135825924048795,0,-0.0903293930407272,-0.0210742265603586,0,-0.0115882718946122,0,-0.0154996909523688,-0.0364622576552114,-0.149499200723078,0,0,0,0,0,0,0,0.0441524717069786,0,0,0,0,0,0,-0.0902811024145771,-0.0783749357736369,0,0,0,0.0209464017181005,0,0,-0.0165505515850304,-0.0383158245169255,0,-0.234462537268041,0,0,0,0,0,0,0.0133707314350699,0,0,0,-0.0825658918376425,0,0,0,0,0,0,0,0.0749103219770252,-0.0490937171666635,0,0,-0.118414846924368,0,0
0,0,0.0728885549462755,0,0,0,0,0.00186004846153859,0,0.0428611438173682,0.168956618785273,0,-0.0363803662316871,1.28624959212658,0,0.00165536997447219,0,-0.203367340592498,0.00934828320972765,0,0.0183636864423709,0,0,0,0.00438234299404881,0,0.0102572148074192,-0.0177623186829906,0,0,0,0,0,-0.00898501659423134,0,-0.194626035737064,0.0525426741692802,0.0879638144639961,0,0,0,0,-0.0988287027142438,-0.0668401756286108,0,0,-0.00723592730696765,-0.0284717167415208,-0.0432578556738159,0,0,0,-0.110825723764112,-0.0871910627453163,-0.000799891089492908,0,0,0,0,0,0,-0.0278499297397635,-0.208432038905952,0,0.151082493143767,0,0.0202709397088479,0,0,0,0,0,-0.0473374804601431,0,0,0,0,0,-0.00546912147001168,0,0,0,0,0,0,0.0114016066475661,0,0,-0.0287596812215251,0,0,0,0,0,0.0567719671087829,0,0.0368587583559056,0,0,0
-0.153537646441931,-0.0460410020497697,0.0723223181839892,0,0,0,-0.00417690873979359,0,0,0,0,0,0,0,1.30338892125829,0,0,-0.0622381120700142,0,0,0,0,0,0,0.047513621118862,0,0,-0.0333856019046314,0,0,0,0,-0.0332821885605399,0,-0.152977690950162,0,0,0,0.241977571762275,0,0,0,0,0.00656350548631133,-0.0128880775001528,0,-0.0288624259258332,0,0,0,0,-0.00803806491187616,0.0271647114738872,0,0,0,0,0,0,0,0,0,0.0694963273635027,0,0,0,0,0,-0.0193141780802088,0.0481374316494764,0.0576221938681251,0,0,0.0486439479154655,0,0,0,0.144818026961192,-0.0592921319218856,0,0.0319968959332616,0.00852138339705724,-0.238999572295413,0,0,-5.32301944355717e-05,0.0745200659919,0.0578248169933162,-0.118238472816069,0,0,0,-0.181427383851248,0,0,-0.0531805360167848,0.0277742502746846,0,0.0934860983077168,0.0464655958597583
0.053127143847594,0,0,0,0.0163526122118183,0,0,-0.000548156976972218,0,0,-0.0084271066001293,0,0,0.00165536997447219,0,1.17235684527712,0,0,-0.0593910568216348,0,0,0,0,0,0,0,0.0052313291001765,0,0,0,0,0,0,0,0,0.222688444486131,0,0,-0.0386153084637309,0.0180982269182169,0.149109625717877,0,0,0,-0.0835144094032594,-0.0293289891103916,0,0,0,0,-0.0601943895559682,0,0,0,-0.0389182705958854,-0.0748827159477477,0,-0.028526352434327,-0.0880041022138034,0,0,0,0,0,0.0329863592941251,0,0,-0.00955733484275996,0,0.12332008191149,0,0,0,-0.149086896881093,0,-0.0420636569328075,0,0.0595077586043487,-0.0495595920417936,0,0,0,0,0.0339905923306353,0,0,0,0,0.00318942147285537,0,0,0,-0.11209576979942,0,0,0,0,0,0,0.00864576187560212
0,0,-0.0428916186795203,0,-0.0501038992585816,0,0,0,0,0,-0.119516778670997,0,0,0,0,0,1.34990693050072,0,0,0,0,0.049273074713416,0,0.0657531812920151,0,0,0,0,0,0,0,0,0,0,0,0,0,-0.095055634383121,-0.0295940077270078,0,-0.0312551568276361,0,0,-0.0273754637960702,0,0,0,0,-0.277613398606494,-0.0378571197118201,0,-0.0145412276228853,0,0,0.0587928265274354,-0.120324523275261,0,0,0.101996386250216,0,0,0,0,0,0.0681375407149011,-0.0707828302580243,-0.071253411373807,0,0,-0.0184471366931316,-0.0417119642278403,0,0.03849118941173,-0.0978797684335316,0,0.0290322584440875,0,-0.242216440883633,0,-0.23566978636747,0,0,0,0,0,0.0837997623110046,0,0.0468823115535305,0,0,0,0,0,-0.029359796872806,0.0397091189105767,0.146858699734713,-0.190226329528533,0,0,0
0,-0.0192181645647003,0,0,0,-0.0459069693990947,0.00824914611978618,-0.00676363079490765,0,0,0,0,0,-0.203367340592498,-0.0622381120700142,0,0,1.26125821561803,0,0,0.100741748988422,0,0,0,0,0,0,-0.00206006519539648,0,0.0183710715313066,-0.0872006036614585,0.00838056600730949,0,0.0230556333971511,0,0,0,0,0,-0.0233533392788859,0.0432456237808055,0,0,-0.0352933616953731,0,-0.0430215959225047,-0.193480866389998,-0.104741133084317,0.0776936594979905,-0.0227378182807243,0,0,-0.0160727806588081,0,0,0.0222476658598688,0,-0.00105638139140116,0,0,0.022264202669835,0,0,-0.0345804791327376,0,-0.0486253133648187,0,-0.026748734137629,0,0,0.0293803329837946,-0.0562667840324716,-0.000105766814334679,0,0,0,0,0.0163807510562776,-0.00182767346225245,0.0478950156046652,0,-0.17632632607286,0,-0.0706896529602382,-0.10465974541552,0.0221437122209433,0.0759988203847805,0,0,-0.151292541832918,-0.0854925153614548,0,0,0,0,0,0,0,-0.069065898511085,0
-0.0389523559363098,-0.107240521993315,-0.0015034626027243,0,0,0,0,0,0,0,0,-0.0315403768796209,0,0.00934828320972765,0,-0.0593910568216348,0,0,1.26130625450855,0,0,0,0,0,-0.0704023878181781,0,0.132336881312352,-0.101692828359564,0.0293239495387028,0,0,-0.0193138932012701,0,0,0.0428140155434527,0,0,-0.0463492295727858,0,0,0.0168739851705285,-0.350753552232032,-0.0709410149271492,0.0709335883272798,0,0,-0.02864654579256,0,0,0,0,0,0.0405219244472464,0,0,-0.00246768899534931,0,-0.00758288873655814,0,0,-0.0341949727110427,0,0,0,0,0,0,0,-0.136821387736494,0,0,0,0,0,0,0,-0.0890353408124696,-0.114269550386025,0,0,0,0,0,0,-0.152208388007658,0,0,0,0,0,0,-0.0295048515655617,0,0,0,0,0,0,0,0
0,0,0,0,0.000760092407199744,0,0.15141941159741,0.114829024620204,0,0,0,0,0,0,0,0,0,0,0,1.19424420249393,0,0.0407164003693473,-0.058443880293045,0,0,-0.0593206037536733,0.0123250263262369,0,0,0,0,-0.000692925821740562,-0.0458539959475047,0,0,0,-0.0111942019808931,0,0,0,0,0,0,0,0.0504586284686692,0,0,0,-0.0967357532225377,0,0,-0.113842678263319,0,0,0,0,0,0,-0.0860813157028312,0,0,-0.0710194056341103,0,0.108834053990994,0,0,0,0,0,0,0,0,0,0,0,-0.00190762058683065,-0.136324467652097,0,0,0,0,-0.0257125493441491,0,0,0.0108674483016179,0,0,0,0,0.159166046032144,-0.00977476016010629,0,0,0.186281354015342,0,0,-0.0991859723262771,0.0733750880090568,0,-0.00235852681918169
0,0,0,0,0,-0.0686746027480536,0.180033433357178,0,0,-0.0226287658427145,0,0,0,0.0183636864423709,0,0,0,0.100741748988422,0,0,1.18904707636409,0,0,-0.142743353389268,0,-0.061682370410072,0,0,-0.0143201328321373,0,0,0,0,-0.0375025818414479,0.0647151313711285,0,0,0,-0.0621294498355035,-0.0935086617390279,0,0,0,-0.0499160140842853,0,0,0,0,-0.0595311757413955,0,-0.0814235589560797,0,0.0678571854199297,0,0,0.201472304208846,0,0,0,0,0,0,-0.000852613750430635,-0.0690676396247898,0,0,0,0.0349245829645056,-0.0546343052652492,0.136303937105662,0,0,0,0,0,-0.0879786447200875,0,0,0,0,-0.0295554944753879,0,0,0,0,0,0,0,0,0,0,0,0,0.0351086515967202,0,0.0428773997057702,0,0,0,0
-0.0282989772994386,-0.0108981850979168,0,0,0,0,0,0,0,0,0,-0.162662915487132,0,0,0,0,0.049273074713416,0,0,0.0407164003693473,0,1.29480659998352,0.179806436707651,0,-0.00906158150516296,0,0,0,0,-0.0163102774673659,-0.00101230311820734,0,0.101478747089816,0,0,0,0,0,0,0,0,0,0.0291878653952699,0,-0.0749713369467358,0,0,0,0,0,0,0,0,-0.255480923130092,0,0,0,0,0,0,0,0,0,0,0,0,0,0,0,0,0,-0.0333510585398407,0,0.0377368193982478,0,-0.189792335527023,0,0,-0.0447622219803429,0,0,0.0536515686104415,-0.0392055812938133,-0.0262524443176802,-0.196995522912759,0,0,0.0419134661831932,0,0.0342956735860967,0.106570189879537,-0.169010137281784,0,0,0,0,0.0367205268383821,0,0,0
0,0,-0.0297223171530244,0,0,0,0,0.0341671226215949,-0.0366301856699918,0,0,0,0,0,0,0,0,0,0,-0.058443880293045,0,0.179806436707651,1.09540810535632,-0.0135884468672683,0.00460721075991267,0,0,-0.0677238675686655,0,0.00226562677999669,-0.00915970881719591,0,-0.00504988019237916,0.0767330639688005,0,0,0,0,0.0906461602918573,0,0,0,0,-0.0158007060433885,0,0,0,0,0,0,-0.00460462654650129,0,0,0,0,0.0123417303412157,0,0.0675800788432795,-0.0930444589194603,0,0,0,0,0,-0.020275790574698,0.0814330381203435,0,-0.0496582449507168,-0.0614472560056358,0,0,0,0,0,-0.0244490830692841,0,0,0,0,0,0,0,0,0,-0.124433943516209,-0.0418431543461423,0,0,0,-0.0404978347924563,0,0,0,0,0,0.0494038412900021,0,0,0,0
0.0731014153005135,-0.133567235150125,0,0,0,0,-0.070344063011457,0,0,0,0.0468518576570267,0,0,0,0,0,0.0657531812920151,0,0,0,-0.142743353389268,0,-0.0135884468672683,1.16881075022724,0,0,0,-0.0192524576704468,-0.118125682742986,0,0.0343627944414682,0,-0.0932055292019011,0,0,0,0,0,-0.000680840743517315,0,-0.0276280323398786,0,0.013460942527514,-0.0526433890891815,0,0,0,0,0.0113479490402291,0,0,0.0468160811504188,0,0,-0.0602203179549767,0,0,0,0,-0.0217956848351867,0.10557659645491,0,0,-0.0622226346691574,0,0,0,0,0,0,0,0,-0.0567307784016264,0,0,0,0,0,0,0,0,0,0,0,0,-0.110421499668127,-0.0492164677367699,0,0,-0.208231829473963,0,-0.040921908919373,0,0,0,0,0,-0.0431482657638494,0,0
0,0,-0.000797527422032754,0,0,0.0251581603284735,0,0,-0.0479715311202304,0,0,0,0,0.00438234299404881,0.047513621118862,0,0,0,-0.0704023878181781,0,0,-0.00906158150516296,0.00460721075991267,0,1.16978044748716,0,-0.0751846076499434,0.0500118419367913,0,0,0,-0.0695422914458303,0,0,0.0419114487510938,0,-0.014693755177731,0,0.0780070325825868,-0.11090223810643,0.167328258416971,0,-0.0114879188206289,0,0,0,0,0.0870985731245197,0.0695130275494813,0.00424330119773426,0.029906896810426,0.0461012473049672,0,0,0,0,0,-0.0132062347323614,0,0,0,0.0500888458283818,-0.0544999872038705,0,0,0,0,0,0,0,0,0,0,-0.0539827022027322,0,0,0,-0.0488295179937796,0,0,0,-0.0702766470624954,0.0285448419227957,0,0,0.0352171631689941,0,0,0,-0.00230386528423683,0.133784151640427,0,0,0,-0.177182883261176,-0.0430826630763256,-0.0131361175990823,-0.0098200772875164,0,-0.0210230840897249
-0.055712572097706,0,-0.129780974999093,-0.0496178521438123,0,0,0,0,0,-0.0641034421918888,0,0,0,0,0,0,0,0,0,-0.0593206037536733,-0.061682370410072,0,0,0,0,1.33927662302345,0,0,0,0,0,-0.0812310499082221,0,0,-0.0597509504222821,0,0,0,0.0787616000849777,-0.0300570570139633,0,0,0,4.42918227867772e-05,-0.0519244455760073,0,0,0.0117393477194121,-0.0971337706312546,0,0,0,0,0.0283763755499028,0,0,-0.0468262497746558,0,-0.212241759394749,0.00588331231417641,0,0,0,-0.110693858266188,0,0.011311457464094,0,0,-0.223215430843228,0,0,0,0,0,0.0771888638620147,0.174702185990565,0,0.0100430547482744,-0.0709874258018041,0,-0.204335846411367,0,0,0.00641056715835479,0,-0.0471364858883987,0,-0.23137639647035,0.0158619849233682,0,0,0,0,0,0,0,0.0948184902705517,0.0495424617219821,0,0
0,0,0,0.031855896283209,0,0,0.0310389259625917,0,0,0,0,0,0,0.0102572148074192,0,0.0052313291001765,0,0,0.132336881312352,0.0123250263262369,0,0,0,0,-0.0751846076499434,0,1.10915235025942,0,0,0,0,-0.0341360792317274,0,0,0,0,0,0,0,0,0,0,0,-0.0161113967082327,0,-0.00838166667632675,0,0,-0.133079461835641,-0.0317806697911444,0.0271198402659656,0,0,0,0,0,-0.041260660903733,0.0308721338740295,0,-0.0088669911113674,0,0,0,0,0,-0.0865919501528188,0,0,-0.00388660479384027,0,0.115333102682708,-0.0395006548539475,0,-0.115788586899098,0,0.146735973450115,-0.0135710052100427,0,0,0,0,0,0,0,0,-0.0250376986130609,0,-0.011385710496812,0.0704126366040216,-0.0216880179922053,0,0,0,-0.0145453581528768,0,0,0,0.0607822938370507,0,0
0,0,0,0.0563828769722426,-0.22220080530851,0,0,0,0,0.0744061052470779,0,0,0,-0.0177623186829906,-0.0333856019046314,0,0,-0.00206006519539648,-0.101692828359564,0,0,0,-0.0677238675686655,-0.0192524576704468,0.0500118419367913,0,0,1.27537981556396,0,0.0396586499173069,0,0,0,0.0513028637113488,0,-0.113261447581521,0,0,0,0,0,0,-0.16163073105711,0,0,0,-0.124172308306093,0,-0.193196942299271,-0.187927522912242,-0.0802368422787783,0,-0.00971878195479138,0,0,0,0.0146136202784431,0,-0.0177896898345048,0,0,0,0,0,0,0,0,0.186401283877801,0,0,0,0,-0.0099281084786659,0,0,-0.0762627721338953,-0.0107288174078756,0.000906146945984306,0,0,0,0,0,-0.0883066162262,0,0,0,-0.0416461875825188,0,0,0,0,0,0,0,0,0,0,0,0
0.0970683161438634,-0.0713097567963711,-0.031406828586382,-0.0197351899602963,0,0,0,0.115316250622688,0,0,0,-0.0208757976096623,0,0,0,0,0,0,0.0293239495387028,0,-0.0143201328321373,0,0,-0.118125682742986,0,0,0,0,1.15741303091414,-0.00170869074451982,0,0.0997370020749391,0,0,0,0,0,0,-0.244565384783763,0,0,0,0,-0.0209391187772437,-0.0593378339994359,0,0,0,0,0,-0.00976853243035835,-0.00703149878048027,-0.036639570039473,0.00475670207429515,0,0.0554817940297485,0,0.00930714986018124,0,0.170164743448581,0,0,-0.0181329586014529,0,0,0,0,0,0,0,0.0615159482750337,0,0,0,0,0,0,0,0,0,-0.0475713249289656,0,0,0,0,0.0343137170318871,0,0,0,0,0,0,0.0655284046006711,0,0,0.0453967403784965,0,0,0,-0.0221282098256989
0,0,-0.0921342479142916,0,0,0,0,0,0,0,-0.152086081389784,-0.0402816508348104,0,0,0,0,0,0.0183710715313066,0,0,0,-0.0163102774673659,0.00226562677999669,0,0,0,0,0.0396586499173069,-0.00170869074451982,1.44863700956676,0.0315152663585072,-0.154137634425011,0,0,-0.0998658887525944,0.11025170020541,0,0,0,0,0,0,0,0,-0.127262183422736,-0.0221675828979183,0.0364117585577039,-0.0371885078668287,0,0,0,0,0,0,-0.215516625057728,0,0,0,0.0628566389599666,0,0,0,-0.117549137773504,0,0,0,0,0,0,0,0,0,0,-0.033783324260658,0,0,-0.0706389146181837,0,0,0,0,0.0744067265992699,0,-0.0755543116146829,-0.234493593911398,0,0,-0.110129757367237,-0.176013895052427,0,0.106057768538896,0,0,0,0,0,0,-0.0365879327688157,0.26190387917633,0
0,0,0,0.0457794405573414,-0.0809372088417794,0,0,-0.124663580859471,0,0,0,-0.11110553795818,0,0,0,0,0,-0.0872006036614585,0,0,0,-0.00101230311820734,-0.00915970881719591,0.0343627944414682,0,0,0,0,0,0.0315152663585072,1.17854833739821,-0.0200578179283157,0.0274307978818451,0.0789607420822032,-0.181777494477009,0,0,0,0,0,0,0,0,0,0,0,0,0,0,-0.0929153989620034,0,-0.011879873637607,0,0,0,0,0.0178683442770917,0.0213931851419562,0.0439296101193504,-0.0483725586209614,0,0,0,0,0,0,-0.0445526440341762,0,-0.112053730060059,0,0.0635415857572438,0,-0.0802921874183906,0,0,0,-0.0396160046045697,0,0,0,0,0.0133678524950005,0,0,0,0,0,0.171305493340517,-0.00475918683280412,0,0,-0.0180259197610654,-0.0126273621988644,0,0,0,0,0.0946092412450007,0,-0.0892583083490506
-0.0343398463715127,0,-0.0910587250080202,0,0.129023234119928,0.0440890440053879,0,0.115223382284987,-0.0532403112008383,0,0,0,0,0,0,0,0,0.00838056600730949,-0.0193138932012701,-0.000692925821740562,0,0,0,0,-0.0695422914458303,-0.0812310499082221,-0.0341360792317274,0,0.0997370020749391,-0.154137634425011,-0.0200578179283157,1.25128470788446,0,0.0450711571350758,0,0,-0.128733178100622,0,0,0,0,0.00574427769052267,0,0,0,0,0,0.0201008543904288,0,0,0.0472126140216089,0,0,0,0,0,-0.0314008575518074,0,0.092534110113232,0,0,-0.053378857531637,0.0613083194220155,-0.165425587342879,0,-0.0294246899166665,0,0,0,0,0,0,0,0,0,0,-0.0565453086516389,-0.158882271283046,0,-0.0138305613473606,0.0349035403850022,0,0,0,0.0269247412384303,-0.110716496330756,0.0667700728176918,0,-0.0849006628744129,0,0,0,0,0,0,0,0,0.127399337310102,-0.096363154642972,0
0,0,0,0,0,-0.215012035446663,0,0,-0.0563034487699224,0,0.0445896578012596,0,0,0,-0.0332821885605399,0,0,0,0,-0.0458539959475047,0,0.101478747089816,-0.00504988019237916,-0.0932055292019011,0,0,0,0,0,0,0.0274307978818451,0,1.30242933731621,-0.112246736682401,0,0,0.0358563795948302,0,0,0,0,-0.00590915475287724,-0.0164865390532198,0,0,0,0,-0.13676061926322,0,0,0,0,0,0,-0.0317644531715903,0,0,-0.215736134068171,0,-0.0767577889752234,0,-0.0753255088009897,0,-0.110437339321861,0,0,-0.105003730032217,0,0,-0.0276201804365902,0,0,0,0,0,0,0,0,0,0,0,0,-0.103266400275358,-0.0403011112351505,0,0.20809917327463,0,-0.0348475439829282,0,0,0,0,0,0,0,0,0,-0.0282688879789559,0,-0.00176613546845264
-0.200886420602988,0,-0.0121934216827177,0,0.0675450485425189,-0.263132447668685,0,-0.0185975110687931,0,0,0,0.0222707109458037,0,-0.00898501659423134,0,0,0,0.0230556333971511,0,0,-0.0375025818414479,0,0.0767330639688005,0,0,0,0,0.0513028637113488,0,0,0.0789607420822032,0.0450711571350758,-0.112246736682401,1.3443226001074,0,0,0.16510878006607,0,0,0,0,0,0,0,0,0,0,0,-0.0597318583996178,0,0,0,0,0,0,0,0,-0.0975019355761279,0,0,0,0,0,0.0264576785518391,-0.104112216404356,0.16615069195226,0.0700391830305364,-0.0278869686865305,0,0,-0.0424456214488264,0,0,-0.0122841623032802,0,0,0,-0.164772514679397,0,-0.110643656882316,0,0,0,0,-0.0135850091501637,0.0370587230140101,-0.102649613925515,0,0,0,0,0,0,0,0,0,0,-0.131206420842825,0.00839576299059162,0.0490319375456771
0.0785816106480296,0,0,0,0,0.0522217267279917,0.0212928406310163,0,0,-0.00435481392265646,0,0,-0.172251970183846,0,-0.152977690950162,0,0,0,0.0428140155434527,0,0.0647151313711285,0,0,0,0.0419114487510938,-0.0597509504222821,0,0,0,-0.0998658887525944,-0.181777494477009,0,0,0,1.51790039306021,0,0,-0.00166587272628685,-0.0742781723343113,0.00401972150262567,0,0,0.044623478084276,0,0,-0.395772969972971,0,0,0,0,0,-0.00391957946026229,-0.12065237622062,0,0,-0.163900398234147,0,0.0456702564509129,-0.0330008770344636,0,-0.109376213047205,0,0,0.159208247968617,0,0.0271546633496977,0,0,-0.00058030383624597,0,0,0.0572458168938217,-0.247083907689872,0,-0.135416254508214,0,0,0,-0.0517973547317795,0,0,0.161585999318295,0,-0.0288050664654011,0,0,0,0,0,0,0,0,0,0,0,0,0,0,0,0
-0.0853279919541128,-0.013740670239546,0,0,0.019379865407586,0,0,0,0,-0.172217586706848,0.0525844334993833,0,0,-0.194626035737064,0,0.222688444486131,0,0,0,0,0,0,0,0,0,0,0,-0.113261447581521,0,0.11025170020541,0,0,0,0,0,1.45541429813193,0,0,0,-0.0884795387336104,0,0,0,-0.0362840520103616,0,0,-0.0372895543836281,0,-0.0879084388737234,0.0440016745429585,0,0,0,0,-0.0871066929312016,0,0,0,-0.0572815317229965,-0.0813786274375712,0.217177142706467,0,-0.292531419994962,0,0,0,-0.0498797283670523,0,0.183565610491953,0,-0.0821567082713895,0,0,0,-0.0508681970145044,0,0.0246645345510093,0,-0.0425437030806273,0,0.0961384934390205,0,0,0,0.0058185081640565,0,0,0,-0.184667236862621,0,-0.0337546626435628,-0.0838290660671461,0.00380533885734033,0,-0.0187663702477254,0,0,0,-0.138704688175814,0
0,0,0,0,0,0,0,0.073345922881143,0.0280662754284051,0,-0.247783351583405,0,0,0.0525426741692802,0,0,0,0,0,-0.0111942019808931,0,0,0,0,-0.014693755177731,0,0,0,0,0,0,-0.128733178100622,0.0358563795948302,0.16510878006607,0,0,1.27186049849944,0,0,0,0,0.0550084562733548,0,0.0661098127493633,0,0,0,0.101600600159945,-0.089891404280991,0,0.0324238762172302,0,0,0,0,0,0,0.0584952358937587,0,-0.012537763876388,0.107585342165632,0,0,0.0380709522824934,0,0,0,0,0,0,0.0182511801973925,0,-0.0248790424764295,0,0,0,0,-0.0189633331609546,0,0,0.0828804768792666,0,0.012907622283366,0,0,0,0.051493448122227,0.125025061278611,0,0,0.108417842772568,-0.0482549265941294,-0.203172315692375,0,-0.0543573144046818,-0.0130507528605054,-0.0499719360634804,0,0,-0.0136386006493267
0,0,0,0.144498203178075,0.026571811953522,0.0141015911136081,0,-0.0262472029302963,0,0,0,0,0,0.0879638144639961,0,0,-0.095055634383121,0,-0.0463492295727858,0,0,0,0,0,0,0,0,0,0,0,0,0,0,0,-0.00166587272628685,0,0,1.17642532894563,0,0,-0.098752273455502,0,0.0430339831647782,0,0,-0.00185086421343721,0,0,0,0,0,0,0,0,0,-0.111570638242867,0.0108767771619205,0,0,0,0,-0.0646203998889451,0,0,0,0.00326602244256063,0,0,-0.0210712793760792,-0.188514682466906,0,-0.0622448885374141,-0.0197599111307748,-0.0114488743589998,0,0,0,-0.11122301704779,0,0,-0.0749164366870229,0.00934235298634221,0,0,-0.0793304237288184,0,0,-0.0311800533376718,-0.00338128357147959,-0.00488506427225872,-0.186197779983647,0,0,0,0,0,0,0,0,0
0,-0.135955648798027,0,0,0,0,0,-0.0155592135368133,0.0845877973027418,-0.0283672287703051,0,0,0,0,0.241977571762275,-0.0386153084637309,-0.0295940077270078,0,0,0,-0.0621294498355035,0,0.0906461602918573,-0.000680840743517315,0.0780070325825868,0.0787616000849777,0,0,-0.244565384783763,0,0,0,0,0,-0.0742781723343113,0,0,0,1.59076046542484,0,0,-0.234024314222272,0,-0.0609063265843064,-0.0875500262607659,0,0.129459825325707,-0.0088658203463794,-0.273845773421483,0,0,0,0.0903621270765119,0,0,0,0.010005846779291,0,0,0,0,0,0,0,0,0,0,0,0,0,-0.169429344606109,0.00481561523426919,0,-0.0716383061809269,0,-0.161255740896188,0,-0.0416981723979849,0,-0.267278650566423,0,0,0,-0.00233449593401381,-0.0298473794912389,0.0803539128787228,-0.167567388547674,-0.0500844123489694,0,0,0.167348083037216,0.0743505503649983,0,0,0,0,0.114031055701587,-0.150452617983299,-0.0483141875093813,0
0,-0.192090318427869,0,0,0,0,0,0,-0.0972670830042595,0,-0.0745063003268706,0,-0.135825924048795,0,0,0.0180982269182169,0,-0.0233533392788859,0,0,-0.0935086617390279,0,0,0,-0.11090223810643,-0.0300570570139633,0,0,0,0,0,0,0,0,0.00401972150262567,-0.0884795387336104,0,0,0,1.36698498205522,0.18359945629553,0,0,0,0,0,0,0,0,0.0628522367521713,0,0,0,-0.146876693210969,0.00260406880827699,0,0,0,0.0138908723390961,-0.102303278138135,0,-0.0533658275364005,0.00214854146386018,-0.136259688538554,0,-0.0551386772379101,0,0.00444189129933748,0,0,-0.000360424604864513,-0.109869381082204,0,-0.0482590225248254,0,0,0.0479081642928243,0,0,0,0,0,0,0,0.0892205164417223,-0.0250846642340897,0.03759404017929,0,0,0,0,0,0.0199076384690998,0,0,0,0,0,0,-0.343909083593145
0,0,0,0,0,-0.100462428626796,0,0,0.11630347276133,0.0338239124411826,-0.0945534101594497,0,0,0,0,0.149109625717877,-0.0312551568276361,0.0432456237808055,0.0168739851705285,0,0,0,0,-0.0276280323398786,0.167328258416971,0,0,0,0,0,0,0,0,0,0,0,0,-0.098752273455502,0,0.18359945629553,1.22508535173172,0,0.0032365444875673,0,0,-0.0592686650010447,0,0,0,0,0,0,0,0,0,0,0,0,0,-0.165268363175846,0,0,0,0,0,0,0,0.012647049282149,0.0384360435256732,0,0,0,0,0,0.0343898041587526,0.225004642109915,0.000861939247395895,0,0,0,0,0.000555086833358915,0,0,-0.0119825966626053,0,0,0,0,0,-0.00256312820658786,0,0.0102687891511303,0,0,0,0.020669609463887,0.0635279938252041,0,0.0232981959258948
0,0,0,0,0,-0.0786332813559262,0.0647414342261223,-0.0377288505150583,0.114310095088662,0,0,-0.0632956190210088,-0.0903293930407272,0,0,0,0,0,-0.350753552232032,0,0,0,0,0,0,0,0,0,0,0,0,0.00574427769052267,-0.00590915475287724,0,0,0,0.0550084562733548,0,-0.234024314222272,0,0,1.3479561329857,-0.141621856444448,0.111869142418073,-0.0433395686626781,0,0,0,0,0,0,0,0,0,0,-0.0271791632834962,0,0,-0.0306911719612755,0,0,0,0,0,-0.0406784848621345,0.0127355630905571,-0.114400119938794,0,0,0.0385731597962121,-0.0139010961112755,0,-0.0883835243317318,0.175985645714536,0,-0.0203058991818574,-0.0508788886562763,0.112517274181548,0,0,0,0,0,0,0,0.0461073018556927,0.0297635775553145,-0.0415480203615781,0,0,0,-0.0840687110577034,0,0,-0.0505886701529574,0,0.0972540998868095,0,0,0
0,0,0,0,0,0,0,0,0,0,0,0,-0.0210742265603586,-0.0988287027142438,0,0,0,0,-0.0709410149271492,0,0,0.0291878653952699,0,0.013460942527514,-0.0114879188206289,0,0,-0.16163073105711,0,0,0,0,-0.0164865390532198,0,0.044623478084276,0,0,0.0430339831647782,0,0,0.0032365444875673,-0.141621856444448,1.18670874758384,-0.0502191924872186,0,0,0,0,0,-0.0292107071082137,0,0,0,-0.0185656986856264,0,0,0,-0.0166729055438174,-0.0786448863740446,0,0,-0.0730440506769838,0,0,0,0,0,0,0,0,-0.118415589772474,-0.104591050586899,0,-0.0209580214443641,0,0.0648243319227891,0,0,0,0.0262429179035837,0,0,0,0,0,0.034098291207355,0,-0.081439173867922,0.016354694664807,0,0.0283960215505131,0.0360035376836659,0,-0.0919748656535458,0,0,0,-0.154551467617538,0,0.00352945653897127
0.110881654690032,-0.0195649099958436,0,0.0359709353278455,-0.0830922112198331,0,0,0,0,0,0.0970044634583311,0,0,-0.0668401756286108,0.00656350548631133,0,-0.0273754637960702,-0.0352933616953731,0.0709335883272798,0,-0.0499160140842853,0,-0.0158007060433885,-0.0526433890891815,0,4.42918227867772e-05,-0.0161113967082327,0,-0.0209391187772437,0,0,0,0,0,0,-0.0362840520103616,0.0661098127493633,0,-0.0609063265843064,0,0,0.111869142418073,-0.0502191924872186,1.22144972321872,0,0,-0.00351270671696204,0,0,0,-0.107940016020542,-0.116196099980758,0,-0.0408070482344298,0,0.0722975649456169,0,0,0,0,-0.0565133724153377,0,-0.0384847189398817,0,0,-0.0365134187883359,0,0.0422901960631749,0.023534068816661,0,0,-0.0356886243306271,0,-0.0694751969229324,-0.110694153948787,0.103124055136426,0.138330249946369,0,-0.129965233924828,0.0112307105770327,0,-0.0102747835545293,0,0,0,0,-0.0272616625864065,0,0,0,0,0,0,0,0,0.0972539085472058,0,0,0,-0.078312555798683
0,0.0519188085932112,-0.00519723884885327,-0.00294150681940054,0,-0.153913235080662,-0.117216410439878,-0.0501647302654391,-0.0267635998619505,-0.0412812832363148,0,0,-0.0115882718946122,0,-0.0128880775001528,-0.0835144094032594,0,0,0,0.0504586284686692,0,-0.0749713369467358,0,0,0,-0.0519244455760073,0,0,-0.0593378339994359,-0.127262183422736,0,0,0,0,0,0,0,0,-0.0875500262607659,0,0,-0.0433395686626781,0,0,1.2720657641936,0,0,-0.0684979431238691,0,-0.174685237011737,0,0,-0.0180162724321001,-0.0394834295037085,0,0,0,-0.0186684306121109,0,0.0283390852038902,0,0,-0.00968122961158405,0,0,0,0,0,-0.111372666603933,0,0,0,-0.0302190703359592,0,-0.057282725757246,0,0.0590347013114885,0.0154341131457242,0,0,0,0,-0.0421606284260268,-0.0508456222623378,-0.160540214439933,0,0,0,-0.0214206891713679,0,0.00555671076078075,0,0,0,0,0,0,0,0,0.0178035232021968
-0.0909344275611211,0,0,0,0.177574212191365,0,0.0570508708296932,0,0,-0.208366472962253,-0.0811433725103955,0,0,0,0,-0.0293289891103916,0,-0.0430215959225047,0,0,0,0,0,0,0,0,-0.00838166667632675,0,0,-0.0221675828979183,0,0,0,0,-0.395772969972971,0,0,-0.00185086421343721,0,0,-0.0592686650010447,0,0,0,0,1.52358761482918,0,0,0,0,0,0,-0.0862112146071173,0,-0.117361737776524,-0.245439296202872,0.0514725766259183,0,0,-0.107624888958792,0,0,0,-0.0181697551862045,0.0524282163785023,-0.0319477855861399,0,0,0,-0.0116062815941312,-0.059175781672568,0.0286620449483216,0,0,0,0,0,0,0,0.00619641527919415,0,0,0,0,-0.0567055512856039,0,0,-0.257572539195423,0.153740253671153,-0.0503619193762746,-0.0708185898199718,0,0,0,-0.254914984882216,0,0,0.0444364564326562,0,0
0,0,-0.031131660041157,0,-0.0507795472571335,0,-0.00057299525513078,0,-0.192881097408428,0,0,-0.0103285863649754,-0.0154996909523688,-0.00723592730696765,-0.0288624259258332,0,0,-0.193480866389998,-0.02864654579256,0,0,0,0,0,0,0,0,-0.124172308306093,0,0.0364117585577039,0,0,0,0,0,-0.0372895543836281,0,0,0.129459825325707,0,0,0,0,-0.00351270671696204,0,0,1.23811083990592,0,0,0,0,0.0199162937308839,0.00483561390691668,0,0,-0.109728219670047,0,0,0,0,0.017893689549413,0,-0.0070949207151748,-0.042532443234936,0,-0.0663689251793041,0.0659775668125035,0,0.0509390965617182,0,0,-0.0438434863620122,0,0,-0.137211624144122,0,0,0.103522854012193,0,0.0233442733763555,0,0,0.0273133011655396,0.0794449117516429,0,0.0350162315370834,0,0.0101141944671551,0,0,0,0,0,0,0,0.0352609040755745,0,0,-0.036769369733484,0
0,0,0,0,0,0,0,0,0,0,0,0,-0.0364622576552114,-0.0284717167415208,0,0,0,-0.104741133084317,0,0,0,0,0,0,0.0870985731245197,0.0117393477194121,0,0,0,-0.0371885078668287,0,0.0201008543904288,-0.13676061926322,0,0,0,0.101600600159945,0,-0.0088658203463794,0,0,0,0,0,-0.0684979431238691,0,0,1.25601648263328,0,-0.0451453047586817,0,-0.102201342473061,0,0,-0.00960564171674808,-0.0183834841747931,0.0106969603983927,0,0,0,0,-0.0540961482183204,0,-0.056194051333162,0,-0.236749918865966,0.0284667623958241,0,0,0,0,-0.053340644377084,0,-0.0154955620729117,-0.118860446063055,-0.206059921195954,-0.0153938774374371,0,0,0,0,-0.0131728195146276,0,-0.0433546449059492,0,0.0349834084067306,0,0,-0.0325823983426449,0,-0.0715434645446439,0,0,-0.0111764461299849,0,0,0,0,0,-0.0608836163340002
-0.106208487384956,0.0109583602775132,0,0,0.105958079210629,-0.0733682615126115,0,0,0.00151490875170888,0,-0.0135533213845753,0,-0.149499200723078,-0.0432578556738159,0,0,-0.277613398606494,0.0776936594979905,0,-0.0967357532225377,-0.0595311757413955,0,0,0.0113479490402291,0.0695130275494813,-0.0971337706312546,-0.133079461835641,-0.193196942299271,0,0,0,0,0,-0.0597318583996178,0,-0.0879084388737234,-0.089891404280991,0,-0.273845773421483,0,0,0,0,0,0,0,0,0,1.44345360165642,0,0,0,-0.0728615305664211,0,0,0,0,-0.000423456189073926,-0.0578854969557002,0,0,0,0,0,0.00153649564969018,0,0,0,0,0,0,-0.0409134803988933,0,0,-0.0133208869953818,0,-0.0535552856229686,0,-0.027434633782732,-0.0180725232504944,0,0,0,0,-0.283574853289492,0,0,0,0,0.153748230435455,0,0,0,0,0,0,0,0,0,0
0,-0.00103921138029411,0,0,0,-0.0605005739907729,0,-0.0279536620890991,0,0,0,0,0,0,0,0,-0.0378571197118201,-0.0227378182807243,0,0,0,0,0,0,0.00424330119773426,0,-0.0317806697911444,-0.187927522912242,0,0,-0.0929153989620034,0,0,0,0,0.0440016745429585,0,0,0,0.0628522367521713,0,0,-0.0292107071082137,0,-0.174685237011737,0,0,-0.0451453047586817,0,1.24206103614294,0,0,0,0,0,-0.0356742703054866,0,0,0,0,0.110279990512739,-0.0246813951258616,0,0,0,0,0,0,-0.0731233526535468,0,-0.0729416771612022,-0.00200894770375091,-0.0372988201059254,0,0,-0.0154611438828786,0,0.148989917790506,-0.036386221968869,0.077826443945476,0,0.00626701633156769,-0.0196720443056086,-0.131330828517526,0,0,0,-0.0520914667593599,0,0.19140597441955,0,0,0,-0.080360006704301,0.0234436221257451,0,-0.00289271546271596,0,0,0
0,-0.00451125749355697,0,0,0,0,0,0,0,0.0420916477821907,0.0456742350493472,0,0,0,0,-0.0601943895559682,0,0,0,0,-0.0814235589560797,0,-0.00460462654650129,0,0.029906896810426,0,0.0271198402659656,-0.0802368422787783,-0.00976853243035835,0,0,0.0472126140216089,0,0,0,0,0.0324238762172302,0,0,0,0,0,0,-0.107940016020542,0,0,0,0,0,0,1.12443459620246,0,0,0,0.0755682989014361,-0.0832891298674865,0,0,-0.0776501205471417,0,0,0,0,0,0,0.00719719323850001,-0.000319992653357859,0,-0.00582881910827312,0,0.0115738485424262,0,0,0,0,0,0,0,0,0,-0.227592563119195,0,0,-0.0709631578137527,0,0,0.0857933681955783,0,0,0,0,0,0,0.0189865300372811,0,0,0,0,0,0.0197521446835594
0,0,0,-0.084899669294726,0,0,0,0,0.0292803569070669,0,-0.0789579348336201,-0.119114073091107,0,0,-0.00803806491187616,0,-0.0145412276228853,0,0,-0.113842678263319,0,0,0,0.0468160811504188,0.0461012473049672,0,0,0,-0.00703149878048027,0,-0.011879873637607,0,0,0,-0.00391957946026229,0,0,0,0,0,0,0,0,-0.116196099980758,0,0,0.0199162937308839,-0.102201342473061,0,0,0,1.15057383850548,0,-0.0226961329058696,0,0,-0.0700634696622918,0,0,0,0,0,0.0680167578253256,0,0,0,0,0,0,0,0,-0.0568800759825222,0,-0.107376652582663,0.0194727118318639,0,0,0,-0.02062982777243,-0.0554591028219129,0.0114133145608102,0,-0.0245164662997635,-0.0704969907888031,-0.069123804203212,0,0,0,0,0,0,0.0542511700905302,0,-0.117175571181735,0,0,0,0,0,-0.128597261243334
