"X1","X2","X3","X4","X5","X6","X7","X8","X9","X10","X11","X12","X13","X14","X15","X16","X17","X18","X19","X20","X21","X22","X23","X24","X25","X26","X27","X28","X29","X30","X31","X32","X33","X34","X35","X36","X37","X38","X39","X40","X41","X42","X43","X44","X45","X46","X47","X48","X49","X50","X51","X52","X53","X54","X55","X56","X57","X58","X59","X60","X61","X62","X63","X64","X65","X66","X67","X68","X69","X70","X71","X72","X73","X74","X75","X76","X77","X78","X79","X80","X81","X82","X83","X84","X85","X86","X87","X88","X89","X90","X91","X92","X93","X94","X95","X96","X97","X98","X99","X100"
1.11448440676439,-0.0116521175069077,-0.0735716102148116,0,0,0,0,0.0381422490647231,0,0,-0.0659196754786569,0,-0.126638714269148,0,0,0,0,0.0702334680051221,0,0,0,0,0.0110174436979089,0.0819740306623247,0,0,-0.00531628524226343,0.0479100718325458,0,-0.136924062833029,0,0.0388942067823857,-0.0208363404746043,0,0,-0.079900151209365,0,0.0282260105011013,0,0,0.00330162874900596,0.107872950937452,0,0,0,0,0,0,0,-0.0135295322510025,0,0,0,-0.0269241832728257,0,0,0,0,0,0,-0.0547482291006884,0.0209162149838703,-0.0275632512898335,0,0,0,-0.0557725856905426,0,0,0,0,0,0,-0.0525272495860535,0,0.0294625652146553,0,-0.00711049804404228,0,0.0906320574396023,0,0,0,0,-0.0568938255881224,0,0,0.0225811262887231,-0.043310681801858,0,0,0,0,0,0,-0.0292443034080214,0,0,0,-0.0430412753913994
-0.0116521175069077,1.43807043164485,0,0,-0.0491777570193645,0,0,0.168120034966551,0,0,0,0,0,0,0.0071283456653776,0,0,0,-0.103910595160962,-0.133270451836098,0,0,0.132889278127687,0,0,0,0,-0.0470037977311625,0,0,0,0,0.0697693541539857,0,0,-0.000910284671851486,0.000350152754706141,0,-0.0216299335481615,0,0.0919163106399548,0,-0.0748284352719605,-0.218129251186276,0,0,0,-0.240246720647946,0,0,0.231210256866064,0,-0.109992408137023,0,0,0,0,-0.0802393467207036,0,0,0.159874405015889,0,0,0,0,0,0,-0.0736945782775625,-0.0267076961147945,0,0,0,0,0,0,0.0104358751061805,0,0,0.0524706279285526,0,0,0,0,0,0,0,-0.0263409421484204,0,0,0,-0.00468536312725209,-0.0923824495923974,0,0,0,0.0640236061641803,0.0661416028658611,0,-0.18497409205898,0
-0.0735716102148116,0,1.54272321396858,0,0.0586047474180452,0.0897085793887345,0,0,0,0,0,0,0,-0.149015903263308,0,0,-0.0872323924763122,-0.08104640958481,0,-0.0325468719728428,0,0,0,0,-0.118575049660363,0,0,0,0,-0.180968880713567,0,0,0,-0.00901119317145951,-0.00675106258833145,-0.1152956860281,0,0,-0.101042221226541,-0.0566664184355854,0,0,0,0,0.263076018995503,0.0598085972482561,0,-0.0332137471197527,0.0360621937442552,-0.0663560194567862,0,0,0,0,0,-0.446151046891233,-0.0315944514164226,0,0,0,-0.0574061549068526,0,0.0726249992182386,0,0,0,0,0,0,0,0,0,-0.103796891121232,0,-0.230432280462158,0,-0.0335220665958911,0,0,0,0,0,0.00736134026212631,-0.0258015756376702,0,0,0.0383533989002105,0,0,0,-0.0503754455664604,0.0635857570575637,0,-0.0611517200171979,0,0,0,0.00100325003752315,-0.0543340734577681,0
0,0,0,1.11672484614796,0,-0.118020857010678,0,0,0,0,0,0,0,0,0,0,0,0.0232944611927719,0,0,0,0,0,0,0,0.0653574047513817,0,-0.0563269584503555,0.106579018356089,0,0,0,0,0,0,0,0,0,0,0,0,0.00165406842427968,0,0,0,-0.147092162226037,0,0,-0.016960622416749,-0.0682045477495528,0,0.017434702310869,0,0,0,-0.0337114413923354,0,0,0,0,0,0,0,-0.0202411993545901,-0.0558921939992388,0,-0.0355240010688415,0,0.00850171129840036,0,0,-0.00901157726784443,-0.012073612706698,0,0,0,0,0,0,0,0,0,-0.0669962484570065,0,0,0,0.0294454042765356,0,-0.0271669250122013,-0.0455226639895762,0,0,-0.0217625200998874,-0.164439301329867,-0.0484011924893486,0,0,0,0,0
0,-0.0491777570193645,0.0586047474180452,0,1.43675199720894,0,-0.0501733956405677,0,0,0.0155706932304987,0,0,0,0.0974172541794018,0,0,0.152975598787356,0,0,0,-0.136907346521493,0,0,0,0,-0.0728003898590805,0,0,0,0,-0.0539108370426852,0,0,0,0,0,0,0.10792800939946,0,0,-0.0562885717014633,0,0,0,0,0,-0.0973430269170065,-0.1411037754634,-0.0235762710900472,-0.178922854610247,0,-0.187366855339808,0,0.044539069348157,0,0,0,0,0,0,0,0,0,-0.1596544632952,-0.168423275759157,0,0,0,0,-0.0463741574090303,-0.00772875152578619,-0.00780542229737074,0,0,0.000277129438275728,0,0,0,-0.0443237087356411,0,0,0,0.032418127516841,0,0,0,0,0,0,-0.0314805757423372,-0.233497897158993,0,0,0,0,0.222247301589848,0,0,0,-0.041155671207615
0,0,0.0897085793887345,-0.118020857010678,0,1.61638421322807,0.0304383975755084,0,-0.0222467626117235,0,0.0739262371368975,0,0,0,0,0,0,0,-0.0120055942099219,0,0,0,0,0,0,0,0,0,0,0.0616592367946782,0,0,-0.419006055065903,0,0,0,0,0,0,-0.215616922039307,-0.0217999050611938,0,0,0,0,0,0,-0.00735835721665917,0,-0.0237384823992518,0,0,0,0,-0.168536840498179,-0.078323680762725,0.233468083809147,0,-0.0900661569622542,-0.0896352658529701,0,-0.0141730668911914,-0.00354601198913442,-0.0331471297070763,0,0,0.171324997861097,0,0,0,-0.163572063952667,0.253563945029886,0,-0.060057044678132,0,0,0,0.129530328562154,0,0,0,-0.0223650878148397,-0.000435044617717457,0,0,-0.055626100484962,0,0.108836568488383,0,-0.0828960963219052,-0.179620203039932,-0.132492789755715,0,0,0,0,0,0,-0.0172476603646654,0
0,0,0,0,-0.0501733956405677,0.0304383975755084,1.1969801057994,0,0,0,-0.00569981770197718,0,0,-0.0412164214720314,0,0,0,0,0.0330435369913203,0,0,0,0,0.0199743228634203,0,-0.0154447429490515,0,0,0.0434734982257526,-0.130995392339934,0,0,0.0422179113808583,0,-0.0207003212071716,-0.0414679619420372,0.224416194412344,0,0,0,0,0,0,0,0,0,0,0,-0.152297371142919,0.0517684670997712,0,0,0,0,0,0.251351119660388,0,0.0621959224188037,0,0,0,0,0,0,0,0,0,0,0,0,0,0.119231624747772,0.0481963878182089,0,0,0.0239090396896098,0,-0.121274784049994,0,0.0577131264961618,-0.103322431591839,0,0,-0.019485987453131,0.00396286244780625,-0.0135144152415921,0,-0.0288235574897174,0,0,0,0,0,0,0,0.11617861427022,0,0,0,0
0.0381422490647231,0.168120034966551,0,0,0,0,0,1.20937328185865,0.0538978815649934,0,-0.0604284786745156,0,0.0787725030073294,0,0.0501146988939239,0,0,0,0.00457310520987814,-0.0454810986708956,0,-0.121249080829537,0,-0.0183006565251313,-0.0847747335082333,0,-0.00877287480495573,0,0.166698036728882,-0.068102061101917,0.0165189509289649,0,0,0,-0.00411310562225432,-0.00672343355214915,0.129406310179308,0,0,0,0,0.164990526766005,0,0,-0.0137590253060797,-0.240816131965945,0,0,0,0.00389626333916372,0,0,0.0233823139816976,0,0,0,0,0,0,0.0257151350913511,0,0,0,0,0,0,0,0,0.0451026058640301,0,0.0560687446800153,0,-0.0693500011309245,0,0,0,0,0,0,0.0403238528456147,0,0,0,0,-0.052054478312892,0,0,0,0,0,0,0,0.0247350726189461,0,0,0,0,0,0,0
0,0,0,0,0,-0.0222467626117235,0,0.0538978815649934,1.2238516316501,0,0,0,0,0.0815712472645923,0,0,0,0,0,0,0,-0.0562332837439722,0,0.0622225850153436,0,0.00881694839148231,0,0,0,-0.0813066331214288,-0.0855095311270756,0.0133941729979541,0,0,0,0,0,0,0,0,0,-0.0611075838429738,0,0,0,0,0.127906865341337,-0.153516906295927,0,0,0,-0.0817555896408523,-0.036667500330718,0,0,0,-0.100578591471824,0,0,-0.114625597413665,0.0073576553155888,0,0,0,0,0,0,-0.00541175370055159,-0.0265735884774413,-0.0738572627671708,0,0,0,0,0,0.0320873888999467,-0.0925250892266837,0.0705386916630101,0,0,-0.0683713296173768,0,-0.152040613535833,0.0094201532741918,0,-0.149307384853887,0,0,0,0,0.0485337264451162,0,0,0,0.0127854184611698,0,0,-0.0511585443690724,0,0
0,0,0,0,0.0155706932304987,0,0,0,0,1.19860279474026,0,0,0,-0.021993025610319,-0.0149864294163944,0,0,0,0,0,0.0366590980934768,0,0.00903448040793261,0,-0.00881831598377808,-0.178668221422489,0,0,0,0,0,0.00941448856290375,-0.0811528320244392,0,0,-0.0852748515332035,0,0,0,0,0,0,-0.0801356586349111,0,-0.211493637622192,-0.0875750317580973,0.00622575159302491,0,0.0164005153232764,0,-0.00831702679038726,0,0,0.0693653142702377,0.014537260085151,0.0591484450612187,0,-0.0359823725875999,-0.0442136580475842,0,0,0,0,-0.100465407607584,0,0,0,0,0,0,0,0.00908006676833291,0,-0.110526577202913,0,0.127784524954448,0,0.0159462944311914,-0.000629801748573639,0,0,0,0,-0.0449427934245741,0,0.0279541683172383,-0.00193906172762938,-0.00973612676090183,0.000809995601049067,0,0,0,0,0,0.0179491523204509,-0.117409002311878,0,-0.0279579200505408,0,0
-0.0659196754786569,0,0,0,0,0.0739262371368975,-0.00569981770197718,-0.0604284786745156,0,0,1.46953416184495,0,0.0615607152257953,0,0,-0.294368786653,0.023441202619368,0,0,-0.195753962431756,0,0,0,-0.000552922435503348,0.059903180017552,0,-0.0402901930191622,0,0,-0.0571249649995056,0,0,0,-0.092735981615978,-0.193460952199418,0,-0.286679084104179,0,0.16859637406064,0,0,0,0.00496363230898082,0,0.0832939812119007,0,0,0,-0.226631068699898,0,0,0,0,0.00680883707229442,0,0,0.0740685812412708,0,0,0.0278603515204307,0,0.0145766881145686,0,0.0542791010633003,-0.075315175066376,-0.0557144645527449,0,0,0,0.0379305003969878,0,0,0,0,0,0,0,0,0.125623320889562,0,0,0.0898841106395589,0,0,0,0,0.0620057995464927,-0.21525038035298,0,0,0,0,0.0305531415311549,0,0,0,0,0,0.13401203357773,0
0,0,0,0,0,0,0,0,0,0,0,1.12702813147253,0,0,0,0,0,0,0,0,0.00065103643718447,0,0,0,0,0,0,0,-0.017672261721263,0,0,0,0,-0.00498639503964216,0.00520169606834626,0,0,-0.0701284904471624,-0.0690925844550327,0,-0.027016463983796,0,-0.010360647041625,0,0,0,0,0,-0.0771650032583459,0,0,0,0.0438707713184689,0.0333643102479673,0,0,0,0,0.0221684209507963,0,0,0.037407991852043,0.0310371455681821,0,-0.0308605667594372,0,0.117787799048316,0,0,0,0,0,0,0,-0.0327023234451328,0,0,-0.0714253223638185,0,0.0496977951325182,0,0.0227171792848275,-0.00893426857158753,0,-0.180133538478975,0.01410865790497,0.166347592607852,0,0,0,0,0,0,0,0,0.0772041448412145,0,0,0.000633822841578663,0
-0.126638714269148,0,0,0,0,0,0,0.0787725030073294,0,0,0.0615607152257953,0,1.21225390044917,-0.109027691520328,0,0.0842952568056305,0,0,0.142081342217135,0,0,0,0.0571323044500475,0,0,0,0,0.00860176519337088,0,-0.0207989328910562,0,-0.0460512833173771,0.0167158139530908,0,0,-0.0840616498155264,0,-0.0583437898164503,0,0,0,0,0,0,0.0242502758760724,0,-0.0103089679062532,0,0,0,0,0,0,-0.0272651201201821,0,-0.090951317548462,-0.0872089198809193,0,0,-0.104910696841479,-0.0489607044042867,0,0,0,0,-0.0263767308148491,0,0.0309499622775908,0,0,0.0407150370358947,0.0854788523073346,0,-0.0814878327495255,0,0,0,-0.0242492257299537,-0.0718123817412133,0,-0.00991136454191041,0,0,0,0.0217999779779005,0,-0.0767339387918451,0,-0.00407196587835809,0,0,0.00933887016605927,0,0.0490072552642814,-0.056518762201084,-0.160409735490017,-0.115989201669024,0,0,0
0,0,-0.149015903263308,0,0.0974172541794018,0,-0.0412164214720314,0,0.0815712472645923,-0.021993025610319,0,0,-0.109027691520328,1.16279198655889,0,0,0,0.0454196975131122,-0.0286785156557609,0,0.052823763868179,0.0350592151932826,0,0,0.0611512402899713,0,0,0,0.0465264221717342,0,0,-0.0605432744587906,0.0311220878286545,0,0,0,0.00124958072202069,-0.188957898404372,0,0,0,0,0,0,0,0.150739434831795,0,0,0,0,0,0,0,0,0,0,0,0,-0.0350288933906276,0,-0.0520474738064779,0,-0.00739959559101964,0,0,0,0.0372132089675988,0.0373624833731941,0,0,0.00920448452226185,0,0,0,0,0,0,-0.00187304006249146,0,-0.0180552809631639,0,0,-0.00305587691182052,-0.0360612609157876,0,0,0,0,0,0,0,0,-0.103439834229873,0,0.0330408882987658,0,0,-0.118350523464507,0,0
0,0.0071283456653776,0,0,0,0,0,0.0501146988939239,0,-0.0149864294163944,0,0,0,0,1.29798142118094,-0.0219626309463028,-0.112957470965794,0,-0.0593965981485199,0,0.0119666988724368,0,-0.0716484787361485,0,0.0888784725522591,0,0,0,-0.0265435774059874,0,0.0140371050561573,0,-0.000376903474976621,0,-0.0687616612746561,0,0,0,-0.0797818258406401,0.0193386882835866,0,0,0,0,0,0,0.019443380891946,0,0.00337930383677776,0,0,0.0343634041334924,0,0,0.0586668083621625,-0.0563808123283277,0,0,0,0,-0.0591880226232557,0,-0.177668594935283,0,-0.0996222691658168,0,-0.00752694811111245,0,0,0,0.107574492060134,0,0,0,-0.10522099867915,0,0,0,0.0348765932108962,-0.101122111558887,0.208431139284471,-0.0819609953885402,0.0563303692212891,0,-0.0676987095275453,0,0,-0.0421952824201164,0,0,0,0.0939863221858139,0,0,0,-0.0219654751878083,-0.208201917305211,-0.00746714624531538,0,0
0,0,0,0,0,0,0,0,0,0,-0.294368786653,0,0.0842952568056305,0,-0.0219626309463028,1.27329551805725,0,-0.0194406819394116,0,0,0,-0.0389882763306462,-0.0618066346895859,0.0183366007506134,0.0879988054036188,-0.102119369135377,0,0,-0.00646822622597512,-0.143161007263093,0,-0.0780024700881865,0,0,0,0.0505355987394,0.0113584278001209,0,0,0,0,0,0,0,0,-0.0212446102717328,0,0,0,0,0,0,0,0,0,0,0,0,0,0,0,0,0,-0.00507579995274703,0,0,0,0,0,0,0,0,0,0,0,0.0696915401156706,0,-0.175980079699313,0,0.0711873745024996,0,0.111840832973223,0.0850106663664315,0,0,0,0,0,0.243308770699473,0,0,0,0,0,0,0,0,0,0,0
0,0,-0.0872323924763122,0,0.152975598787356,0,0,0,0,0,0.023441202619368,0,0,0,-0.112957470965794,0,1.25378607099636,0,0,0.0150523214322824,0,0.139455749177465,0,0,0,0,0,0,-0.0485666945065285,-0.101529786902213,0,0,-0.0683148487742539,0,0,0,0,-0.0289031295420617,0,0,0,0.0331343585929373,0,0.00674410089036428,0,0,0,0,0,0,-0.0445631939322433,0,0,0,0,-0.115196690791192,-0.00556044018321966,-0.0277588171339249,0.164667028395636,-0.0261868738124455,0,0,0.07509650235892,0,0.0154877020909283,0,0,0,0,0,0,0,0.0144360463218354,0.0545850568304564,-0.0991956943599673,0,0,0,-0.0590760234158191,0,0.0176371527407118,0,-0.106587914092015,0,-0.111069905904412,0,0.0931819237082034,0.0523303217699947,0,0,-0.00373501145267238,0,0,0,-0.115439309409363,-0.0585879565456834,0.0450533288808352,0.0818054219406373,0.0532096990071817,-0.0201109891101789
0.0702334680051221,0,-0.08104640958481,0.0232944611927719,0,0,0,0,0,0,0,0,0,0.0454196975131122,0,-0.0194406819394116,0,1.15246516732523,0,0.0493591258639913,-0.00228333617136826,-0.0134340243312775,-0.00357281436164008,-0.0785945023013806,0,0,0,0,0,0,0,0,0,0,-0.0216498159628,0,0,0,-0.138947509789601,0,0,0,0,0,0,0,0,-0.126912376002382,0,0,0,0,0,0,0,0,0,0,0.00272555196440456,0,0,0,-0.0723823364259982,0.12213468609263,0.17926617637996,0,-0.00841993109835355,-0.0332705541143195,0,-0.0329311584413236,0,0,0,0,-0.0418934618952595,0,0,0,0,0.113347991123012,0,0,0,0.00638323969089391,0,0,0,0,-0.00188776180290698,0,0.133714255164173,0,0,0,0,0,0,0.0215034340618846,0,0
0,-0.103910595160962,0,0,0,-0.0120055942099219,0.0330435369913203,0.00457310520987814,0,0,0,0,0.142081342217135,-0.0286785156557609,-0.0593965981485199,0,0,0,1.34804805421918,-0.110576037123964,0,0,0,-0.0245049007904156,0,0,0,0,0,0.0440562157328674,0,0,0,0,0,0,0,-0.145858486508674,0,0,-0.0431000543791441,-0.0808335940934281,0.0388559377432544,-0.0987000349570414,-0.0981277799799092,0,0,0,0,-0.0169083280718255,0,0,-0.031395260986302,0.0337618353451933,0,-0.12563420932539,0,0,0,-0.0458314728602021,0,-0.298086564659642,-0.0137188883631401,0,0,0,0.0286313010128247,-0.102411571439597,0,0,0,0,0,-0.124502768968822,-0.0554665655839529,0,-0.0732489245530855,0,0,0,0,0.06468737427747,0,0,-0.17317989183994,0,0,0,0,0,0,0,0,0,0,0.0626561179700572,0,-0.0191728278529147,0,0.00290437257732738
0,-0.133270451836098,-0.0325468719728428,0,0,0,0,-0.0454810986708956,0,0,-0.195753962431756,0,0,0,0,0,0.0150523214322824,0.0493591258639913,-0.110576037123964,1.42896881657234,0,0,0,-0.013292075521222,0,0,-0.0273231569695126,0,-0.0172326592829344,0,0,0,-0.0803634969119096,0,0,-0.284849187240097,0,0,0.120217298119403,-0.244810715359835,0,-0.130875196972756,0.0057575676448322,0,0,0.0137909606384839,0,0,0,0,0.0434340654324319,0,0,0,-0.0886625257051582,-0.17188624456442,0,0,0,0,0,0,0,0,0,0,0,0,0,0,0,0,-0.173337337300918,0,0,0,0,0,0,0,0.0254311020706996,0.0548806087378744,0,0,0,0,0,-0.0698368668776636,0,0,0,0,0,0,-0.0208858136834867,0.247106086810448,0.00359929920827293,0,0,0
0,0,0,0,-0.136907346521493,0,0,0,0,0.0366590980934768,0,0.00065103643718447,0,0.052823763868179,0.0119666988724368,0,0,-0.00228333617136826,0,0,1.08900342902974,-0.0412025656101592,-0.00580327203143286,0,-0.0628536408265623,0,0.0311941666786897,0,0.0939181313424447,-0.0504661645910722,0,0,-0.010443499021087,0,-0.0173733301285755,0,0,0,0,0.0937055438274018,0.0194720823755632,0.0825168984555935,0,0,0,0,-0.0102686962806409,0,0,0,0,0,0,0,0,0.0298745352403019,-0.0169562003839388,0.104124881982996,0,0,0,0,0,-0.0714141767937378,0,0,0,0,0,0.0278523357369069,0,0,-0.0419233600787394,0,0,0,0,0,0,0,0,0,0,0,0,0.0134360687167833,0,0,-0.0216393792550446,0,0,0,0,-0.0188174721684908,-0.0670430645415249,0,0.0373393170821035,0,0,0
0,0,0,0,0,0,0,-0.121249080829537,-0.0562332837439722,0,0,0,0,0.0350592151932826,0,-0.0389882763306462,0.139455749177465,-0.0134340243312775,0,0,-0.0412025656101592,1.23843321209569,0,0,0,-0.137569168420002,0,0,0,0,-0.115519126650974,0.0705398121516589,0,-0.010801943836451,0,-0.120822968617607,0.0441195900576188,0.0402158685631763,0,0,0,0,0,0,0,-2.97832621852293e-05,0,0,-0.0812231140677668,0.000838608531048227,0.0012286427634424,0,-0.0134516239580934,0,0,0,0,0,0,0,-0.109736630456275,0,0,0,0,0,0,-0.0648149513910865,0,-0.0611346616888781,0,-0.0529601440653752,-0.0965697006059926,-0.124879493928123,0,0,-0.000348540437279552,0,-0.00963607721868796,0,0,0,-0.0116940702344102,0,0,-0.0427973765833868,0,0.115208506588478,0,-0.125943195038217,0,0,0,0,0,0,0,0.0485426322728083,0,0
0.0110174436979089,0.132889278127687,0,0,0,0,0,0,0,0.00903448040793261,0,0,0.0571323044500475,0,-0.0716484787361485,-0.0618066346895859,0,-0.00357281436164008,0,0,-0.00580327203143286,0,1.14430530221114,0,0,0,0,0,0,0,-0.00680479451822944,0,0,0,0,0,0,0,0,0,0,0,0,0.150212975301974,0,0,-0.0152861750837186,0.168500017742178,0,0,0,0.00253867264093743,0,0,0,0,0,0,0,0,0,0,-0.0768799483362041,-0.0973706561702604,-0.0314876418856495,0,0,0,0,0,-0.0807224137642403,0,0,0,0,-0.0296246097135776,0,0,0,0,0,0,0,-0.104129463643335,0.0155526045467955,0,0,0,0,0,0,0.0416022191604304,0.0223246775652769,0.0738028457363772,0,0,0,-0.0105540747199203,0,-0.0746276046878686
0.0819740306623247,0,0,0,0,0,0.0199743228634203,-0.0183006565251313,0.0622225850153436,0,-0.000552922435503348,0,0,0,0,0.0183366007506134,0,-0.0785945023013806,-0.0245049007904156,-0.013292075521222,0,0,0,1.27840775889851,0,0.0913503211066057,0,0,0,0,0,0.0654135210670232,0,-0.030056309946075,-0.235756509357874,0,-0.103926950923926,-0.00886196534270385,0,0,0,-0.0586345913977853,0,0,0.125094996165646,-0.0230545693469138,-0.0293637139766308,0,0.0143496030574224,0,0,0,0,0,0,0,0,0,0,0,0.0127927691452247,-0.0367625899187656,0,0,0,0,-0.0869992278422661,-0.0330948058927024,-0.17315112748625,0,0,0,0,0,-0.0138913143275427,0,0,0,0,0,0.0520442046598715,0,0,-0.0565124191439318,-0.236059715665824,0,0,0,-0.0629260529561625,-0.108456367369183,0,0,-0.00332052005492546,0,0,0,0,0,0.132860812212697,0
0,0,-0.118575049660363,0,0,0,0,-0.0847747335082333,0,-0.00881831598377808,0.059903180017552,0,0,0.0611512402899713,0.0888784725522591,0.0879988054036188,0,0,0,0,-0.0628536408265623,0,0,0,1.25588390493064,0.0431385779221881,0,0,0,0,0,0.120063967857349,0,0.0307257036576013,0,-0.276117765497943,0,0,0,0,0,0,0,0,0,0,-0.0142902701998951,0,0.0103523136504802,0,0,0.00509171612466755,0,-0.0291929838600983,0,0,0,0,0,-0.0130739512024219,0,0,0,-0.112764818492775,0,0,-0.132834658369231,0,0,0.0560789829591473,0,0,-0.0646094027873992,0,0,0,-0.139336601789114,0,0,0,0,0,0,-0.0212716807477118,0,0,-0.103743564159414,0,0,0,0,0,0,0,0,0,-0.0236641057144463,0,0,-0.128345146755283
0,0,0,0.0653574047513817,-0.0728003898590805,0,-0.0154447429490515,0,0.00881694839148231,-0.178668221422489,0,0,0,0,0,-0.102119369135377,0,0,0,0,0,-0.137569168420002,0,0.0913503211066057,0.0431385779221881,1.22073361738678,-0.0157944872470874,0,0.0244987129983169,0,0,0,-0.11311855865293,0,0,0,0,0,0,0,-0.0896641111183285,0.000341202771377455,0,-0.0822955282382744,-0.187432161903982,0.0365303507059484,-0.0771231262793936,0,-0.000505390858969821,0,0,0,0,0,0,0,-0.0405077991461485,0,0,0,0,0,0,0,-0.0670028562338433,-0.00198159153137876,0,0,0,0,0,0,0,0,0,0,0,0,0,0,-0.0376683256951362,-0.046830654440132,-0.0209787033903868,-0.124700595029774,0,0,0,0,0,0,0,0,0.020127454414236,0,-0.0812166021121522,0,0,0,0,-0.0548604358684579
-0.00531628524226343,0,0,0,0,0,0,-0.00877287480495573,0,0,-0.0402901930191622,0,0,0,0,0,0,0,0,-0.0273231569695126,0.0311941666786897,0,0,0,0,-0.0157944872470874,1.3163144718288,-0.0136830467798241,0,0,0,0,-0.0625282096138248,0,0,0,0,0,-0.0578709019734554,0,0,0,0,-0.170705224193478,0,0,0,0,0.0145638974727284,-0.00759010042170282,0.0634252103898316,0,0.00369685278156604,0,0,0,0,0,0,0,0,0,0,0.204423550678191,0,0.0642869319561819,-0.0811719349108276,-0.0144937622061457,0,0,0,0,-0.0794831449753225,-0.0107510331553664,0,0,0,0.00500098426618712,0,-0.0268185362708488,0,0,-0.0123136740061997,0,0,-0.20874856185822,-0.160088973512348,0,0,0,0,0.0273963653420892,0.000190430424188468,0.0335892036077362,0,0.082971041882758,0,-0.335355967882333,0.0673852738827468,0
0.0479100718325458,-0.0470037977311625,0,-0.0563269584503555,0,0,0,0,0,0,0,0,0.00860176519337088,0,0,0,0,0,0,0,0,0,0,0,0,0,-0.0136830467798241,1.30722383450655,0,0,0,0,0,0,0,0,0,0,-0.23928537902807,0,0,0,0,-0.0590469721621014,0,-0.29833945372682,-0.147864487875779,0,0,0.059489488877658,0,-0.06173332041574,0,0,0,0,0,0,0,0,-0.0289558682403915,-0.0881236847600051,0,0,0,0,0,0,0,0,0,0,-0.0283652830065691,0,-0.00596991251521045,0,0,-0.210230036701595,0,-0.0146232233852709,0,0,-0.0570104042552087,0,0,0,0,0,0,-0.0397693661705977,0,0.0347295018850755,0,0.12751466649437,0,0,0,-0.092234661838885,0,0
0,0,0,0.106579018356089,0,0,0.0434734982257526,0.166698036728882,0,0,0,-0.017672261721263,0,0.0465264221717342,-0.0265435774059874,-0.00646822622597512,-0.0485666945065285,0,0,-0.0172326592829344,0.0939181313424447,0,0,0,0,0.0244987129983169,0,0,1.16496381728745,0,0,0,0,0,0,0,0,0,0,0,0.00467730115133751,-0.00406323392504944,0,0,0,-0.0110921229804177,0.042772239028966,0,0.0134727799802477,0,0,-0.0293019467585174,0,0,0,-0.105554390187487,0,0,0.00939622635993679,-0.0595182855240855,0,0,0,0,0,0,0,0,0,0,0,0,0,0,0,0,0,-0.166093161982565,0,-0.0451639570097805,0,0,0,0,-0.00551256712721896,0,0.148831395382686,0,0,0,-0.0160118665541058,0,0.0445211795514135,0.183753210262666,0,0,0,0,0,0
-0.136924062833029,0,-0.180968880713567,0,0,0.0616592367946782,-0.130995392339934,-0.068102061101917,-0.0813066331214288,0,-0.0571249649995056,0,-0.0207989328910562,0,0,-0.143161007263093,-0.101529786902213,0,0.0440562157328674,0,-0.0504661645910722,0,0,0,0,0,0,0,0,1.3021172004388,0.032082720273443,0,0,0.0315808844643827,-0.0140653721215267,-0.0813044409452474,0,0,-0.107887972748527,0.123071262939686,0.0232362657650556,0,0.0046268762754288,0,0,0,0,0,0,-0.0558796890049139,0,0.0171114778835489,0,0,-0.108440317397375,0,-0.0101343810656655,0,0,-0.0401467621369634,0,-0.120335135880096,0.0224367293226357,0.0153989684334722,0.0165024047524756,0,-0.0254006551348072,0,-0.0692248417449357,0,0,0,0,0,0,0.0385645319182621,0,0,0,0,0,0,0,0,-0.21279732415844,0,0,0,-0.0287813586326,0.0397345823179289,0.0695430471869199,0,0,0.0327462511146131,0,-0.0559357977221028,0,0,0,0
0,0,0,0,-0.0539108370426852,0,0,0.0165189509289649,-0.0855095311270756,0,0,0,0,0,0.0140371050561573,0,0,0,0,0,0,-0.115519126650974,-0.00680479451822944,0,0,0,0,0,0,0.032082720273443,1.30452204225739,0.0223700235720454,0,0.0722603613663015,0.0510818134018998,-0.0530327711152981,0.000795796384418382,0,0.142934624502133,-0.104905222236401,0,-0.0784574101512705,0,-0.0369722700569501,0,0.0433566686132681,0.0453514209541859,0,0,0,-0.0897089573032797,0,0,0,0,0,0,0,-0.170780991527214,0,0,0.112334362674498,0,-0.0265945057821587,0.0279421506521654,0,0.0769248182406324,0,0,0,-0.023653695816641,0,0.00657530881124969,0,0,0,-0.0417192219484483,0.00789014583235855,0,0.0052376727595652,0,0,0,0,0,0,0,0,-0.125404299103851,-0.0669451101699087,-0.237384864253497,-0.0121686308762612,0.130037007446388,0,0.0459680918874632,0,0,0,0,0
0.0388942067823857,0,0,0,0,0,0,0,0.0133941729979541,0.00941448856290375,0,0,-0.0460512833173771,-0.0605432744587906,0,-0.0780024700881865,0,0,0,0,0,0.0705398121516589,0,0.0654135210670232,0.120063967857349,0,0,0,0,0,0.0223700235720454,1.30612549592879,0.162646092316398,0,0,0,0,0,-0.102979294027324,0,0,0,0,0.135091519155442,0,-0.0618598814333231,0,0,-0.15637198519063,0,0,0,0,0,0,-0.266829087798382,0,0,0,0.0513236198057706,0,0,0.0246366267338304,0,-0.177921734268713,0,0.0207957337975708,0,0.023251881825653,0,0,0,0,0,0.0222359944227078,-0.0297278260312153,-0.0428440962508719,0,0,0.061874514653325,-0.0318679019493538,0,0.0332018769386283,0,0.0229411847974481,0,0,0,0,0.13319962601364,0,0,0,-0.0995464194437512,0,0.121270479728932,-0.0102543728319134,-0.0051477644636956,0,0
-0.0208363404746043,0.0697693541539857,0,0,0,-0.419006055065903,0.0422179113808583,0,0,-0.0811528320244392,0,0,0.0167158139530908,0.0311220878286545,-0.000376903474976621,0,-0.0683148487742539,0,0,-0.0803634969119096,-0.010443499021087,0,0,0,0,-0.11311855865293,-0.0625282096138248,0,0,0,0,0.162646092316398,1.36032142627662,0,0.0489818283642716,0,0,0.162665955755482,0,0,-0.00837569743468013,0.104941550342496,0,0,0,0,0,0,0.106872007831999,-0.00287943732839883,0,-0.0020723745496301,0,0,0,-0.120306936816178,0,0.083388310458021,0,0,0,0,-0.0159847781434257,-0.0630304441909707,0,0,0,0.0341822342592598,0.0908365509315195,0,-0.0705249257096438,0,0,0,-0.119642322784528,0,-0.0289006860761299,0.0394906240110882,0,0,0,-0.00659163909085049,0,0,-0.101402697000491,0,0,0,0.0942958623173523,0,0,0,0.0254504094988919,0,-0.00628446316152715,0,0,0,0,0
0,0,-0.00901119317145951,0,0,0,0,0,0,0,-0.092735981615978,-0.00498639503964216,0,0,0,0,0,0,0,0,0,-0.010801943836451,0,-0.030056309946075,0.0307257036576013,0,0,0,0,0.0315808844643827,0.0722603613663015,0,0,1.22293226419729,-0.171836375054197,0,-0.00617712898923465,0.0254685840730522,0,-0.0587987416984409,-0.0597500130951426,0,0,0.0483351795493114,0.0157543351741205,-0.0582027826803108,0,0,-0.0474890347597218,0,0,0,0,-0.0153599303106443,0,-0.0288953493380621,0,0,0,0,0,0.00844449439455155,0.0738560871646326,0,0,0,0,0,0,-0.111095044575838,-0.00847315126685645,0,0,-0.0789650255790968,-0.121624998708881,-0.0740943623171723,0.0211161207659972,0,0,0,0,-0.0520893210031745,0,0.127212032266712,0,0,0.0557336109194172,0,0.179877770037513,0,0,0.101236547643033,-0.0755629328700008,0,0,0,0,0,0,0.0859520550182356
0,0,-0.00675106258833145,0,0,0,-0.0207003212071716,-0.00411310562225432,0,0,-0.193460952199418,0.00520169606834626,0,0,-0.0687616612746561,0,0,-0.0216498159628,0,0,-0.0173733301285755,0,0,-0.235756509357874,0,0,0,0,0,-0.0140653721215267,0.0510818134018998,0,0.0489818283642716,-0.171836375054197,1.39862918715195,0,0,0,-0.230633509399486,0,0,0,0,0,0,-0.000603758883999665,0,-0.0660125566062416,0,0.097427994114361,0,0,0,-0.235579763995062,0.00448717139960189,0,0,0.0367254986417325,0,-0.0643022825698314,-0.000720072503572096,0.054621727104702,0,0.111648445374899,0,0,0,0,-0.0316930634439472,0,0,0,0,-0.0443133940572467,0.0646651430329129,0,0,0.0556210041104907,0,-0.0993800487208611,0.083033048928224,-0.0420774345444397,0,-0.186043714544389,0,-0.0620453504477388,0,0,-0.0201435981034368,0,0,0,-0.177644522017959,0,0,0,0,-0.00930767128573412,0,0.0201752854880498
-0.079900151209365,-0.000910284671851486,-0.1152956860281,0,0,0,-0.0414679619420372,-0.00672343355214915,0,-0.0852748515332035,0,0,-0.0840616498155264,0,0,0.0505355987394,0,0,0,-0.284849187240097,0,-0.120822968617607,0,0,-0.276117765497943,0,0,0,0,-0.0813044409452474,-0.0530327711152981,0,0,0,0,1.41857949610364,0,0,0,0,-0.0298471993662435,-0.0874876027729854,0,-0.0559038260514907,-0.0501845248055413,0,0,-0.0843999780512262,0,0,0.0065051100963323,0,-0.0757471591665556,0,0,0,0,0.0969545056583745,-0.150118700698158,0,-0.0664892022324649,0,0,0,0,0,-0.0237356612534742,0,0,0,0,0.070607779819216,0,0,0,0,0,0,0,0.0342894737849311,0,0,0,0,0,-0.13647778184274,-0.062986346059003,0.0307434988747827,0,-0.0516491834260016,-0.0159154855670588,-0.00692313959113489,0,0,0,-0.0875889460910466,0.094020423578444,0,0,0
0,0.000350152754706141,0,0,0,0,0.224416194412344,0.129406310179308,0,0,-0.286679084104179,0,0,0.00124958072202069,0,0.0113584278001209,0,0,0,0,0,0.0441195900576188,0,-0.103926950923926,0,0,0,0,0,0,0.000795796384418382,0,0,-0.00617712898923465,0,0,1.35979808799779,0,0,0,0,-0.125730944921941,0,0,0,-0.138691255081544,0,0,0,-0.0381753233844304,0.103224946602038,0.0625657262794124,0,0,-0.00955878955922885,0,0,0,0,0,-0.21837203020008,0,0,-0.0456146759186145,0,-0.093656013299857,-0.171633898092344,0,0.00716334431154514,0,-0.0195175574527694,0,0,0,0,0,0,-0.0297773088336167,-0.144931223287927,0,0,0.016298581945651,0.0694478243040804,0,0,0,0,-0.0294775100238305,0,0,0,0.00280830676822517,0.00169267080983184,-0.0526199345764596,0,-0.163798791845258,0,0,0,0
0.0282260105011013,0,0,0,0.10792800939946,0,0,0,0,0,0,-0.0701284904471624,-0.0583437898164503,-0.188957898404372,0,0,-0.0289031295420617,0,-0.145858486508674,0,0,0.0402158685631763,0,-0.00886196534270385,0,0,0,0,0,0,0,0,0.162665955755482,0.0254685840730522,0,0,0,1.14452349445764,0,0,0,-0.0651439145653461,0,0,0,0,0,0,0,0,0,0,0.0267165931836286,0,0,0,0,0,0,0,0,-0.00607817807314141,0,0,0,0.0205186257193043,-0.0633165806412781,0,0.00298079218291291,0.0599188344212942,0,0,0,0,0,0,0,-0.0323358899014465,0,0,0,0,0,0,-0.0365315013548305,0,0,0.0323278494767321,-0.0508050068661971,0,0,0,0.0472881705155932,0,0,0,0,0,0.107498197683812,0
0,-0.0216299335481615,-0.101042221226541,0,0,0,0,0,0,0,0.16859637406064,-0.0690925844550327,0,0,-0.0797818258406401,0,0,-0.138947509789601,0,0.120217298119403,0,0,0,0,0,0,-0.0578709019734554,-0.23928537902807,0,-0.107887972748527,0.142934624502133,-0.102979294027324,0,0,-0.230633509399486,0,0,0,1.6462706150444,0,0,0,-0.0929070904850096,0,-0.0355293412062674,-0.105300248924567,-0.0621099722100634,0,0,0,-0.0757493376702398,0,0.0456122032799166,0,0,-0.178440690446071,-0.119427455795389,0,0,-0.0866321164102465,0,0,0,0,0,0,0,0,0,0,-0.0646726284424398,-0.254601399830836,0,-0.144242159923913,-0.208917125773114,0,-0.0732319079277402,0,0,0,0,-0.0869590121210916,0,0,0,-0.00992804685722595,-0.0261310302872058,0,0,0,0,0,0.00738598079174869,0.0938753602794598,0,0,-0.176292294651597,0,0,0
0,0,-0.0566664184355854,0,0,-0.215616922039307,0,0,0,0,0,0,0,0,0.0193386882835866,0,0,0,0,-0.244810715359835,0.0937055438274018,0,0,0,0,0,0,0,0,0.123071262939686,-0.104905222236401,0,0,-0.0587987416984409,0,0,0,0,0,1.24495773304039,-0.0234339757112594,0,0,0,0,0,0,0,0,0,-0.00759770162934686,0,0,0,0,0,0.0292013751482223,0,0,0,0,0,0,0,0,0,0,-0.0111770142600851,0,0,0,0,0,0,-0.0229891658731762,0,0,0.0886000391497362,0,0,0,0,0,0,0,-0.00516684787303832,0,0,0,-0.018759035746782,-0.188351855888465,0,0,0,0,0,0,-0.0478720184286986,0,0
0.00330162874900596,0.0919163106399548,0,0,-0.0562885717014633,-0.0217999050611938,0,0,0,0,0,-0.027016463983796,0,0,0,0,0,0,-0.0431000543791441,0,0.0194720823755632,0,0,0,0,-0.0896641111183285,0,0,0.00467730115133751,0.0232362657650556,0,0,-0.00837569743468013,-0.0597500130951426,0,-0.0298471993662435,0,0,0,-0.0234339757112594,1.23676048927983,0,0,0,0,0.109596609143565,-0.101699694822462,-0.0561858351109004,0,0,0,-0.0169868835854386,0,0,0,0,-0.0146690711648341,0,0,0,0,-0.078887085307256,0,0,-0.0759712164053795,0.0765232458649054,0.0463972040715922,0.0235667688756627,0,0,-0.221382754106156,0,0,0.064916229993455,0,-0.00419823453955886,0,0.0825978309888744,-0.066239238089049,0,0,0,-0.136639384018051,0,0,-0.0174570490537017,0,0,0.192993017201559,0,-0.0216670458923829,-0.000980424044134482,0,0,0,0.0435123467252362,0,-0.0652673062106848,0,0
0.107872950937452,0,0,0.00165406842427968,0,0,0,0.164990526766005,-0.0611075838429738,0,0,0,0,0,0,0,0.0331343585929373,0,-0.0808335940934281,-0.130875196972756,0.0825168984555935,0,0,-0.0586345913977853,0,0.000341202771377455,0,0,-0.00406323392504944,0,-0.0784574101512705,0,0.104941550342496,0,0,-0.0874876027729854,-0.125730944921941,-0.0651439145653461,0,0,0,1.43803486223847,0,0,0.102079210254726,0,0.0062759055443523,-0.131839863517243,0,-0.223336533769404,0,-0.125440583719596,0,0,0,0,0.0304857464006054,0,0,0,0,0,0.0710615686704422,0,0,0.0115144789486252,0,-0.0374840856288762,0,-0.284058876516487,0,0.062479748689914,0,-0.0719650425618445,0,0.00568470296484615,0,0,0,0,0,0.013232361231858,0,0,0,-0.0590619480664114,0,0,0,-0.0256603038808565,-0.131352473880744,0,0.0822711108958139,0.0505709829496084,0.00829926186490871,0,0,0,-0.15682066395448,0
0,-0.0748284352719605,0,0,0,0,0,0,0,-0.0801356586349111,0.00496363230898082,-0.010360647041625,0,0,0,0,0,0,0.0388559377432544,0.0057575676448322,0,0,0,0,0,0,0,0,0,0.0046268762754288,0,0,0,0,0,0,0,0,-0.0929070904850096,0,0,0,1.16883317454096,0,0.0193177763739017,-0.0125755970429863,0.0665336851328849,0,0,0,0,-0.0619467166274898,0,0,0,0.0106403825442001,0.0278202394317868,0,0,0,0,0,0,0,0,0,-0.107044156218354,-0.00834022206020702,0,0,0,0,0,-0.20251718119987,-0.151514667515252,0,0,0,0,0,0,-0.0607261518344011,0,0.0659426833251918,0,0,-0.0398742074979678,-0.0585883313279502,0.103379203855532,0,0,0.101432778268585,0.0495263821750139,0,0,0,0,0,0,-0.167755148182757
0,-0.218129251186276,0,0,0,0,0,0,0,0,0,0,0,0,0,0,0.00674410089036428,0,-0.0987000349570414,0,0,0,0.150212975301974,0,0,-0.0822955282382744,-0.170705224193478,-0.0590469721621014,0,0,-0.0369722700569501,0.135091519155442,0,0.0483351795493114,0,-0.0559038260514907,0,0,0,0,0,0,0,1.52115604603357,-0.137122919936348,0,0,0,0.0241465270640778,0,0.0882756034409422,-0.123814346334747,0,0,0,0,0,0,-0.0248053410712384,0,0,-0.0838873166655921,0,0,0,0,-0.0867659187857403,0,0,0,0,-0.325299251869497,-0.180198661265835,0,0.0663357848017448,0,0,0,-0.0579838129625936,0,0,0,-0.122396895776473,0,-0.035369554695424,0,-0.0202166745120477,0.101894989090887,0,-0.0785831298536308,0,0,0.0385139571982026,0,0.0944986473557337,0,0.0697210353826762,0,0,-0.00390889932527141
0,0,0.263076018995503,0,0,0,0,-0.0137590253060797,0,-0.211493637622192,0.0832939812119007,0,0.0242502758760724,0,0,0,0,0,-0.0981277799799092,0,0,0,0,0.125094996165646,0,-0.187432161903982,0,0,0,0,0,0,0,0.0157543351741205,0,-0.0501845248055413,0,0,-0.0355293412062674,0,0,0.102079210254726,0.0193177763739017,-0.137122919936348,1.35230291274776,0,0,0,0,0,-0.0538776952768478,-0.0759028716176125,0,-0.0869918665626246,0.0480266005306632,0,0,0,0,0,0,0,-0.0120361325305746,-0.00964919320117248,0,0,0,0,0,0,0,0,-0.0110550028405812,0,0,0,-0.0431158188371902,0,0,0,0,0,-0.00307398407365517,0,0,0,0,0.219530608490532,0,0,0,-0.141633047010186,0,0.0232776579516671,0.0666716629159619,0,0,-0.023998859819545,0,0
0,0,0.0598085972482561,-0.147092162226037,0,0,0,-0.240816131965945,0,-0.0875750317580973,0,0,0,0.150739434831795,0,-0.0212446102717328,0,0,0,0.0137909606384839,0,-2.97832621852293e-05,0,-0.0230545693469138,0,0.0365303507059484,0,-0.29833945372682,-0.0110921229804177,0,0.0433566686132681,-0.0618598814333231,0,-0.0582027826803108,-0.000603758883999665,0,-0.138691255081544,0,-0.105300248924567,0,0.109596609143565,0,-0.0125755970429863,0,0,1.39746193950411,0,0.0211063687931478,-0.0481817588937815,0,0,0,0,0,-0.0675695445874098,0,0,0,0,0,-0.135546545459879,0.0392129615872094,0.0175809853643806,-0.0977015290038404,0,0,0,0,0,0,0,-0.0568891639000378,0,-0.200030903012557,0,0,0,0,0,0,0,0,0,0.0149621376180927,0,0,0,0,0,0,0,0.0764718291587722,0,0,0,0,0,0,0.176514565970009,0
0,0,0,0,-0.0973430269170065,0,0,0,0.127906865341337,0.00622575159302491,0,0,-0.0103089679062532,0,0.019443380891946,0,0,0,0,0,-0.0102686962806409,0,-0.0152861750837186,-0.0293637139766308,-0.0142902701998951,-0.0771231262793936,0,-0.147864487875779,0.042772239028966,0,0.0453514209541859,0,0,0,0,0,0,0,-0.0621099722100634,0,-0.101699694822462,0.0062759055443523,0.0665336851328849,0,0,0,1.24029758816515,0.0198331412004891,-0.0247419177463016,0,0,0,0,0,0,0,-0.0575349262463975,0,0,0,0,0,0,-0.078728028148353,-0.158409109723703,-0.0421913299767162,0.0567771431979701,0,-0.0843403101906557,0.11025776686153,0,-0.0414209317167015,0,0.152479842239415,-0.107902138432723,-0.0859276393245268,0,0,-0.110828317386374,0,-0.0511742050692581,0,0,0,0,0,0,0,0,-0.00392944908006289,0,0.0696926421131503,0,0.00426795952864797,0,0,0,0,0,-0.049845564203861
0,-0.240246720647946,-0.0332137471197527,0,-0.1411037754634,-0.00735835721665917,0,0,-0.153516906295927,0,0,0,0,0,0,0,0,-0.126912376002382,0,0,0,0,0.168500017742178,0,0,0,0,0,0,0,0,0,0,0,-0.0660125566062416,-0.0843999780512262,0,0,0,0,-0.0561858351109004,-0.131839863517243,0,0,0,0.0211063687931478,0.0198331412004891,1.38178044574994,0.0520366569704881,0,0,0,-0.127014510301714,0.0954330593519746,0,-0.0179217409779249,0,0,0,0,0,0,0,0,0,0.156842251010271,0,0,0,0,-3.90503613588142e-05,0,0,0.094809307412425,0,0.127072638788246,-0.0634515357890248,0,0,0.0255227516460829,0,0,0,0,-0.0309605463184387,0,0,-0.00121315141817646,-0.00739759684670082,0,0,0,0,0,0,0,0,-0.0271678927045609,-0.198658908181174,0
0,0,0.0360621937442552,-0.016960622416749,-0.0235762710900472,0,-0.152297371142919,0,0,0.0164005153232764,-0.226631068699898,-0.0771650032583459,0,0,0.00337930383677776,0,0,0,0,0,0,-0.0812231140677668,0,0.0143496030574224,0.0103523136504802,-0.000505390858969821,0.0145638974727284,0,0.0134727799802477,0,0,-0.15637198519063,0.106872007831999,-0.0474890347597218,0,0,0,0,0,0,0,0,0,0.0241465270640778,0,-0.0481817588937815,-0.0247419177463016,0.0520366569704881,1.39697951839427,0,-0.131938993059783,-0.117800976656633,0,0,0,0,0,-0.0527094626504448,0,-0.0601921150031963,-0.0458498597628878,0,0,0,-0.0104634112924653,-0.109450310122827,0.0722040251625163,0,-0.031632443583142,0,-0.0444221096216452,0,0,-0.109788535756044,-0.146727149929057,-0.0278684055382952,0,-0.24429689878399,0.00666883415426588,0,-0.0185775360589237,0,-0.0638315132477398,0,0,0,0,0,0.00691675193969146,0,0,-0.145487579421107,0,-0.0971596267668146,0,0,0,0,-0.138038250950346,-0.0178955389148644
-0.0135295322510025,0,-0.0663560194567862,-0.0682045477495528,-0.178922854610247,-0.0237384823992518,0.0517684670997712,0.00389626333916372,0,0,0,0,0,0,0,0,0,0,-0.0169083280718255,0,0,0.000838608531048227,0,0,0,0,-0.00759010042170282,0.059489488877658,0,-0.0558796890049139,0,0,-0.00287943732839883,0,0.097427994114361,0,-0.0381753233844304,0,0,0,0,-0.223336533769404,0,0,0,0,0,0,0,1.17454281809234,0,0,-0.0726714836990466,0.0344479703248841,0,0,0,0,0,0,0,0,0,0,0,0,0,0,0,0,0,0,0,0,0,0.00692469565947915,0,0,0,-0.0112717020089564,0,0,0,0,0,0,0,0,0,0,0,0,0,-0.0429809745720919,0.0566854590335479,0,0,0.00811912432483051,-0.136770668034032,0
0,0.231210256866064,0,0,0,0,0,0,0,-0.00831702679038726,0,0,0,0,0,0,-0.0445631939322433,0,0,0.0434340654324319,0,0.0012286427634424,0,0,0,0,0.0634252103898316,0,0,0,-0.0897089573032797,0,0,0,0,0.0065051100963323,0.103224946602038,0,-0.0757493376702398,-0.00759770162934686,0,0,0,0.0882756034409422,-0.0538776952768478,0,0,0,-0.131938993059783,0,1.18811385620683,0,0.0146607441670552,0,-0.110644215472729,0,0,0,0,0,-0.0195196145299501,0,0,0,0,0,0.0936321857999543,0,0,0,0,-0.0214628329319949,0,0,0,0,-0.0552506583715018,0,0,-0.00287208702561599,0.0342514470635773,0,0,0,0,0.00868254860112308,0,0,0,0,0,0,-0.0740186332928811,0,0.0120056665819761,-0.140405546052357,-0.0727522933715073,0,0,0
0,0,0,0.017434702310869,-0.187366855339808,0,0,0,-0.0817555896408523,0,0,0,0,0,0.0343634041334924,0,0,0,0,0,0,0,0.00253867264093743,0,0.00509171612466755,0,0,-0.06173332041574,-0.0293019467585174,0.0171114778835489,0,0,-0.0020723745496301,0,0,0,0.0625657262794124,0,0,0,-0.0169868835854386,-0.125440583719596,-0.0619467166274898,-0.123814346334747,-0.0759028716176125,0,0,0,-0.117800976656633,0,0,1.1886407448606,0,-0.0152577388771059,0,0,0,-0.0185054468455676,0,0,0,0,-0.101503863905063,0,0,0,0,-0.0466015565102866,0,0,0,-0.0503268747493148,-0.00741859146970832,0,0,0,0,0.153263536618132,0,0,0,-0.00722723491318646,0,0,0,0,0,0,0,0,0,0,0,0,0,0.0316016851841659,0,-0.0713246658497643,-0.0439551036286634,-0.0636423585250072
