"X1","X2","X3","X4","X5","X6","X7","X8","X9","X10","X11","X12","X13","X14","X15","X16","X17","X18","X19","X20","X21","X22","X23","X24","X25","X26","X27","X28","X29","X30","X31","X32","X33","X34","X35","X36","X37","X38","X39","X40","X41","X42","X43","X44","X45","X46","X47","X48","X49","X50","X51","X52","X53","X54","X55","X56","X57","X58","X59","X60","X61","X62","X63","X64","X65","X66","X67","X68","X69","X70","X71","X72","X73","X74","X75","X76","X77","X78","X79","X80","X81","X82","X83","X84","X85","X86","X87","X88","X89","X90","X91","X92","X93","X94","X95","X96","X97","X98","X99","X100"
1.10689548781518,0.0414914923987037,-0.0822342080382149,0,0,0,-0.0124934229649483,0,0,0,0,0,0,0,-0.0569481123020594,0,0,0,0,0,0,0,0,0,-0.0510121252864853,0,0,0,0,0,0,0,0,0,0,0,0,0,0.0399485916683184,0,0.0537716689130899,0,0,0.0418316083354326,0,0,0,0,0,0,0,-0.110971805855623,0.0187238062437211,0,0,0,0.0201220692501375,0.0758230348154627,-0.0336443083618709,0,0,0.0248802062103275,0,0,-0.0150117278755336,0,0,-0.161914206010838,0.0419401247695765,0.0735850276986179,0,0,0,0,0,0,0,0,0,0,-0.0553970643421576,0,0,-0.0332657392499054,0,-0.0877962493559258,-0.00294686143546352,0,0,0,0,0,0,0,0,0,0,-0.0913689327261657,0,0
0.0414914923987037,1.27877609441595,0,0,0,0,0,0,0,0,0.234271206748688,-0.115268150864572,0,0,0,-0.0530327443940489,0,0.102151840889476,0,0,0,0,0,0,0,0,0,0.0208784935709353,0.0922979342819548,0.0382419460926719,-0.0991937067837442,0,0,-0.240899774122223,0.140431839892996,0,0,0,-0.0206940368852119,0,0,-0.0261707274108059,0,-0.0516952115830284,0,0.0510624481233511,0.105044970733051,0.026459367748256,0,0.0468937667095477,0,0.023291637519801,0,-0.112934693601299,-0.114022643661303,0,0,-0.0370707493741458,0.0122928618426253,0,0.0152646298529373,0,0,-0.072294210071946,0.0647330492304887,0,0.0959504438475289,0,0,0,0.00297253467429668,0,0,0,0,0,0,0,0,0.00290989392252954,0,-0.0466402559295546,0,0,0,0.0152989444983334,0,0.0603511254057818,0,0,0,0,0,0,0.00890586671139086,0,0,0,0,0
-0.0822342080382149,0,1.40761076700784,0,0,0,-0.118720508999077,0,0,-0.0658744743499074,-0.0927234722503903,0,0,0,0,0,-0.0340180464651466,0,0,-0.0130715557378409,0,0,-0.0188563310317349,-0.0956071047134679,0,0,0,0.0298430050088525,-0.172202869987922,0,0,0,-0.0781538931293819,0.0945361775155847,0,-0.0715983602976964,0,0,-0.0109311426251094,-0.0253786184249278,-0.0415763291419331,-0.0975899109845572,0,0,0,0,0,0.00708866699745294,0,0,0,0,0,0,0,0.144175937924226,-0.0113415756916141,0.0111108518409054,0.00308055459076463,0.104832943681696,0.0877368575545962,0.00109252769496459,-7.44281785997397e-05,0,-0.0172475560375066,0.0328023774191357,0,0,-0.192023112212028,0,-0.0390742309990892,0,0,-0.121924133051785,-0.0821892454794418,0,0,0,0,0.0393381579476323,0,0,0,-0.10797743768493,-0.0110403662946974,-0.0549653048432749,-0.319305137366408,0.10511117196025,0,-0.13032401709735,-0.0358836143820415,0,0.0551395968791303,-0.023895308187215,0,-0.066048337282349,0,0,0,-0.0976937073330384
0,0,0,1.2187161242977,0,0,0,0,-0.0164043478725244,0,0,0,-0.0232228343784983,0,0,-0.068172071405648,0,-0.103003066676219,0,0.0081112830447796,-0.0532556477660335,0,0,0,-0.0209482790516675,0,-0.00432438698675348,0.073834591206882,0,0,0,-0.164973430274417,0,0,-0.236532301373324,0,0,0,-0.139301804772434,0.154835011748788,0,0,0,0,-0.0911708438939596,0,0.00183659083598747,0,0,0.00108550540338623,0,0,0,0,0,0,0.179880756429011,0,0,0,0,0,0,-0.00537067317343384,0,0,0,0,-0.00109348930695302,0,-0.0202274364267218,0,0,0,0,0,0,0,-0.0123441130678726,0.0359863168329256,0,0,0,-0.0622231094949796,-0.0412863093882953,0,0,0,0,0,0.00465804829143831,0,0.0182745794405185,0,-0.0516111309302258,0,0,0,0,0
0,0,0,0,1.16529517913433,0,0,0,0,0.0209025683652511,-0.0139608605696177,0,-0.0627129210701945,0.141306950090891,-0.00252912146218497,0.0947720521615832,-0.0637277333497205,0,0.0682149900193867,0,0,0,0,0,0,0.0449164154247055,0,0.13348070723347,0,0,-0.100789445369843,0,0.0247113638589096,-0.0223781373754365,0,0,0,0,0,0.0479383963544838,0,0,-0.156402329670957,0,0,0,0,-0.0653535336868324,0,-0.0498116689501778,0.0135090732372675,0,0,0,0,0,0,0,0,0.0401359509463619,0,0,0,0,-0.0847577503716084,0.079336207860795,-0.00480599497004632,0,0,0,-0.0720422276441155,0,0,0.0723375202073873,0.0743059367085382,0,0.0246753747089008,-0.0691013910477193,0,0,0,0,-0.0226455704588299,0,0.0396980217454361,0,0,0,0.0449766556401385,0,0,0.100552442394371,0,-0.0172657329424489,0.00738703503234945,-0.028881267081114,0,0,0,0
0,0,0,0,0,1.07531726960799,0,0.040040739788156,0,0.0188435148007037,0,0,0,0,0,0,-0.0104106716355552,0,-0.0640488967814085,0,0,-0.0349866360870676,0.00349299924026882,0,0,0,0,0,0.0805509397830192,0,0,0,-0.0690795993600936,0,0.0632345931157142,-0.0750178283907244,0,0,0,-0.019393292995043,0,0,0,0,0,-0.0121571817048411,0.130634104457364,0,0,0,0,0,-0.00589502177712053,0,-0.0299487366728806,0,0,0,0,0,0,0,0,-0.0333367146145099,0,-0.0362448090232456,0,0,-0.0357663307511105,0,0,0,-0.0402186495768417,0.0139946040983504,-0.00341797029394792,-0.0355933020468483,0,0,0.069207248265397,0,0,0,0,0,0.0253317252717772,0,0,0,0,0.0659602593940316,0,0,-0.0785071122320001,0,0,0.0887457740595888,0,0,0,0
-0.0124934229649483,0,-0.118720508999077,0,0,0,1.22319305373749,0.0619169606460408,-0.146605178407402,-0.131859902137869,0,0.0296057972474821,0,0,0.264866699110736,0,0,0,-0.0569050165945761,-0.0665676731505062,0,0,-0.0462811258000357,0,-0.00272472281581768,0,0,-0.0516943913704749,-0.101013193321068,0,0,-0.0159282764869593,-0.0425886228540451,-0.0235854251763076,0.13100427681593,0,0,0.045999397257182,0.101984289424807,0,-0.0364431301902614,0,0,0,0,0,0.0147881106728867,0.016577672423537,0,-0.118526876284456,0,0,0,0,0,0,0,0,0,0,-0.11864708483504,0,0,0,0,0,-0.0402631411124709,-0.0235100915444378,0,0,0,-0.0331462205256847,0,-0.0163733217720265,0,0,0,0,0,0,-0.0202408589447691,0,0,0,0,0,0,0,0,-0.101043158597956,0,0,0,0,0,0,0,-0.0374495573899946,0,0
0,0,0,0,0,0.040040739788156,0.0619169606460408,1.32804459458102,-0.0414122987461935,0.0720672296266295,0.185532669019376,0,0,0,0.127504776931778,0.0565929107016451,0,0,0.00130608456435188,0.0056143377703039,0.0123161821194529,0,-0.0925826895578377,0,0,0,0.0169898948256355,0.00216661447263268,0,0,0,0.0451457290152962,0.0315921881339329,0,0,0.106409908267756,0,0,0,0.0247202167388343,0,0.0592528986980424,0,0.00504832358682506,0,0,-0.103534245786809,0,-0.148827925301327,0,0,0.00579047114767444,0,0,0,0,-0.163209935374738,0,0.0136745311458514,0,0,0,0.0967093849670434,0,-0.159511546644573,-0.0310477623477156,0.248918249705649,0.0100552210571591,0,0.0167755469719098,0,0,0,-0.0280558028100442,0,-0.029362393029105,0.0348855602479882,-0.0126100983706016,0,0.0581212446163604,0,0,0,0.016829869963294,0,0.07393031049397,0,0,0,0,0,0,0.0592011006233428,0,0,0,0,0.159348679620928,0,0
0,0,0,-0.0164043478725244,0,0,-0.146605178407402,-0.0414122987461935,1.2015533187027,0,-0.0819994771252996,0.0143095990924508,-0.121910513743615,-0.0109220889973498,0.0570403973049705,0.0226074930701167,-0.0409577003708129,0,0.0205792610007132,0,0,0,0,0,0,0,0,0,0,0,0,0,-0.0166364940911356,-0.0920429285206859,0,0,0.164577147689208,0.0879508378173402,-0.0487365066374504,0,-0.0910500843858592,0,0.0701194133727458,0,-0.0303596032149416,-0.0588590714559868,0,0,-0.0941774463809774,0,0,0,0,0,0,0.0239577576612654,0,0,0,0,0,0,0,0.000697939270552861,0.0462923624402225,0,0.0804757856875424,0,0,0.0735591575396177,0,0.116505692745047,0,0,0,0,0,0,-0.0203055009848887,0,-0.0589933496535068,0,0,0,0.0184303920014801,0,0,0,0,0.0668802056354686,0.0413077810584704,0,0,0,-0.0690683596907117,0.0901890592294489,0,0,0,0.0362600536095559
0,0,-0.0658744743499074,0,0.0209025683652511,0.0188435148007037,-0.131859902137869,0.0720672296266295,0,1.2130382031033,-0.0629515747574284,0,-0.167527856179812,0,0.00143654229510736,-0.0175741431359409,0.00062239527825216,0,0,-0.0263082312269473,-0.00321163817449813,0,0,0,0,0,0,0,-0.0556651950731412,0,0,0,0,0,0.0143672424413856,0,0.126328899781952,0,0,0,-0.00950569247221128,0,0,0,0,0,0,0.0700061689963082,0,0,0,-0.00111407451876682,0,0,0,0,0.0135121257475657,0,0,-0.0895704249720177,-0.0451061829926113,0,0,-0.137583138657537,0.0260632938277226,-0.0356193767959822,-0.0831439423340813,0,0,0,0,0,0,0,0.107245638356418,0.0365959930452399,-0.159755924226532,0,-0.0328897617438222,0.0132534556339363,0.0529455455390298,0,-0.0553186084620994,0,-0.0143921906194804,-0.139310531748914,0.0373669071960811,0,0,0,0,0,0,0,0,0,0,0,0,0.0101218687810006
0,0.234271206748688,-0.0927234722503903,0,-0.0139608605696177,0,0,0.185532669019376,-0.0819994771252996,-0.0629515747574284,1.34432517318731,-0.0392338717613496,0,0.00521063212101307,0,0,0,-0.130083284417446,0,0,-0.0203850062481001,0.0350167456468594,0,0,0,0,0.0610951265087881,0,0,0,0,0,-0.0669569748159272,0,0,-0.00282893244093994,0.0172092904825659,0,-0.0480000652335313,0,0,0,-0.0321732738488568,-0.0108155064288743,0,0.00102564035217972,0,0,0,0,0,0,0.0117816091728969,0,0,0,0.117888675708696,0,0,0,0,-0.0237510128137299,0,0.204568163086209,0,0,0,-0.0616781513876582,-0.00619767576983356,0,0,0,-0.181714441496912,0,0,0,0,-0.233046755602046,0,0,-0.0347805600741907,0,0,0.0771566869930818,0,-0.0646711876972357,0,-0.0161322442458728,-0.005757210586428,0,0,-0.0726594168669897,0,0,0,0,0,0,0,0
0,-0.115268150864572,0,0,0,0,0.0296057972474821,0,0.0143095990924508,0,-0.0392338717613496,1.12010887824966,0.1014732427684,0,0,0,0.0607958827874629,0,0,0,0.0300341016142792,0,0,0,-0.0393186813338669,0,0,-0.0131702056376729,0,0,0,0,0,0,0,0,0,0,0,0,0,-0.00982605996514029,0,0,0,0,0,0.00101428033445968,0.114154975541294,-0.0280562401581908,0,-0.0829087670780785,-0.0454986758550553,0,-0.0334702473826032,0,0,0,0,0.0693843345837691,0,0,0,0.0110969852942282,0,0,0,0,0,0,0,0,0,0,-0.0859488523857788,-0.174723562724197,0,-0.0915387066133483,0,0.036081068487792,0,0,0,0,0,0,0,-0.0858390343279325,0,0,0.084927380942006,0,0.0174695787048613,0,0.0276261847633274,0,0,-0.00239198685029074,0,0
0,0,0,-0.0232228343784983,-0.0627129210701945,0,0,0,-0.121910513743615,-0.167527856179812,0,0.1014732427684,1.22738731095437,-0.0212518566701671,-0.10462606526219,-0.0943561303623668,0,0,0,0,-0.0401182957171232,0,0,0.0159558114288138,0,0,0,0.0584726231274848,0,0,0,0,0,0,0,0,0,0.135528292825358,0,0.0635985092571528,0,0,-0.128825521339544,-0.00323188215903855,-0.0292713696169809,0,0,0,0,0,0,0,0,0.0313978449376498,0,0,0,0,0,0.0214797350212331,-0.162912072450064,0,0,0,0,0,0,0,0,0.071326013053881,0,0,-0.083401204117314,0.0589576062342507,0.00570097151590818,0,-0.0547727303224812,0,0,0,0,0,-0.146329224449104,0,0.0184515510788113,-0.0656766789950838,-0.0412506852584287,0,0,0,0,0.0356764604450938,0.0516045039045913,0,0,0,0,0.0240873949412374,0,0
0,0,0,0,0.141306950090891,0,0,0,-0.0109220889973498,0,0.00521063212101307,0,-0.0212518566701671,1.23249078347318,0.138776304353077,0,0,-0.0732479597225479,0,0,-0.0403206562594921,0,0,0.0448554309388594,0,0,0,0,0.0423602541559675,0,0,0,-0.00857003455891294,0.0807622496486016,0,0,0,0,0,0,0,0,0,0,0,-0.0683360357306298,0,-0.0102196916884667,0,-0.116551119956226,-0.0500887885957164,0,0,0,0,0.0406982796840178,0,0,0,0,-0.255158809279111,0,0,0,0,-0.0613025521255449,0,0,0,0,0,0,0,0,-0.0628969518393048,-0.157266045384268,-0.044212716864257,-0.0150078063685758,-0.0334815560968438,0.0390046013822707,0.00558105658704983,0,0,-0.0467766606110471,0.0568600393923942,0,0,0,0,0.127061849271826,0,0,0,0,0,0,0,0,-0.00691251864836413,0.0415512917691083
-0.0569481123020594,0,0,0,-0.00252912146218497,0,0.264866699110736,0.127504776931778,0.0570403973049705,0.00143654229510736,0,0,-0.10462606526219,0.138776304353077,1.52219532727545,0,0,0,0,0,0,0,0,0,0,0.0598031915582828,0,0,0.0307286545536459,0.0117247440101448,0,0,0,0,0,0,0.167596444763005,0,0,0.0258175241072244,0.0396397648009794,0,-0.0203679543215986,0,0,0.143535383288259,0,-0.0499431092165191,0,0.0222120418294635,-0.157917036011702,-0.147913198932149,0,0,0.22675288627476,0,0,0,0,0,0,0.178240163083345,0,0.363841276528805,0,0.049457095911751,0,0,0,0,0.0526554257632978,0,-0.0709829547275789,0.0409657506996495,0,0,-0.00366093799809395,0,0,0,0,0.0169400951602753,0,-0.122704670973063,-0.244301179696475,-0.051716334045848,0,0,0.15623412580874,0,0,0,-0.0298253149244399,0,0,0,0,-0.0158066484296154,0,0
0,-0.0530327443940489,0,-0.068172071405648,0.0947720521615832,0,0,0.0565929107016451,0.0226074930701167,-0.0175741431359409,0,0,-0.0943561303623668,0,0,1.21076648743688,0,0,0,-0.0642943001683509,0,0,-0.13714117635243,0,0.191614919402527,0,0,0,0,0,0,0,0,0,0,0,0,0,-0.0544010818860158,0,0,-0.0625914931934195,0,0,0,0.00381360079073385,0,0,0,0,-0.126230396130219,0,0.0649860133902274,0,0,0,0,-0.121393548994535,0,0,0,0,0,0,0.000663336302647962,0,0.035344012872545,0,0,0,0.0454562090916882,0,0,0,0,0,0,0,0,0,0.0179804297932188,0,-0.0279598388244954,0,0,0,0,-0.0177955414013119,0,-0.132735028929903,-0.259964543386394,0,0,0,0,0.00353778788762084,-0.0123300825626098,0,0,0
0,0,-0.0340180464651466,0,-0.0637277333497205,-0.0104106716355552,0,0,-0.0409577003708129,0.00062239527825216,0,0.0607958827874629,0,0,0,0,1.20203062302751,0,0,-0.076858242719047,0,0.048736020931672,-0.053999737072734,0,0,0.00219174086958635,-0.0486480815028797,-0.113979804778679,0,-0.134216227197573,0,0.106066791387806,-0.107554077179714,-0.0757996586376883,-0.0128416286355217,0,0,0,0.0519929145856342,0,0,0,0,0,0,-0.0889239735581651,0.0100336079282337,0,-0.0103543613682794,0,0,0,2.27231441167577e-05,0,0,-0.00559709138749715,0,0,-0.0147556767035543,-0.0560537170950973,0.00559592981465919,0,0,0,0,0,0,0.15338409211565,-0.0459347172644056,0,0,0.00938255203864602,0,0,-0.0480545256006094,0,0,0,0,0,0,0,0,-0.155405668817692,0,-0.0873956553954752,0,-0.03390043812565,0.0653235696784439,0.028845846631591,-0.018403278476269,0,0.0668300402647021,-0.124375141194421,0,0.0712200775246444,0,0.0131394756219507,-0.0461218224811864,0
0,0.102151840889476,0,-0.103003066676219,0,0,0,0,0,0,-0.130083284417446,0,0,-0.0732479597225479,0,0,0,1.23512807387141,0,0.0141569705402559,0,0,0,0,0,0,0,0,0,-0.14402462504773,0,0,0,0,0,-0.171879817965558,0.0598543254239408,0,0,0,0,-0.0225615242333891,0,0.0366916009436563,0,0,-0.0449387218010527,0,0,0,-0.0447768592662366,0,0,0,0,0,0,0,0,0,0,-0.00429859341404027,-0.0181634117566463,0.0777092115626824,-0.126538013613848,0,0,0,0.0544161495685755,0,0,0,0,0,0,-9.32563963084714e-05,-0.149130115168504,0,0,0,0,0,0,0.022806315209574,0,-0.0177098308043674,0,0,-0.103988148368089,0.195753567412129,0,0,0,0,-0.091330926865399,0,0,0,-0.0151438892792609,0
0,0,0,0,0.0682149900193867,-0.0640488967814085,-0.0569050165945761,0.00130608456435188,0.0205792610007132,0,0,0,0,0,0,0,0,0,1.14367510775156,0,0,0,-0.13243052792665,0,0,0,0,0,0.00494510623214127,0.151308326690851,0,-0.0468519331384059,-0.0853529444678753,0,0,-0.0626400934575291,0,0,0,0,0,0,0,0,0,0,0.0390205396649929,0,0.0262933924903866,0,-0.0591831973765898,0,0,0,0,0,0,0,0,0,0.0853841354769803,0,0,0,0,0,-0.0475470974654097,-0.117675141505746,0,-0.0782405679652674,0,0,0,0,0,0,-0.0858865024522873,0.000114521090375317,0,0,0.0956214962485836,0,0,0,-0.0919073731504901,0,0,0,0,0.0187688614823182,0.0556526924357822,-0.0271371245309316,0,0,0,-0.0403193984199682,0,0,0,-0.0434151351498768
0,0,-0.0130715557378409,0.0081112830447796,0,0,-0.0665676731505062,0.0056143377703039,0,-0.0263082312269473,0,0,0,0,0,-0.0642943001683509,-0.076858242719047,0.0141569705402559,0,1.15435802667661,0.158045276088736,0,0,0,0,0,0,0,-0.00769071785344746,0,0,0.0151307514598186,0,0,0,0,0,0,0,-0.125569167918508,0,0,0,-0.0136228095075655,0,-0.0344590529642547,0,0,0,0,0,0,0,0,0,-0.0302532551348939,0,-0.0537269920723657,0,0,0,0,0.00896842529115615,0,0,0.0300714407937814,-0.0349302457790979,-0.0388102728574948,0,-0.107784150838136,0,0,0.0381714714367829,0.108561962585542,0,-0.0507008879366249,0,0.145976713376591,0,0,-0.1408735425934,0,0,-0.0564266510031236,0,-0.0198621940291518,0,0,0,0,0,0,-0.0907849715012295,0,0,0.0931038363793636,-0.0206974217287432,0,0,0
0,0,0,-0.0532556477660335,0,0,0,0.0123161821194529,0,-0.00321163817449813,-0.0203850062481001,0.0300341016142792,-0.0401182957171232,-0.0403206562594921,0,0,0,0,0,0.158045276088736,1.13406393483513,0,0,0,-0.0381872318681118,0,-3.97184619395785e-05,0,0,0,0,0,0,0,0,0,0,0,0,-0.0225178922630261,0,-0.0988752256178593,0.0728905935427507,0,0,0,0,0,0,-0.0991931818823777,0,0.0859143965937796,0.0074412599211657,-0.0365490648269168,0.106117008928729,0,0,0.0297058558146292,0.0543005275688343,0,0,0,-0.0297934058628917,-0.0117640235643141,-0.0297792186492791,0,0,0.0046455287829412,0,0,0,-0.0149297521948465,0,0,0.0478279650966569,0,0.118045083676319,0,0,0,0.0801978762047348,-0.0450228718278048,0,0,0,0,0,0,0.0367260558111894,0.0126643998530784,0,0.0666997630613504,0,0,0,-0.0653216098664348,0,0,0,0
0,0,0,0,0,-0.0349866360870676,0,0,0,0,0.0350167456468594,0,0,0,0,0,0.048736020931672,0,0,0,0,1.16188386307604,0,0,0.0168864806993481,-0.0187905455203503,-0.0031182010068349,0,0,-0.0850330375730086,0,0,0,0,0,0,-0.0258706618577382,0,0,0,-0.00143316989248263,0,0,0,-0.0232604643330114,0,0,0,-0.215441300175116,-0.0214600858511188,-0.133001682504434,0,-0.0288643164188511,0,0,0,-0.0314313418459795,0,0,0,0,0,0.0501935458741492,0,0,-0.0710468239209607,0,0,0,0,0,-0.091325249726232,0,0,-0.214641131622867,0,0,-0.0446077764274927,0,0,0,-0.00847962489330898,0,0,0,-0.0225008397211532,0,0,0.0412628630123289,0,0,0,0.0119468548654171,0,0,0,0,-0.064438381339735,0,0
0,0,-0.0188563310317349,0,0,0.00349299924026882,-0.0462811258000357,-0.0925826895578377,0,0,0,0,0,0,0,-0.13714117635243,-0.053999737072734,0,-0.13243052792665,0,0,0,1.21857385775041,0,0,-0.0282838947616493,0,0,0,0.182262397457329,0,0,0,0,0,0,0,0,-0.0416393812956864,0,0,0,0.0738130308054552,0,0,0,0,0,-0.00691906907704152,0,0,0,0.0120348656795968,-0.0149197350611474,0,0,-0.069232835396839,0,0,0.0133234574860439,0,0,0,0,0,0,0,-0.073413163957011,0,0,0,0,0,0.0244393020988291,0,0,0,0,0.0757621965752101,0.0293941690941166,0.0388923696237797,-0.0956236168938206,0,0,0,0,0,0,0,-0.0352181668002001,0,0.0356636905996839,0,-0.147875042434512,0.00255073817070665,0,0,0.014373753306922,-0.261224378066124,0
0,0,-0.0956071047134679,0,0,0,0,0,0,0,0,0,0.0159558114288138,0.0448554309388594,0,0,0,0,0,0,0,0,0,1.26124851185983,-0.00301194045648916,-0.0119609433148339,0.0085837720213076,0,0,0,0,-0.142099518065698,0,0.0736015765123586,-0.00549153130767837,0,-0.0158404317240779,0,0,-0.108412720299777,-0.0526012886808962,0,0.0542701162479041,0,0.0303237260017049,-0.0924882897278535,0.0899804910593675,0,-0.0132384727192213,-0.014443190600507,0,0,-0.0936872718957906,0,-0.0474457174789444,0,0,0.0107299993348053,0,0,0,0,0,0.0558709191072218,0,0,0,-0.0307475388546387,-0.0569296642987473,0,0,-0.00083551974078305,0,-0.0946167036713614,0,0,0,0,0,-0.0116724195957519,0,0,0,-0.101212139498618,-0.185651982094066,0,0,0,0,0,0,-0.00938519133888079,0,0.0659814171018483,0.00166213642404227,-0.237397662466707,0,-0.125698371665434,0,0
-0.0510121252864853,0,0,-0.0209482790516675,0,0,-0.00272472281581768,0,0,0,0,-0.0393186813338669,0,0,0,0.191614919402527,0,0,0,0,-0.0381872318681118,0.0168864806993481,0,-0.00301194045648916,1.12053373928385,0,0,0,0,0,0,-0.0609136228462612,-0.0168032727963243,0.00648688866880555,-0.0391545904171948,0,0.00671890258593303,0,0,0,0,0,0.180089789031595,-0.0228894463472906,0,0,0,0,0,0,0,0,0,0.0504199315841891,0.0560912780123472,0,0,0.0126792539175208,0.0553930460440131,0,-0.0911273807713653,0,-0.0132088818375363,0,-0.0543121206770076,0.0495780316850594,0,0,-0.0236692999820056,0,0,-0.0231859327172811,0,0,0,0,0,-0.0472706851965059,-0.0260110230607694,0,-0.113443432754111,0,0,0,0,0,0,0,0,0,0,0.0357815165330897,0,0,0,0,0,0.0161978796433084,0,0
0,0,0,0,0.0449164154247055,0,0,0,0,0,0,0,0,0,0.0598031915582828,0,0.00219174086958635,0,0,0,0,-0.0187905455203503,-0.0282838947616493,-0.0119609433148339,0,1.10411294448824,0,0.0945103654306544,0,0.0201800846570813,0,0,0,0,0,0,0,0,0.0972378775786913,0,0,0,0.0511219665679978,0.117701409502049,0,0,0,0,0.0862832037527516,0.0121072548256267,0,0,0,0,0,0,0,0,-0.13395240937528,0,0,0,0,0,0.0481526937299436,0,-0.0587725509616455,0,0,0,0.034887706112735,-0.0126401287592703,0,0,0,0.0351639536602442,0.0141406212495433,0,0.024514788653963,0,0.0588575140935656,0.0607869901353192,0.0595188627053219,0,0.0325466485545349,0.0464605893421272,0,0,-0.0546928206672817,0,0.00103798623142896,0,0.0170482733089166,0.0614242233347525,0,0,0,0,-0.0460145756800177,0
0,0,0,-0.00432438698675348,0,0,0,0.0169898948256355,0,0,0.0610951265087881,0,0,0,0,0,-0.0486480815028797,0,0,0,-3.97184619395785e-05,-0.0031182010068349,0,0.0085837720213076,0,0,1.15796462049306,0,0,0,0,0,0,0,-0.202811311502639,0.016170875784881,-0.0604292685097635,0.0296307113699693,0,0,-0.136694928715846,0,-0.0756678551509022,0,0,0,0.00843341336364497,0,0,0,0.0677695660866908,0,0,0,0,0,0.0138624313787212,0,0,0,0,-0.00414902191868651,0,-0.198326593845258,0,0,0,0,0.00144172034689016,-0.0592061682734329,0,0,-0.0351420206409089,0,0.0119684378268145,0,0,0,0,0,0,-0.13132678841224,0,0,0.00827112634636104,-0.104220640736846,0,0,0,0,0,0,0,0,0,0,0,0,0,0
0,0.0208784935709353,0.0298430050088525,0.073834591206882,0.13348070723347,0,-0.0516943913704749,0.00216661447263268,0,0,0,-0.0131702056376729,0.0584726231274848,0,0,0,-0.113979804778679,0,0,0,0,0,0,0,0,0.0945103654306544,0,1.21166893758999,0,0,0,0.0507308329637826,0,0,0.0961573303952166,0,0,0,0.220748465762643,0,0,0,0,0,0.0580586668218512,0,-0.0871924287168924,0,0,0,0,-0.08100570681159,0,0,0,0,-0.00541652746102837,0,0,0,0,0,0,0.0126870798593858,0,0,-0.0504327237712278,0.0529700596138036,0,0,0,0,0,0,-0.237345237970325,0,0,0,0.00515943382368665,-0.0947436147560531,0,0,0,0,-0.0758653931494338,0,0,0,0,0,0,0,0,0,0,0,0,0,0,0
0,0.0922979342819548,-0.172202869987922,0,0,0.0805509397830192,-0.101013193321068,0,0,-0.0556651950731412,0,0,0,0.0423602541559675,0.0307286545536459,0,0,0,0.00494510623214127,-0.00769071785344746,0,0,0,0,0,0,0,0,1.13916350649788,0,0,0,0,-0.0326939213472409,0,0,0,0.0530971980742951,0,0,0,0,0,0,0.0460167978314158,0,0,0,0,-0.0166653477671414,0.00811459045487349,0.128412188819915,0.0326577385753102,0.121377987220651,0,-0.0366975186952749,0.0933534888377925,0.0238027816101064,0,0,0.0525466815144384,0.0363580939565153,0,0,0,0,0,0,0,0,-0.0524186662586337,0,0.0316956696049569,-0.00109461109218401,0,0,0,0,0.0505878633070211,-0.108019769057979,0,0,0,0,-0.0345730778829031,0,0,-0.00273017897887709,0,0,0,0,0,-0.0271837077468211,0,0,0,0,0.00550862720247319,0
0,0.0382419460926719,0,0,0,0,0,0,0,0,0,0,0,0,0.0117247440101448,0,-0.134216227197573,-0.14402462504773,0.151308326690851,0,0,-0.0850330375730086,0.182262397457329,0,0,0.0201800846570813,0,0,0,1.2943967174461,0,-0.0596346220915922,-0.0347043466322187,0.0867609131095894,-0.0311417483529685,-0.0868993048808995,0.125637260507386,0,0,0,0,0,0,0,-0.169224700523735,0,0,0,0,0,-0.0132175844959899,0,0,0,0,0,0,-0.0248921603416174,-0.0229359537086631,0,0,-0.0497981389027247,0,-0.183097978698138,0.0146464767066303,-0.0318150223949066,0,0.0341057882734179,0.106081131389919,0,-0.0604751332849016,0,0,0,0,0,0.12225222207877,-0.131462693232102,0,0,0,0,0.105277403298918,0.0550894734921955,0,-0.0269151916514374,0,0.0288538441242209,0,0.0907393200403793,0,0,-0.0478367837048568,-0.0341350321895563,0.0938459969879043,0.00233357185505008,0,0,-0.0615662706731111,0
0,-0.0991937067837442,0,0,-0.100789445369843,0,0,0,0,0,0,0,0,0,0,0,0,0,0,0,0,0,0,0,0,0,0,0,0,0,1.1777923763375,0,0,-0.046389109625519,0,0,-0.0892206130357438,0.100265158280535,0,0,-0.0318545273160133,-0.0293197206644182,0,-0.0720292818040697,0,-0.218647564979585,0,0.0121986300934275,0.0847537320389878,0,0,0,0,0,-0.134415814881308,0,0,0,0,0,-0.00597792536611808,0,-0.051714188124237,0,0,0,0,0,0.065397301878548,0,-0.0384800510662501,0.0500364040069896,0.040335399051127,0.0842392995519041,0,0,0,0,0,0,-0.0635150965261937,-0.00953049224792994,-0.00535546280307476,0,-0.0507596070390372,0,0,0,-0.0126492066711998,0.0599844962912926,0,0.0289548904040851,-0.0630523383207878,0,0,-0.00143447502790379,0,0,0,0.0716770595745078
0,0,0,-0.164973430274417,0,0,-0.0159282764869593,0.0451457290152962,0,0,0,0,0,0,0,0,0.106066791387806,0,-0.0468519331384059,0.0151307514598186,0,0,0,-0.142099518065698,-0.0609136228462612,0,0,0.0507308329637826,0,-0.0596346220915922,0,1.249408216487,0,0.103766642533332,0,-0.0443371868713855,0,0.135131039893005,0.152447406512923,0,0,0.000913876884667033,0,0,0,0.155435340954136,0.0549058877956995,-0.0897098601047677,0.0463709695707766,0,0.00992365549913206,0,0,0,0,0,0,0,-0.00107372837831933,0.0213951569663779,0,0,0,0,0.0659468159908067,-0.0337301325360797,0,-0.0226053958321044,0,-0.00792842194813165,0,-0.075206725647636,0,0,0,0.147487500813459,-0.0411134122326486,0,-0.22123586667942,0,0.0318716595777421,0.0225310502932725,0,0.00666075133442039,0,0,0,-0.0030844053459229,0,0,0.0878580971838827,0,0,0,0,0,0,0,0,0
0,0,-0.0781538931293819,0,0.0247113638589096,-0.0690795993600936,-0.0425886228540451,0.0315921881339329,-0.0166364940911356,0,-0.0669569748159272,0,0,-0.00857003455891294,0,0,-0.107554077179714,0,-0.0853529444678753,0,0,0,0,0,-0.0168032727963243,0,0,0,0,-0.0347043466322187,0,0,1.27366512779045,0,0,0,0.00135268941022769,0,0,0,0,0,0,0,0,0,0,0,0.060260065967933,0,-0.077903102902119,-0.0798857331715454,-0.0198970999094711,0,0,0.0464041424137549,0,0,-0.126963599684393,0.0599385120483453,0,0,0,0.0253394816534722,0.12164166670443,0.00719803842465014,0.00327699448174364,0,0,0,-0.113574021588642,0,0,0,-0.156973404441292,0,-0.0696509416994238,-0.116042767418203,0,-0.260825025773191,-0.0186161665602672,0,0,-0.01475884899726,0,0,-0.0694410554119465,-0.0115503317240446,-0.0770340056244304,0,0,0,0,0,0,0,0,-0.0469939815712183,0,0
0,-0.240899774122223,0.0945361775155847,0,-0.0223781373754365,0,-0.0235854251763076,0,-0.0920429285206859,0,0,0,0,0.0807622496486016,0,0,-0.0757996586376883,0,0,0,0,0,0,0.0736015765123586,0.00648688866880555,0,0,0,-0.0326939213472409,0.0867609131095894,-0.046389109625519,0.103766642533332,0,1.33122335583621,0,0,-0.0219900689303077,0.13848270401497,0.00644555621507781,0,0,0,0,0,0,0.0113368155501726,0,0.200638808207689,0,0,0,0,0,0,0,-0.136668007564438,0,0,-0.000430465748193586,0,0.0449050473407791,0.0242221361383543,0,0.169224462518288,0,0,0,0,0,0.12262463168178,0,0.168184084750135,0,0,0,0,0,0.0164293499035754,0,0,0,0,0,-0.0705439934531792,0,0,-0.139545363225703,0,0.161298650258556,0,0.0329125110013869,0.0498326509008481,0,0,0,0.094844294956265,0.00638755300349514,0,-0.0272838908041821,0
0,0.140431839892996,0,-0.236532301373324,0,0.0632345931157142,0.13100427681593,0,0,0.0143672424413856,0,0,0,0,0,0,-0.0128416286355217,0,0,0,0,0,0,-0.00549153130767837,-0.0391545904171948,0,-0.202811311502639,0.0961573303952166,0,-0.0311417483529685,0,0,0,0,1.51176854154203,0.058413940377064,0,0,-0.120851249568344,0,0,0,0,0,0,-0.0337458964297396,0,0,0,0.0448999484276041,0,-0.0984684776626943,-0.128630805401239,0.0999390255451317,0,0,0,0,0,0,-0.236626211993498,-0.171861975207837,0,0,0,0,0,0,0,-0.210241397927765,-0.0479871022613397,0,0.0555969346434054,-0.148872467934051,0,0,0,0,-0.0916154933150511,-0.07967907317859,0,0,0,-0.14111945377935,-0.106875528314033,-0.000130431365437799,0,0,0,0.0346120844575983,0,0,0.0233365484890418,0,0,-0.0615213354283041,-0.167031075227125,0.148050185859275,-0.0345240271205885,0
0,0,-0.0715983602976964,0,0,-0.0750178283907244,0,0.106409908267756,0,0,-0.00282893244093994,0,0,0,0,0,0,-0.171879817965558,-0.0626400934575291,0,0,0,0,0,0,0,0.016170875784881,0,0,-0.0868993048808995,0,-0.0443371868713855,0,0,0.058413940377064,1.25764534623618,0.102910785142427,0,0,0,0,0.0423595327534546,0,0,0,0,-0.176639216838329,0,0.250408159567748,0,-0.0743589755716129,0,0,0,0,0,0.0184627642567732,-0.0293033326574222,0,0,0,0,-0.102584730935855,0,0,0,0,-0.017450886969894,-0.0667966265477306,0,0,0,-0.0332826038761535,0,-0.0738659639393213,0,0,0,0,0,-0.174741768169809,0,-0.0811508218086654,0,-0.0564870748312059,0,0,0,0,0,0,0,0,0,0,0,0,0,0,0
0,0,0,0,0,0,0,0,0.164577147689208,0.126328899781952,0.0172092904825659,0,0,0,0.167596444763005,0,0,0.0598543254239408,0,0,0,-0.0258706618577382,0,-0.0158404317240779,0.00671890258593303,0,-0.0604292685097635,0,0,0.125637260507386,-0.0892206130357438,0,0.00135268941022769,-0.0219900689303077,0,0.102910785142427,1.32763909431137,-0.0522089367855873,0,0,0,-0.0100169599269627,0,0,0,0,0,0,0,-0.218481363777567,0.000709733274584432,0,0,0,-0.110453081225183,0,0.172351249862992,0.0108080604919024,-0.00819090246081576,0,0.112176785600527,0.0129312365457609,0,0,-0.216777528863005,-0.0117286293124479,0.00534093033061333,0.0692440420508461,-0.00327793255955794,0,0,0,0,0.00566769920485313,-0.215670565281241,0,0,0,0.0107153540369849,0,0,-0.0256476670698568,0,-0.0947491993789567,0,0,0,0.0536739354560634,0,0,0,0,0.0621471698240955,0,0,0,0,0,0,0
0,0,0,0,0,0,0.045999397257182,0,0.0879508378173402,0,0,0,0.135528292825358,0,0,0,0,0,0,0,0,0,0,0,0,0,0.0296307113699693,0,0.0530971980742951,0,0.100265158280535,0.135131039893005,0,0.13848270401497,0,0,-0.0522089367855873,1.26620898275526,0,0.0590512089199711,0.00606981113446628,0,0,0,0.0207937692703136,0,0,0,0,0,0,0,0,0,0.051413751950066,0,0,0.141818455409921,0,0,0,0,0,0,0,0,0,0.0276273519944772,0,0,0.0810285490369278,0,0,0,0,-0.0347978651721435,0.0138067880321221,0,0,0,0.229762944068453,0.0259690969091206,0,0,0.0585541463191505,0,0.0636586345880783,-0.0903543386571681,0,-0.155338554247393,-0.0930854064939152,0,0,0,0,0.115673126783798,-0.0743296110249058,0,0,0
0.0399485916683184,-0.0206940368852119,-0.0109311426251094,-0.139301804772434,0,0,0.101984289424807,0,-0.0487365066374504,0,-0.0480000652335313,0,0,0,0,-0.0544010818860158,0.0519929145856342,0,0,0,0,0,-0.0416393812956864,0,0,0.0972378775786913,0,0.220748465762643,0,0,0,0.152447406512923,0,0.00644555621507781,-0.120851249568344,0,0,0,1.62554724076906,0,0,0,0,-0.0529711363849268,0,0,0,0,-0.425525321228345,0,-0.000325991772018111,0,0,0,0,0.363287178487826,0,0,0.0309900465785612,0,0,0,-0.0666770930023297,0,0,0.089654804072761,0.0477632031894658,0,0,-0.0599139997294982,0,0,0,0,-0.0519235220706968,-0.203541369974138,0,-0.299481274690267,0,0.00855044009213916,-0.0245414504860768,-0.0811104166018193,-0.0396179222677241,-0.0268364568964965,0,0.0373090169542421,0,0.205944118849441,0,0,0,0,-0.0359719048867568,0,0,-0.113408041547578,0,0,0,0
0,0,-0.0253786184249278,0.154835011748788,0.0479383963544838,-0.019393292995043,0,0.0247202167388343,0,0,0,0,0.0635985092571528,0,0.0258175241072244,0,0,0,0,-0.125569167918508,-0.0225178922630261,0,0,-0.108412720299777,0,0,0,0,0,0,0,0,0,0,0,0,0,0.0590512089199711,0,1.24155963841218,-0.0115439926288724,0,0,0,0.0367181778270337,0,0,0,0,-0.151315915537259,0,0,0,0,0,0.00709384342331,0,0,0.0428348126031678,0.0171847186674488,0,-0.0785207001794537,0,0,0,-0.287776305165746,0.132895571681924,-0.0320930549048867,0,-0.0313400791333085,0,0,0,0,0,0.0759543151607032,0,0.0380950076396803,0,0,0,0,0,0,0,0.0621353848238989,0,0,0,0,0,0,0,0,0,0,-0.169008866792726,0.0242008494677242,-0.0932366827078483,0
0.0537716689130899,0,-0.0415763291419331,0,0,0,-0.0364431301902614,0,-0.0910500843858592,-0.00950569247221128,0,0,0,0,0.0396397648009794,0,0,0,0,0,0,-0.00143316989248263,0,-0.0526012886808962,0,0,-0.136694928715846,0,0,0,-0.0318545273160133,0,0,0,0,0,0,0.00606981113446628,0,-0.0115439926288724,1.22736291924597,0,-0.0197209369623206,0,0.0756552902002015,0,0,0.0149121918261635,-0.121328635849865,0,0.0824209686671843,0,0,0,0,0.0127816179773357,-0.0282230209170065,-0.0227279283772037,0,0,0,0,0,-0.000100058326858108,0,-0.273888456442937,0,0,-0.0139933396834508,0,0,0,-0.0214824366446578,0.0574547589977629,0,0.103908548933575,0,0,0,0,0,0,0,0,-0.185002049451099,0,0,0,0.0309672473942376,0,0,0,0,0,0,0,0,0,-0.0607292143924164,0.0116752541201512
0,-0.0261707274108059,-0.0975899109845572,0,0,0,0,0.0592528986980424,0,0,0,-0.00982605996514029,0,0,0,-0.0625914931934195,0,-0.0225615242333891,0,0,-0.0988752256178593,0,0,0,0,0,0,0,0,0,-0.0293197206644182,0.000913876884667033,0,0,0,0.0423595327534546,-0.0100169599269627,0,0,0,0,1.24029048431028,0.136574029377903,0,0,0,0,0.0110980790760653,0,0,-0.0510156830516876,0,0,0,0,0.00615608314613825,0,0,0,0,0.0790928482854973,0,0,0,0,0,0,0,0,0,0,0,0,0.18088710049723,0,0,0,0,0,-0.0307948950184179,0,0,0,-0.00786519346714478,0,0,0,0.343899892144107,0,0,0.0807322657939164,0.0800512291515946,0,0,0,-0.104897893332919,0.0358524223214828,0,0,0
0,0,0,0,-0.156402329670957,0,0,0,0.0701194133727458,0,-0.0321732738488568,0,-0.128825521339544,0,-0.0203679543215986,0,0,0,0,0,0.0728905935427507,0,0.0738130308054552,0.0542701162479041,0.180089789031595,0.0511219665679978,-0.0756678551509022,0,0,0,0,0,0,0,0,0,0,0,0,0,-0.0197209369623206,0.136574029377903,1.14813983449516,0.0389491954915295,0,0.0175127549197684,0,0,-0.014946912724091,0,0,0,-0.0439175990195887,0,0,-0.106285900537044,0,0,0,0,-0.0175753464524376,0,0,0,0,0,0,-0.0444975301502193,0,0,0,0,0,0,0,0,-0.0132403371868304,-0.060041430085278,-0.0245386998632203,0,0,0,0,0.00280349950173584,-0.0270277568286386,0,0,0,0,0,-0.0209336933523819,0,0,0,0,0,0,0,0,0
0.0418316083354326,-0.0516952115830284,0,0,0,0,0,0.00504832358682506,0,0,-0.0108155064288743,0,-0.00323188215903855,0,0,0,0,0.0366916009436563,0,-0.0136228095075655,0,0,0,0,-0.0228894463472906,0.117701409502049,0,0,0,0,-0.0720292818040697,0,0,0,0,0,0,0,-0.0529711363849268,0,0,0,0.0389491954915295,1.16055061936428,-0.0075656572910634,-0.108043877087632,0,0.00576688025338215,0,0,0,0,0.00346963834252326,0,0,0.0465287516080374,0,0,0,0,0,0.0269462239189588,0,0,0,0.000581479120977307,0,0,0,0,0,0,0,0.100911895609368,0,0,0,0,0,0,0,-0.174045782402768,0,-0.0109655525035656,0.150433544801108,0.0409496390094513,0,0,0,0,0,0,-0.0756626528761135,0,0.00338027438815531,0,0.165257589426654,-0.0423049456123933,0,0
0,0,0,-0.0911708438939596,0,0,0,0,-0.0303596032149416,0,0,0,-0.0292713696169809,0,0,0,0,0,0,0,0,-0.0232604643330114,0,0.0303237260017049,0,0,0,0.0580586668218512,0.0460167978314158,-0.169224700523735,0,0,0,0,0,0,0,0.0207937692703136,0,0.0367181778270337,0.0756552902002015,0,0,-0.0075656572910634,1.20206630299528,0,-0.00149332176804394,0.0281129597217873,0,0,0.00569108397503521,0,0,0.0194139700627422,0,0,0,-0.00603778544382972,0,0,0,-0.0137385745518488,0.0701447350742303,0,0.101182278732491,0,0.153106735953411,0,0.00265654885981754,0,-0.0758605793113656,-0.0193697812281115,-0.0219241802527582,0,0,-0.0184691036025826,-0.00186089054661691,-0.152624754673371,0,0,0,-0.0566900243174485,0,0,0,0,0,0,0,0,0.0134431200255672,0,0,-0.0798745219986659,0,0.0653570279437854,0,0,-0.178631983457728,-0.13942598135278
0,0.0510624481233511,0,0,0,-0.0121571817048411,0,0,-0.0588590714559868,0,0.00102564035217972,0,0,-0.0683360357306298,0.143535383288259,0.00381360079073385,-0.0889239735581651,0,0,-0.0344590529642547,0,0,0,-0.0924882897278535,0,0,0,0,0,0,-0.218647564979585,0.155435340954136,0,0.0113368155501726,-0.0337458964297396,0,0,0,0,0,0,0,0.0175127549197684,-0.108043877087632,0,1.38210631531964,0,0,0,0.0954801239543969,-0.165177793203757,0,0,0,0,-0.111254456220201,0,0,-0.1261653479371,0,-0.194732475691175,0,0,0,-0.0511975890634502,0.0124860798704428,0,0.0631746560966129,0,0.0700951716211343,-0.000208221944211506,-0.132450326058827,0.00533014171258789,0,0,-0.0583989844832646,0.0660274240963773,0.0735524237320748,-0.259752433617556,-0.012145223286343,0,0,0,-0.154657712928924,0,0,0.0846396018172205,0,-0.019163178545248,0,0,0,-0.0632872321161856,-0.0606612529552628,-0.0201135901912476,-0.00842775538100636,0,-0.0276742269264117,0,-0.0120471388244131
0,0.105044970733051,0,0.00183659083598747,0,0.130634104457364,0.0147881106728867,-0.103534245786809,0,0,0,0,0,0,0,0,0.0100336079282337,-0.0449387218010527,0.0390205396649929,0,0,0,0,0.0899804910593675,0,0,0.00843341336364497,-0.0871924287168924,0,0,0,0.0549058877956995,0,0,0,-0.176639216838329,0,0,0,0,0,0,0,0,-0.00149332176804394,0,1.16102560384719,0,0.226950166263359,0,0,0,0,0,0,0,0,-0.00894279792343308,0,0.0829664172534916,-0.0380377482801924,0,0,0,0,0,0,0.0161502934980732,0,0,0,0,0,-0.0193861540797327,0,0,0,0,0,-0.0191956784440935,0,0,0,0,-0.00500164449490073,0,0,0.031777245137604,-0.0695052073721737,0,0,0,0,0,0,0,0.0542846106955505,0,0,0
0,0.026459367748256,0.00708866699745294,0,-0.0653535336868324,0,0.016577672423537,0,0,0.0700061689963082,0,0.00101428033445968,0,-0.0102196916884667,-0.0499431092165191,0,0,0,0,0,0,0,0,0,0,0,0,0,0,0,0.0121986300934275,-0.0897098601047677,0,0.200638808207689,0,0,0,0,0,0,0.0149121918261635,0.0110980790760653,0,0.00576688025338215,0.0281129597217873,0,0,1.15629315906803,0,-0.0577556898787924,0,0,0,0,0,0,0,0,0,0.0577920010721929,0,0,0.087365106782744,0,0,-0.0388533774941471,0,0,0,0,0,0,0,0,0,0,0,0,-0.0046889503402211,0,0,-0.040926159556332,0.0382786962479377,0,0,0,0,-0.0354822072445826,0.101278263807365,0,0,0,-0.0672003030982725,0,0,0,-0.0523337363955758,0,0,0.242683026246956
0,0,0,0,0,0,0,-0.148827925301327,-0.0941774463809774,0,0,0.114154975541294,0,0,0,0,-0.0103543613682794,0,0.0262933924903866,0,0,-0.215441300175116,-0.00691906907704152,-0.0132384727192213,0,0.0862832037527516,0,0,0,0,0.0847537320389878,0.0463709695707766,0.060260065967933,0,0,0.250408159567748,0,0,-0.425525321228345,0,-0.121328635849865,0,-0.014946912724091,0,0,0,0.226950166263359,0,1.72791571833752,0,0,0,0,0,0,-0.113613613180725,-0.0265304906664268,0,0,-0.121446900664018,-0.327066705178185,0.150988883414907,0,0,0,0,0,-0.0253574470597383,-0.0604126512704245,-0.0396808022904027,0,0,0.0214263216187274,0,-0.0710527388020281,0,-0.248777301371829,0,0,0.0176006087146219,0,0,-0.0135892769779638,0,-0.0950292393851074,0,0,0,0,0.0678958322255195,-0.205756721883208,-0.116371788534151,0,-0.0171331837115148,0,0,0,0,0,0
0,0.0468937667095477,0,0.00108550540338623,-0.0498116689501778,0,-0.118526876284456,0,0,0,0,-0.0280562401581908,0,-0.116551119956226,0.0222120418294635,0,0,0,0,0,-0.0991931818823777,-0.0214600858511188,0,-0.014443190600507,0,0.0121072548256267,0,0,-0.0166653477671414,0,0,0,0,0,0.0448999484276041,0,-0.218481363777567,0,0,-0.151315915537259,0,0,0,0,0,0.0954801239543969,0,-0.0577556898787924,0,1.21991261357512,0.0613287344863111,0,0,0,0,0,-0.0298757373656162,0.0391656313143052,0,0.0267066825607958,0,0,0,0,0,0,0,0,0,-0.0359828945140183,-0.00982517660577957,-0.106370533532752,0,-0.166883231700375,-0.132222606542175,0,-0.0193478882088455,-0.0513274790064361,0,0,0,0,0,0,0,0.0517443630958374,0,0,0,0,0,0,-0.0732832034581123,0,0,-0.00068027400720262,0,0.0191648354837796,-0.0232525211881248,0
0,0,0,0,0.0135090732372675,0,0,0,0,0,0,0,0,-0.0500887885957164,-0.157917036011702,-0.126230396130219,0,-0.0447768592662366,-0.0591831973765898,0,0,-0.133001682504434,0,0,0,0,0.0677695660866908,0,0.00811459045487349,-0.0132175844959899,0,0.00992365549913206,-0.077903102902119,0,0,-0.0743589755716129,0.000709733274584432,0,-0.000325991772018111,0,0.0824209686671843,-0.0510156830516876,0,0,0.00569108397503521,-0.165177793203757,0,0,0,0.0613287344863111,1.19579330029861,-0.071276052334212,0,-0.124038658686323,0.0301549836516823,0.0669513461075446,0,0,0,0,0,0,0,0,0,0,0,0,0.161775182086222,0,0,0,0,-0.0837172865246356,0,0,0,0,0,0,0,0.081808877936219,0,-0.0304284340369138,0,0,-0.0153468983891772,0,0,-0.00527870715344428,0,0,0,0,0,0,-0.0544605474926588,-0.0489011532675944,0,0
-0.110971805855623,0.023291637519801,0,0,0,0,0,0.00579047114767444,0,-0.00111407451876682,0,-0.0829087670780785,0,0,-0.147913198932149,0,0,0,0,0,0.0859143965937796,0,0,0,0,0,0,-0.08100570681159,0.128412188819915,0,0,0,-0.0798857331715454,0,-0.0984684776626943,0,0,0,0,0,0,0,0,0,0,0,0,0,0,0,-0.071276052334212,1.31112155240072,0,0.0452265217279886,0.00252848362435081,0,-0.0205176099046723,0,-0.23081335443786,0,0,0,0.0307151319557148,0.0142404429234256,0,0,0,0,0,-0.00337547273757497,-0.0328959418399788,0,0,0,0,0,-0.0388000816967729,0.261462005818404,0,0,0,0,0,0,-0.0712460216860186,0,-0.137259768770773,-0.206924061558428,0,0,0,-0.060827322567476,0,-0.0623500988857889,0,0,0,-0.0128413087155852,0,0
