,V40,V26,V29,V14,V23,V36
V40,0.0,0.05675778171620116,0.05716111144707792,0.0,0.056757781716201716,0.05675778171620116
V26,0.05675778171620116,0.0,5.397014919195087e-06,0.48525828996048737,3.3306690738754696e-16,0.0
V29,0.05716111144707792,5.397014919195087e-06,0.0,0.4862891397882251,5.397014919084064e-06,5.397014919195087e-06
V14,0.0,0.48525828996048737,0.4862891397882251,0.0,0.48525828996048737,0.48525828996048737
V23,0.056757781716201716,3.3306690738754696e-16,5.397014919084064e-06,0.48525828996048737,0.0,3.3306690738754696e-16
V36,0.05675778171620116,0.0,5.397014919195087e-06,0.48525828996048737,3.3306690738754696e-16,0.0
